639 0
639 1
639 2
639 3
639 4
639 5
639 6
639 7
639 8
639 9
639 10
639 11
639 12
639 13
639 14
639 15
639 16
639 17
639 18
639 19
639 20
639 21
639 22
639 23
639 24
639 25
639 26
639 27
639 28
639 29
639 30
639 31
639 32
639 33
639 34
639 35
639 36
639 37
639 38
639 39
639 40
639 41
639 42
639 43
639 44
639 45
639 46
639 47
639 48
639 49
639 50
639 51
639 52
639 53
639 54
639 55
639 56
639 57
639 58
639 59
639 60
639 61
639 62
639 63
639 64
639 65
639 66
639 67
639 68
639 69
639 70
639 71
639 72
639 73
639 74
639 75
639 76
639 77
639 78
639 79
639 80
639 81
639 82
639 83
639 84
639 85
639 86
639 87
639 88
639 89
639 90
639 91
639 92
639 93
641 94
642 95
643 96
651 97
657 98
664 99
675 100
673 101
672 102
674 103
683 104
691 105
696 106
700 107
704 108
708 109
712 110
719 111
728 112
723 113
724 114
729 115
734 116
739 117
743 118
747 119
754 120
758 121
765 122
770 123
770 124
770 125
773 126
782 127
789 128
790 129
792 130
805 131
815 132
819 133
823 134
824 135
829 136
844 137
869 138
871 139
872 140
876 141
876 142
875 143
879 144
880 145
884 146
889 147
891 148
894 149
896 150
897 151
897 152
902 153
905 154
909 155
911 156
914 157
911 158
912 159
915 160
917 161
921 162
927 163
933 164
936 165
940 166
941 167
944 168
948 169
949 170
948 171
950 172
951 173
955 174
962 175
964 176
974 177
993 178
1005 179
1008 180
1010 181
1010 182
1011 183
1012 184
1016 185
1017 186
1019 187
1020 188
1021 189
1023 190
1026 191
1027 192
1039 193
1048 194
1054 195
1055 196
1054 197
1055 198
1067 199
1073 200
1089 201
1105 202
1106 203
1109 204
1121 205
1122 206
1127 207
1130 208
1137 209
1142 210
1151 211
1154 212
1153 213
1155 214
1163 215
1169 216
1170 217
1177 218
1172 219
1175 220
1176 221
1178 222
1183 223
1176 224
1183 225
1189 226
1192 227
1194 228
1200 229
1205 230
1199 231
1207 232
1215 233
1219 234
1222 235
1223 236
1229 237
1233 238
1238 239
1233 240
1237 241
1245 242
1255 243
1240 244
1249 245
1193 246
1089 247
1040 248
911 249
1004 250
875 252
976 253
917 254
957 255
969 256
908 257
908 258
1230 260
890 261
1152 262
1055 263
1206 264
1231 269
1231 270
1231 271
977 273
977 274
1243 279
1272 282
1237 288
1145 295
914 298
0 306
5 307
9 308
14 309
17 310
23 311
28 312
30 313
30 314
33 315
40 316
42 317
43 318
43 319
49 320
49 321
53 322
55 323
55 324
74 325
58 326
61 327
62 328
63 329
62 330
65 331
69 332
70 333
73 334
88 335
84 336
90 337
86 338
88 339
96 340
110 341
163 342
177 343
182 344
182 345
195 346
202 347
204 348
204 349
207 350
209 351
214 352
213 353
213 354
219 355
222 356
221 357
221 358
224 359
225 360
229 361
233 362
242 363
247 364
254 365
254 366
262 367
263 368
266 369
264 370
264 371
267 372
269 373
271 374
271 375
275 376
280 377
282 378
287 379
290 380
290 381
292 382
291 383
290 384
293 385
294 386
297 387
302 388
305 389
305 390
303 391
309 392
314 393
315 394
315 395
316 396
315 397
317 398
321 399
322 400
324 401
324 402
325 403
324 404
323 405
324 406
324 407
318 408
319 409
318 410
321 411
326 412
324 413
323 414
323 415
324 416
330 417
322 418
320 419
323 420
327 421
324 422
326 423
322 424
326 425
327 426
330 427
331 428
339 429
345 430
360 431
386 432
391 433
391 434
401 435
420 436
429 437
429 438
432 439
442 440
472 441
478 442
479 443
493 444
488 445
474 446
472 447
498 448
513 449
519 450
517 451
517 452
520 453
521 454
515 455
536 456
541 457
540 458
539 459
540 460
538 461
538 462
536 463
540 464
540 465
536 466
538 467
544 468
546 469
545 470
539 471
549 472
549 473
550 474
540 475
542 476
547 477
549 478
548 479
550 480
541 481
542 482
549 483
552 484
556 485
551 486
546 487
545 488
547 489
549 490
550 491
547 492
536 493
526 494
525 495
528 496
532 497
534 498
537 499
544 500
542 501
543 502
546 503
549 504
549 505
547 506
551 507
549 508
550 509
549 510
551 511
554 512
560 513
564 514
561 515
563 516
564 517
567 518
568 519
581 520
583 521
586 522
587 523
589 524
594 525
598 526
602 527
603 528
603 529
604 530
604 531
606 532
606 533
607 534
609 535
611 536
603 537
600 538
599 539
601 540
601 541
602 542
601 543
598 544
595 545
597 546
598 547
597 548
595 549
596 550
596 551
598 552
598 553
598 554
598 555
599 556
601 557
599 558
600 559
599 560
601 561
604 562
608 563
609 564
610 565
607 566
608 567
611 568
611 569
610 570
608 571
608 572
608 573
608 574
607 575
608 576
607 577
607 578
605 579
604 580
605 581
604 582
605 583
605 584
606 585
605 586
605 587
607 588
610 589
611 590
607 591
612 592
614 593
614 594
616 595
617 596
619 597
620 598
620 599
617 600
621 601
621 602
622 603
624 604
624 605
628 606
627 607
629 608
630 609
631 610
633 611
634 612
635 613
633 614
631 615
633 616
634 617
634 618
633 619
631 620
631 621
631 622
630 623
632 624
632 625
629 626
630 627
629 628
628 629
630 630
628 631
629 632
629 633
630 634
629 635
631 636
631 637
631 638
629 639
628 640
630 641
631 642
632 643
629 644
628 645
633 646
632 647
631 648
632 649
632 650
633 651
630 652
632 653
631 654
628 655
624 656
626 657
626 658
627 659
627 660
624 661
620 662
613 663
622 664
618 665
622 666
624 667
619 668
623 669
619 670
614 671
619 672
620 673
619 674
619 675
616 676
613 677
609 678
612 679
615 680
618 681
615 682
617 683
618 684
611 685
609 686
617 687
614 688
620 689
618 690
619 691
621 692
612 693
613 694
621 695
614 696
614 697
605 698
605 699
605 700
607 701
609 702
603 703
610 704
603 705
596 706
596 707
605 708
600 709
595 710
601 711
592 712
596 713
593 714
591 715
592 716
595 717
603 718
606 719
