639 0
639 1
639 2
639 3
639 4
639 5
639 6
639 7
639 8
639 9
639 10
639 11
639 12
639 13
639 14
639 15
639 16
639 17
639 18
639 19
639 20
639 21
639 22
639 23
639 24
639 25
639 26
639 27
639 28
639 29
639 30
639 31
639 32
639 33
639 34
639 35
639 36
639 37
639 38
639 39
639 40
639 41
639 42
639 43
639 44
639 45
639 46
639 47
639 48
639 49
639 50
639 51
639 52
639 53
639 54
639 55
639 56
639 57
639 58
639 59
639 60
639 61
639 62
639 63
639 64
639 65
639 66
639 67
639 68
639 69
639 70
639 71
639 72
639 73
639 74
639 75
639 76
639 77
639 78
639 79
639 80
639 81
639 82
639 83
639 84
639 85
639 86
639 87
639 88
639 89
639 90
639 91
639 92
640 93
641 94
643 95
648 96
654 97
661 98
663 99
671 100
674 101
668 102
669 103
670 104
681 105
701 106
704 107
705 108
704 109
712 110
722 111
723 112
720 113
723 114
729 115
734 116
741 117
746 118
748 119
752 120
757 121
761 122
765 123
768 124
772 125
773 126
780 127
788 128
789 129
791 130
798 131
808 132
813 133
816 134
826 135
829 136
841 137
860 138
874 139
877 140
874 141
872 142
878 143
878 144
880 145
882 146
887 147
888 148
893 149
895 150
896 151
899 152
901 153
904 154
909 155
910 156
912 157
914 158
913 159
914 160
919 161
922 162
928 163
932 164
937 165
939 166
940 167
940 168
947 169
947 170
947 171
949 172
952 173
956 174
957 175
965 176
970 177
990 178
1005 179
1008 180
1010 181
1008 182
1011 183
1012 184
1013 185
1018 186
1019 187
1016 188
1020 189
1025 190
1025 191
1026 192
1031 193
1047 194
1054 195
1055 196
1055 197
1054 198
1063 199
1069 200
1086 201
1099 202
1106 203
1114 204
1118 205
1124 206
1126 207
1130 208
1137 209
1141 210
1148 211
1153 212
1154 213
1158 214
1161 215
1169 216
1175 217
1175 218
1174 219
1175 220
1176 221
1177 222
1185 223
1190 224
1188 225
1189 226
1189 227
1196 228
1203 229
1202 230
1208 231
1210 232
1215 233
1215 234
1219 235
1226 236
1232 237
1230 238
1222 239
1234 240
1246 241
1242 242
1250 243
1237 244
1250 245
1260 246
1197 247
1118 248
1202 254
1202 255
922 256
1238 263
1231 264
1215 267
1228 268
1227 269
1238 293
1193 296
1193 297
983 298
3 306
7 307
8 308
14 309
14 310
22 311
20 312
24 313
27 314
33 315
38 316
40 317
43 318
44 319
58 320
75 321
81 322
76 323
70 324
63 325
57 326
57 327
61 328
63 329
66 330
66 331
67 332
70 333
76 334
88 335
84 336
80 337
85 338
87 339
91 340
97 341
154 342
175 343
178 344
189 345
194 346
198 347
202 348
204 349
203 350
207 351
210 352
213 353
212 354
215 355
217 356
220 357
220 358
223 359
227 360
230 361
239 362
243 363
250 364
259 365
260 366
257 367
257 368
262 369
261 370
265 371
272 372
271 373
280 374
293 375
293 376
307 377
307 378
303 379
301 380
308 381
309 382
313 383
316 384
321 385
324 386
328 387
333 388
336 389
338 390
333 391
351 392
351 393
354 394
355 395
361 396
364 397
365 398
366 399
371 400
372 401
376 402
380 403
378 404
378 405
377 406
377 407
382 408
384 409
381 410
381 411
382 412
385 413
388 414
388 415
388 416
391 417
388 418
387 419
386 420
387 421
380 422
379 423
373 424
373 425
363 426
362 427
370 428
402 429
404 430
406 431
413 432
426 433
428 434
436 435
467 436
482 437
496 438
508 439
515 440
531 441
541 442
543 443
536 444
551 445
556 446
547 447
554 448
555 449
558 450
559 451
559 452
564 453
566 454
559 455
555 456
565 457
561 458
567 459
570 460
579 461
580 462
576 463
584 464
583 465
586 466
588 467
592 468
593 469
596 470
591 471
588 472
588 473
592 474
593 475
590 476
598 477
597 478
592 479
592 480
594 481
595 482
591 483
593 484
597 485
598 486
601 487
599 488
604 489
605 490
605 491
605 492
606 493
606 494
607 495
606 496
607 497
607 498
606 499
605 500
604 501
604 502
604 503
600 504
600 505
601 506
600 507
600 508
602 509
600 510
600 511
601 512
602 513
603 514
604 515
604 516
603 517
602 518
603 519
604 520
604 521
605 522
605 523
607 524
607 525
606 526
605 527
606 528
606 529
608 530
609 531
610 532
611 533
610 534
609 535
609 536
610 537
611 538
612 539
612 540
613 541
613 542
612 543
615 544
616 545
617 546
616 547
618 548
619 549
621 550
620 551
620 552
625 553
625 554
625 555
625 556
627 557
629 558
632 559
630 560
633 561
636 562
638 563
639 564
636 565
641 566
645 567
647 568
645 569
646 570
648 571
649 572
648 573
647 574
645 575
643 576
646 577
648 578
649 579
647 580
645 581
643 582
641 583
640 584
640 585
641 586
637 587
637 588
639 589
636 590
639 591
639 592
641 593
639 594
638 595
643 596
640 597
638 598
644 599
643 600
642 601
640 602
641 603
639 604
635 605
639 606
644 607
645 608
641 609
645 610
645 611
647 612
645 613
645 614
645 615
644 616
647 617
646 618
643 619
644 620
646 621
644 622
643 623
645 624
645 625
644 626
641 627
642 628
641 629
643 630
647 631
644 632
648 633
649 634
648 635
647 636
645 637
647 638
646 639
644 640
645 641
648 642
648 643
644 644
643 645
645 646
646 647
644 648
645 649
648 650
645 651
646 652
644 653
640 654
641 655
637 656
641 657
639 658
638 659
635 660
635 661
639 662
638 663
643 664
642 665
643 666
638 667
636 668
635 669
634 670
635 671
629 672
629 673
624 674
623 675
621 676
625 677
631 678
627 679
627 680
627 681
625 682
624 683
624 684
623 685
631 686
630 687
627 688
625 689
620 690
624 691
627 692
624 693
616 694
615 695
628 696
634 697
639 698
635 699
621 700
637 701
640 702
629 703
628 704
630 705
617 706
617 707
622 708
625 709
625 710
616 711
618 712
613 713
616 714
622 715
617 716
614 717
612 718
614 719
