639 0
639 1
639 2
639 3
639 4
639 5
639 6
639 7
639 8
639 9
639 10
639 11
639 12
639 13
639 14
639 15
639 16
639 17
639 18
639 19
639 20
639 21
639 22
639 23
639 24
639 25
639 26
639 27
639 28
639 29
639 30
639 31
639 32
639 33
639 34
639 35
639 36
639 37
639 38
639 39
639 40
639 41
639 42
639 43
639 44
639 45
639 46
639 47
639 48
639 49
639 50
639 51
639 52
639 53
639 54
639 55
639 56
639 57
639 58
639 59
639 60
639 61
639 62
639 63
639 64
639 65
639 66
639 67
639 68
639 69
639 70
639 71
639 72
639 73
639 74
639 75
639 76
639 77
639 78
639 79
639 80
639 81
639 82
639 83
639 84
639 85
639 86
639 87
639 88
639 89
639 90
639 91
639 92
640 93
641 94
643 95
647 96
652 97
656 98
659 99
668 100
670 101
670 102
671 103
679 104
688 105
696 106
698 107
703 108
708 109
711 110
720 111
723 112
726 113
725 114
721 115
731 116
739 117
744 118
744 119
745 120
754 121
766 122
767 123
770 124
770 125
777 126
784 127
787 128
787 129
790 130
806 131
814 132
815 133
815 134
825 135
837 136
849 137
868 138
870 139
874 140
876 141
875 142
873 143
875 144
879 145
883 146
890 147
891 148
894 149
898 150
897 151
898 152
904 153
906 154
910 155
912 156
912 157
911 158
914 159
914 160
917 161
922 162
925 163
935 164
937 165
938 166
943 167
946 168
947 169
947 170
948 171
948 172
952 173
956 174
963 175
966 176
981 177
999 178
1004 179
1009 180
1009 181
1009 182
1010 183
1010 184
1015 185
1015 186
1018 187
1020 188
1024 189
1026 190
1023 191
1025 192
1041 193
1051 194
1055 195
1056 196
1056 197
1059 198
1069 199
1077 200
1091 201
1101 202
1108 203
1117 204
1122 205
1126 206
1128 207
1130 208
1139 209
1143 210
1151 211
1149 212
1147 213
1152 214
1159 215
1169 216
1176 217
1172 218
1173 219
1177 220
1176 221
1181 222
1187 223
1186 224
1187 225
1188 226
1196 227
1198 228
1198 229
1203 230
1201 231
1210 232
1213 233
1219 234
1222 235
1218 236
1224 237
1221 238
1208 239
1192 240
1233 241
1228 242
1238 243
1262 244
1266 245
1273 246
1249 247
1217 248
1207 249
1279 250
1106 251
1279 252
1224 253
1169 254
756 255
936 256
1160 258
1216 260
1225 261
1216 263
997 264
1006 267
876 268
897 269
1006 270
1075 271
1260 272
1243 275
1232 276
1200 295
968 296
969 297
2 305
102 306
59 307
11 308
15 309
19 310
25 311
27 312
27 313
32 314
37 315
38 316
62 317
65 318
57 319
55 320
51 321
54 322
77 323
93 324
100 325
106 326
106 327
100 328
107 329
86 330
88 331
82 332
73 333
75 334
90 335
92 336
106 337
88 338
92 339
96 340
159 341
174 342
182 343
191 344
196 345
197 346
199 347
204 348
207 349
209 350
211 351
221 352
215 353
218 354
217 355
219 356
221 357
222 358
228 359
226 360
233 361
239 362
243 363
248 364
254 365
257 366
259 367
264 368
265 369
268 370
268 371
271 372
272 373
273 374
277 375
275 376
280 377
284 378
287 379
290 380
294 381
295 382
295 383
295 384
299 385
304 386
309 387
308 388
309 389
310 390
314 391
316 392
316 393
320 394
323 395
323 396
330 397
324 398
321 399
326 400
331 401
334 402
332 403
329 404
329 405
332 406
337 407
335 408
336 409
335 410
337 411
337 412
337 413
341 414
345 415
346 416
342 417
344 418
348 419
347 420
353 421
360 422
360 423
356 424
359 425
362 426
390 427
409 428
428 429
432 430
435 431
455 432
474 433
487 434
492 435
504 436
508 437
513 438
529 439
536 440
534 441
540 442
552 443
550 444
554 445
562 446
571 447
576 448
575 449
574 450
572 451
568 452
566 453
571 454
566 455
570 456
572 457
573 458
570 459
573 460
573 461
576 462
575 463
578 464
582 465
582 466
582 467
583 468
579 469
581 470
584 471
585 472
581 473
586 474
587 475
591 476
595 477
600 478
599 479
600 480
601 481
598 482
604 483
599 484
597 485
598 486
601 487
599 488
600 489
602 490
601 491
603 492
604 493
601 494
598 495
600 496
601 497
602 498
602 499
601 500
601 501
602 502
600 503
604 504
605 505
605 506
606 507
606 508
605 509
607 510
607 511
609 512
611 513
611 514
611 515
612 516
614 517
615 518
615 519
616 520
616 521
615 522
614 523
615 524
616 525
617 526
618 527
618 528
618 529
619 530
617 531
618 532
615 533
617 534
615 535
617 536
616 537
617 538
614 539
613 540
614 541
615 542
615 543
617 544
615 545
618 546
618 547
618 548
619 549
620 550
619 551
621 552
622 553
621 554
622 555
629 556
627 557
629 558
631 559
630 560
632 561
634 562
634 563
634 564
634 565
635 566
636 567
636 568
636 569
636 570
636 571
636 572
637 573
637 574
634 575
636 576
637 577
638 578
637 579
636 580
636 581
636 582
636 583
637 584
637 585
637 586
637 587
637 588
636 589
637 590
636 591
637 592
637 593
635 594
636 595
636 596
636 597
636 598
634 599
636 600
635 601
636 602
636 603
636 604
636 605
636 606
635 607
635 608
637 609
637 610
637 611
637 612
636 613
637 614
634 615
638 616
637 617
638 618
637 619
637 620
636 621
637 622
637 623
637 624
638 625
638 626
638 627
637 628
636 629
638 630
638 631
637 632
635 633
636 634
636 635
633 636
632 637
633 638
632 639
635 640
636 641
636 642
635 643
636 644
635 645
636 646
633 647
636 648
637 649
634 650
633 651
633 652
634 653
634 654
634 655
635 656
632 657
630 658
633 659
633 660
629 661
633 662
629 663
627 664
627 665
629 666
627 667
627 668
623 669
628 670
622 671
622 672
625 673
624 674
624 675
623 676
623 677
620 678
618 679
620 680
625 681
622 682
619 683
615 684
616 685
619 686
622 687
617 688
618 689
618 690
620 691
613 692
611 693
619 694
616 695
610 696
610 697
613 698
614 699
614 700
611 701
610 702
609 703
606 704
606 705
608 706
605 707
614 708
615 709
614 710
603 711
588 712
594 713
593 714
589 715
589 716
584 717
592 718
598 719
