639 0
639 1
639 2
639 3
639 4
639 5
639 6
639 7
639 8
639 9
639 10
639 11
639 12
639 13
639 14
639 15
639 16
639 17
639 18
639 19
639 20
639 21
639 22
639 23
639 24
639 25
639 26
639 27
639 28
639 29
639 30
639 31
639 32
639 33
639 34
639 35
639 36
639 37
639 38
639 39
639 40
639 41
639 42
639 43
639 44
639 45
639 46
639 47
639 48
639 49
639 50
639 51
639 52
639 53
639 54
639 55
639 56
639 57
639 58
639 59
639 60
639 61
639 62
639 63
639 64
639 65
639 66
639 67
639 68
639 69
639 70
639 71
639 72
639 73
639 74
639 75
639 76
639 77
639 78
639 79
639 80
639 81
639 82
639 83
639 84
639 85
639 86
639 87
639 88
639 89
639 90
639 91
639 92
641 93
642 94
642 95
646 96
650 97
664 98
666 99
669 100
671 101
667 102
672 103
681 104
688 105
692 106
695 107
699 108
706 109
720 110
718 111
724 112
724 113
726 114
726 115
731 116
744 117
749 118
749 119
752 120
757 121
762 122
766 123
769 124
773 125
777 126
784 127
786 128
789 129
791 130
801 131
809 132
817 133
819 134
823 135
831 136
846 137
866 138
865 139
871 140
872 141
873 142
875 143
877 144
882 145
884 146
889 147
893 148
894 149
895 150
897 151
900 152
904 153
907 154
909 155
911 156
912 157
913 158
915 159
915 160
915 161
920 162
930 163
936 164
937 165
940 166
943 167
941 168
948 169
948 170
948 171
949 172
950 173
955 174
961 175
968 176
981 177
998 178
1003 179
1008 180
1007 181
1009 182
1013 183
1015 184
1016 185
1016 186
1016 187
1018 188
1022 189
1026 190
1025 191
1026 192
1042 193
1049 194
1056 195
1055 196
1054 197
1060 198
1067 199
1074 200
1088 201
1100 202
1108 203
1111 204
1119 205
1125 206
1129 207
1131 208
1141 209
1145 210
1153 211
1153 212
1152 213
1159 214
1167 215
1166 216
1169 217
1173 218
1171 219
1175 220
1177 221
1180 222
1187 223
1182 224
1190 225
1192 226
1194 227
1195 228
1199 229
1204 230
1207 231
1207 232
1215 233
1219 234
1222 235
1222 236
1224 237
1222 238
1199 239
1218 240
1224 241
1225 242
1243 243
1244 244
1233 245
1209 246
1173 247
1270 248
1272 249
1183 250
1183 251
760 252
843 253
966 254
1088 256
1247 261
852 263
1044 264
1074 267
896 268
896 269
904 270
899 271
1270 276
1261 278
1272 280
1165 285
1165 286
1165 287
796 303
2 305
83 306
8 307
11 308
42 309
21 310
48 311
29 312
44 313
34 314
38 315
40 316
44 317
47 318
63 319
68 320
67 321
75 322
88 323
89 324
89 325
103 326
107 327
107 328
86 329
85 330
87 331
82 332
78 333
75 334
78 335
92 336
94 337
89 338
92 339
100 340
152 341
175 342
184 343
188 344
194 345
197 346
201 347
205 348
208 349
209 350
211 351
214 352
215 353
219 354
218 355
219 356
222 357
225 358
224 359
229 360
234 361
237 362
241 363
250 364
253 365
256 366
260 367
261 368
262 369
264 370
268 371
268 372
272 373
275 374
274 375
279 376
281 377
283 378
286 379
287 380
290 381
296 382
300 383
295 384
300 385
304 386
305 387
308 388
309 389
310 390
312 391
316 392
315 393
315 394
317 395
321 396
322 397
327 398
326 399
324 400
323 401
326 402
332 403
333 404
329 405
332 406
332 407
333 408
329 409
337 410
339 411
340 412
341 413
342 414
343 415
346 416
346 417
346 418
346 419
344 420
349 421
354 422
353 423
358 424
361 425
369 426
390 427
412 428
422 429
434 430
438 431
452 432
474 433
491 434
494 435
509 436
513 437
516 438
520 439
531 440
548 441
551 442
549 443
551 444
555 445
567 446
573 447
576 448
578 449
578 450
575 451
574 452
567 453
566 454
565 455
569 456
573 457
569 458
571 459
573 460
571 461
575 462
583 463
582 464
584 465
581 466
579 467
584 468
584 469
588 470
583 471
588 472
594 473
593 474
594 475
597 476
598 477
600 478
599 479
604 480
596 481
597 482
599 483
599 484
600 485
597 486
595 487
600 488
599 489
601 490
603 491
603 492
602 493
598 494
598 495
598 496
599 497
597 498
600 499
601 500
602 501
602 502
603 503
604 504
605 505
605 506
603 507
603 508
608 509
609 510
607 511
608 512
611 513
611 514
614 515
614 516
617 517
614 518
616 519
613 520
615 521
614 522
615 523
615 524
616 525
618 526
618 527
618 528
618 529
618 530
618 531
618 532
618 533
618 534
616 535
616 536
617 537
618 538
617 539
616 540
614 541
616 542
617 543
616 544
619 545
620 546
618 547
619 548
621 549
621 550
620 551
620 552
620 553
624 554
623 555
626 556
628 557
630 558
631 559
632 560
632 561
632 562
633 563
635 564
635 565
634 566
636 567
636 568
637 569
635 570
636 571
637 572
637 573
637 574
637 575
637 576
638 577
638 578
637 579
637 580
637 581
637 582
637 583
638 584
637 585
636 586
635 587
636 588
637 589
637 590
636 591
636 592
637 593
636 594
637 595
636 596
637 597
637 598
636 599
635 600
634 601
636 602
637 603
637 604
637 605
637 606
638 607
637 608
637 609
637 610
638 611
638 612
637 613
637 614
637 615
637 616
638 617
638 618
637 619
637 620
635 621
637 622
636 623
637 624
638 625
638 626
638 627
637 628
637 629
638 630
637 631
637 632
636 633
636 634
636 635
633 636
633 637
634 638
632 639
633 640
635 641
636 642
637 643
635 644
635 645
636 646
632 647
636 648
634 649
632 650
635 651
634 652
634 653
633 654
630 655
636 656
635 657
634 658
636 659
634 660
628 661
628 662
628 663
622 664
628 665
628 666
625 667
628 668
626 669
625 670
619 671
622 672
624 673
626 674
624 675
620 676
619 677
621 678
619 679
620 680
622 681
618 682
619 683
621 684
621 685
622 686
619 687
617 688
616 689
616 690
610 691
606 692
609 693
615 694
617 695
612 696
605 697
611 698
613 699
608 700
610 701
612 702
614 703
605 704
604 705
607 706
607 707
612 708
616 709
618 710
611 711
598 712
599 713
595 714
598 715
592 716
587 717
596 718
610 719
