639 0
639 1
639 2
639 3
639 4
639 5
639 6
639 7
639 8
639 9
639 10
639 11
639 12
639 13
639 14
639 15
639 16
639 17
639 18
639 19
639 20
639 21
639 22
639 23
639 24
639 25
639 26
639 27
639 28
639 29
639 30
639 31
639 32
639 33
639 34
639 35
639 36
639 37
639 38
639 39
639 40
639 41
639 42
639 43
639 44
639 45
639 46
639 47
639 48
639 49
639 50
639 51
639 52
639 53
639 54
639 55
639 56
639 57
639 58
639 59
639 60
639 61
639 62
639 63
639 64
639 65
639 66
639 67
639 68
639 69
639 70
639 71
639 72
639 73
639 74
639 75
639 76
639 77
639 78
639 79
639 80
639 81
639 82
639 83
639 84
639 85
639 86
639 87
639 88
639 89
639 90
639 91
639 92
640 93
642 94
643 95
644 96
655 97
662 98
663 99
668 100
669 101
668 102
673 103
686 104
690 105
692 106
694 107
704 108
708 109
709 110
709 111
726 112
728 113
724 114
725 115
734 116
743 117
749 118
747 119
755 120
758 121
765 122
766 123
769 124
770 125
774 126
785 127
787 128
787 129
794 130
803 131
811 132
818 133
818 134
820 135
837 136
855 137
870 138
869 139
869 140
872 141
877 142
875 143
877 144
880 145
886 146
888 147
891 148
894 149
894 150
897 151
901 152
904 153
908 154
910 155
911 156
913 157
914 158
914 159
919 160
920 161
922 162
929 163
935 164
936 165
940 166
941 167
947 168
946 169
948 170
948 171
950 172
953 173
955 174
960 175
974 176
983 177
994 178
1001 179
1006 180
1010 181
1010 182
1012 183
1013 184
1014 185
1015 186
1017 187
1017 188
1022 189
1025 190
1026 191
1026 192
1043 193
1049 194
1055 195
1056 196
1053 197
1058 198
1068 199
1076 200
1097 201
1106 202
1107 203
1115 204
1120 205
1125 206
1129 207
1132 208
1138 209
1146 210
1153 211
1156 212
1156 213
1158 214
1167 215
1172 216
1175 217
1175 218
1173 219
1175 220
1177 221
1180 222
1183 223
1184 224
1189 225
1189 226
1195 227
1199 228
1203 229
1207 230
1209 231
1205 232
1214 233
1218 234
1222 235
1218 236
1232 237
1215 238
1199 239
1206 240
1230 241
1227 242
1251 243
1263 244
1267 245
1260 246
1251 247
1268 248
1262 249
1162 250
762 252
762 253
790 255
1207 260
1243 261
1279 262
1239 263
855 264
991 265
897 266
900 267
949 268
898 269
898 270
1010 271
997 272
909 278
909 279
976 291
971 295
3 306
7 307
10 308
16 309
21 310
25 311
27 312
30 313
34 314
38 315
39 316
43 317
54 318
66 319
67 320
69 321
77 322
98 323
91 324
90 325
72 326
85 327
80 328
106 329
107 330
103 331
103 332
73 333
75 334
77 335
92 336
87 337
96 338
94 339
99 340
160 341
177 342
182 343
192 344
200 345
203 346
205 347
205 348
207 349
209 350
211 351
212 352
215 353
217 354
218 355
219 356
221 357
223 358
223 359
230 360
231 361
237 362
245 363
251 364
254 365
256 366
258 367
260 368
261 369
264 370
267 371
269 372
271 373
273 374
275 375
276 376
281 377
284 378
286 379
288 380
289 381
296 382
296 383
298 384
302 385
305 386
306 387
310 388
308 389
310 390
313 391
315 392
318 393
318 394
318 395
314 396
317 397
319 398
319 399
320 400
325 401
329 402
332 403
334 404
331 405
332 406
332 407
335 408
334 409
336 410
339 411
340 412
340 413
342 414
344 415
343 416
341 417
343 418
345 419
349 420
350 421
357 422
358 423
355 424
357 425
364 426
391 427
411 428
425 429
431 430
435 431
449 432
470 433
490 434
489 435
498 436
510 437
514 438
521 439
529 440
541 441
544 442
542 443
554 444
561 445
560 446
550 447
569 448
579 449
582 450
578 451
579 452
571 453
571 454
570 455
570 456
570 457
564 458
565 459
564 460
564 461
574 462
575 463
579 464
580 465
580 466
576 467
580 468
582 469
588 470
588 471
592 472
593 473
591 474
589 475
590 476
593 477
599 478
603 479
598 480
601 481
598 482
594 483
597 484
600 485
598 486
596 487
597 488
599 489
600 490
600 491
600 492
602 493
599 494
599 495
598 496
600 497
600 498
600 499
601 500
602 501
603 502
603 503
604 504
604 505
606 506
606 507
605 508
604 509
606 510
607 511
608 512
610 513
610 514
612 515
614 516
614 517
615 518
616 519
617 520
614 521
613 522
613 523
613 524
614 525
615 526
615 527
617 528
618 529
618 530
618 531
617 532
616 533
617 534
616 535
615 536
614 537
615 538
615 539
615 540
615 541
616 542
616 543
616 544
616 545
617 546
617 547
619 548
620 549
620 550
620 551
620 552
621 553
622 554
622 555
627 556
629 557
630 558
631 559
630 560
632 561
633 562
633 563
634 564
634 565
633 566
633 567
636 568
636 569
636 570
636 571
637 572
637 573
637 574
637 575
637 576
637 577
637 578
637 579
636 580
637 581
637 582
636 583
637 584
637 585
637 586
636 587
637 588
637 589
637 590
636 591
636 592
637 593
637 594
635 595
637 596
637 597
637 598
633 599
634 600
637 601
636 602
637 603
637 604
636 605
635 606
637 607
634 608
637 609
637 610
636 611
636 612
637 613
638 614
635 615
636 616
638 617
638 618
638 619
636 620
636 621
637 622
636 623
636 624
638 625
637 626
635 627
637 628
634 629
637 630
636 631
637 632
634 633
638 634
636 635
632 636
629 637
632 638
631 639
636 640
633 641
635 642
637 643
634 644
633 645
638 646
634 647
632 648
634 649
633 650
633 651
635 652
635 653
634 654
633 655
633 656
636 657
634 658
632 659
632 660
633 661
632 662
631 663
621 664
623 665
625 666
628 667
629 668
628 669
628 670
625 671
623 672
624 673
623 674
622 675
623 676
620 677
619 678
621 679
622 680
624 681
622 682
624 683
625 684
622 685
622 686
618 687
625 688
627 689
626 690
622 691
618 692
615 693
613 694
614 695
615 696
622 697
620 698
613 699
609 700
609 701
611 702
610 703
607 704
601 705
605 706
614 707
619 708
612 709
609 710
598 711
600 712
605 713
605 714
612 715
603 716
595 717
592 718
600 719
