639 0
639 1
639 2
639 3
639 4
639 5
639 6
639 7
639 8
639 9
639 10
639 11
639 12
639 13
639 14
639 15
639 16
639 17
639 18
639 19
639 20
639 21
639 22
639 23
639 24
639 25
639 26
639 27
639 28
639 29
639 30
639 31
639 32
639 33
639 34
639 35
639 36
639 37
639 38
639 39
639 40
639 41
639 42
639 43
639 44
639 45
639 46
639 47
639 48
639 49
639 50
639 51
639 52
639 53
639 54
639 55
639 56
639 57
639 58
639 59
639 60
639 61
639 62
639 63
639 64
639 65
639 66
639 67
639 68
639 69
639 70
639 71
639 72
639 73
639 74
639 75
639 76
639 77
639 78
639 79
639 80
639 81
639 82
639 83
639 84
639 85
639 86
639 87
639 88
639 89
639 90
639 91
639 92
641 93
643 94
645 95
644 96
649 97
658 98
665 99
668 100
663 101
661 102
668 103
681 104
687 105
695 106
701 107
701 108
706 109
712 110
716 111
720 112
724 113
723 114
723 115
726 116
736 117
748 118
747 119
750 120
754 121
765 122
770 123
770 124
772 125
775 126
786 127
789 128
792 129
792 130
798 131
808 132
812 133
818 134
823 135
836 136
846 137
870 138
868 139
871 140
875 141
876 142
875 143
878 144
880 145
882 146
888 147
893 148
894 149
897 150
898 151
899 152
903 153
906 154
909 155
909 156
911 157
912 158
914 159
916 160
919 161
919 162
930 163
935 164
936 165
939 166
941 167
942 168
948 169
949 170
949 171
949 172
951 173
955 174
962 175
966 176
980 177
994 178
1000 179
1009 180
1010 181
1008 182
1011 183
1014 184
1015 185
1017 186
1017 187
1018 188
1024 189
1026 190
1024 191
1025 192
1043 193
1050 194
1055 195
1056 196
1056 197
1057 198
1066 199
1076 200
1094 201
1103 202
1104 203
1116 204
1123 205
1125 206
1129 207
1132 208
1141 209
1143 210
1148 211
1152 212
1157 213
1157 214
1152 215
1173 216
1173 217
1173 218
1173 219
1174 220
1177 221
1179 222
1187 223
1183 224
1187 225
1193 226
1195 227
1198 228
1204 229
1205 230
1208 231
1215 232
1217 233
1214 234
1215 235
1222 236
1224 237
1219 238
1219 239
1190 240
1209 241
1202 242
1206 243
1225 244
1270 245
1262 246
1187 247
1221 248
1175 250
1271 251
1273 252
1045 253
1179 254
1179 255
1003 256
1068 261
1197 263
897 264
897 265
897 266
906 267
1202 268
900 269
901 270
902 271
1111 279
1148 280
1277 281
1227 282
1272 284
1216 287
984 288
1200 298
799 302
799 303
538 304
161 305
6 306
8 307
11 308
15 309
20 310
50 311
28 312
31 313
34 314
36 315
41 316
44 317
65 318
73 319
76 320
69 321
90 322
75 323
77 324
71 325
60 326
68 327
76 328
90 329
90 330
86 331
75 332
91 333
87 334
89 335
92 336
89 337
93 338
93 339
96 340
159 341
178 342
183 343
188 344
196 345
200 346
200 347
204 348
207 349
211 350
216 351
217 352
217 353
217 354
218 355
219 356
221 357
225 358
228 359
227 360
232 361
237 362
245 363
251 364
253 365
257 366
259 367
261 368
263 369
264 370
265 371
269 372
271 373
273 374
277 375
277 376
281 377
284 378
286 379
288 380
290 381
291 382
295 383
302 384
305 385
307 386
310 387
308 388
306 389
312 390
314 391
316 392
313 393
316 394
324 395
324 396
325 397
324 398
329 399
330 400
337 401
337 402
332 403
332 404
333 405
336 406
334 407
336 408
330 409
340 410
342 411
341 412
340 413
342 414
341 415
345 416
346 417
343 418
347 419
351 420
349 421
354 422
357 423
360 424
362 425
369 426
394 427
412 428
422 429
431 430
442 431
456 432
475 433
488 434
499 435
509 436
510 437
523 438
522 439
535 440
544 441
544 442
553 443
556 444
558 445
556 446
560 447
571 448
575 449
576 450
576 451
576 452
570 453
569 454
563 455
569 456
567 457
567 458
570 459
568 460
571 461
572 462
576 463
576 464
578 465
583 466
578 467
580 468
585 469
589 470
589 471
595 472
592 473
592 474
593 475
592 476
597 477
600 478
597 479
600 480
597 481
594 482
600 483
600 484
596 485
597 486
600 487
602 488
602 489
599 490
602 491
603 492
602 493
604 494
601 495
600 496
600 497
600 498
600 499
601 500
602 501
603 502
604 503
605 504
604 505
604 506
605 507
605 508
605 509
608 510
610 511
609 512
610 513
610 514
611 515
613 516
612 517
614 518
617 519
615 520
613 521
614 522
614 523
615 524
617 525
617 526
616 527
617 528
617 529
618 530
619 531
620 532
620 533
616 534
617 535
617 536
617 537
615 538
614 539
614 540
613 541
615 542
616 543
616 544
616 545
616 546
618 547
618 548
619 549
619 550
621 551
621 552
620 553
621 554
622 555
622 556
626 557
628 558
629 559
629 560
630 561
633 562
634 563
634 564
635 565
636 566
637 567
637 568
637 569
637 570
637 571
637 572
637 573
637 574
636 575
637 576
638 577
638 578
636 579
637 580
637 581
637 582
637 583
637 584
637 585
637 586
637 587
636 588
636 589
637 590
636 591
636 592
636 593
636 594
637 595
636 596
637 597
638 598
637 599
637 600
637 601
637 602
637 603
636 604
635 605
637 606
636 607
636 608
637 609
638 610
638 611
638 612
638 613
636 614
636 615
638 616
638 617
637 618
637 619
638 620
638 621
636 622
636 623
638 624
638 625
638 626
637 627
637 628
635 629
636 630
638 631
638 632
637 633
638 634
632 635
631 636
630 637
630 638
633 639
632 640
634 641
636 642
633 643
636 644
637 645
637 646
633 647
632 648
633 649
635 650
636 651
637 652
637 653
633 654
631 655
631 656
633 657
632 658
633 659
633 660
634 661
634 662
631 663
628 664
628 665
628 666
626 667
629 668
626 669
627 670
624 671
624 672
626 673
628 674
623 675
622 676
626 677
624 678
620 679
617 680
617 681
623 682
625 683
623 684
615 685
620 686
622 687
625 688
624 689
620 690
619 691
619 692
612 693
617 694
618 695
618 696
614 697
611 698
614 699
613 700
608 701
609 702
607 703
612 704
618 705
609 706
598 707
613 708
616 709
615 710
606 711
598 712
604 713
610 714
607 715
602 716
606 717
607 718
613 719
