639 0
639 1
639 2
639 3
639 4
639 5
639 6
639 7
639 8
639 9
639 10
639 11
639 12
639 13
639 14
639 15
639 16
639 17
639 18
639 19
639 20
639 21
639 22
639 23
639 24
639 25
639 26
639 27
639 28
639 29
639 30
639 31
639 32
639 33
639 34
639 35
639 36
639 37
639 38
639 39
639 40
639 41
639 42
639 43
639 44
639 45
639 46
639 47
639 48
639 49
639 50
639 51
639 52
639 53
639 54
639 55
639 56
639 57
639 58
639 59
639 60
639 61
639 62
639 63
639 64
639 65
639 66
639 67
639 68
639 69
639 70
639 71
639 72
639 73
639 74
639 75
639 76
639 77
639 78
639 79
639 80
639 81
639 82
639 83
639 84
639 85
639 86
639 87
639 88
639 89
639 90
639 91
639 92
641 93
642 94
644 95
644 96
650 97
663 98
667 99
669 100
668 101
665 102
668 103
681 104
685 105
692 106
698 107
699 108
703 109
707 110
716 111
720 112
727 113
724 114
727 115
727 116
736 117
745 118
744 119
748 120
755 121
756 122
767 123
770 124
770 125
772 126
786 127
788 128
787 129
793 130
805 131
812 132
814 133
817 134
823 135
836 136
850 137
864 138
867 139
872 140
874 141
874 142
873 143
876 144
879 145
884 146
889 147
893 148
894 149
894 150
898 151
901 152
904 153
907 154
910 155
911 156
911 157
911 158
912 159
916 160
920 161
921 162
925 163
936 164
936 165
940 166
940 167
942 168
946 169
948 170
949 171
950 172
953 173
956 174
964 175
965 176
979 177
1000 178
1002 179
1009 180
1009 181
1010 182
1011 183
1014 184
1015 185
1016 186
1016 187
1020 188
1022 189
1024 190
1025 191
1028 192
1041 193
1049 194
1054 195
1055 196
1055 197
1056 198
1070 199
1076 200
1088 201
1099 202
1101 203
1117 204
1123 205
1125 206
1128 207
1131 208
1139 209
1141 210
1153 211
1155 212
1154 213
1156 214
1161 215
1171 216
1172 217
1172 218
1173 219
1174 220
1175 221
1175 222
1184 223
1180 224
1183 225
1187 226
1193 227
1198 228
1202 229
1206 230
1208 231
1212 232
1219 233
1221 234
1213 235
1221 236
1222 237
1222 238
1217 239
1192 240
1221 241
1214 242
1255 243
1251 244
1235 245
1234 246
1246 247
1159 248
1274 250
1274 251
1162 255
975 256
1215 258
1242 259
855 263
1251 264
1224 265
897 266
899 267
898 268
901 269
899 270
900 272
901 273
901 274
1087 277
1271 278
1203 279
1263 280
1276 282
1216 291
1199 296
1152 303
1 305
270 306
147 307
13 308
82 309
46 310
54 311
27 312
30 313
36 314
37 315
40 316
64 317
84 318
101 319
83 320
78 321
77 322
91 323
82 324
89 325
116 326
108 327
128 328
110 329
108 330
103 331
94 332
89 333
91 334
99 335
116 336
89 337
86 338
92 339
94 340
158 341
173 342
181 343
188 344
198 345
202 346
205 347
204 348
206 349
209 350
211 351
213 352
215 353
217 354
218 355
220 356
220 357
221 358
224 359
229 360
231 361
236 362
243 363
250 364
253 365
256 366
258 367
261 368
262 369
264 370
268 371
271 372
274 373
275 374
277 375
278 376
278 377
283 378
286 379
287 380
291 381
293 382
295 383
298 384
298 385
300 386
307 387
311 388
311 389
310 390
311 391
315 392
321 393
325 394
319 395
319 396
322 397
318 398
316 399
320 400
329 401
331 402
328 403
325 404
329 405
333 406
335 407
334 408
335 409
338 410
335 411
337 412
339 413
340 414
341 415
342 416
344 417
346 418
346 419
347 420
347 421
351 422
353 423
352 424
355 425
360 426
386 427
397 428
418 429
430 430
440 431
461 432
464 433
478 434
487 435
495 436
509 437
515 438
524 439
532 440
546 441
553 442
557 443
550 444
557 445
563 446
560 447
575 448
581 449
581 450
577 451
571 452
582 453
579 454
571 455
566 456
566 457
564 458
564 459
566 460
570 461
572 462
573 463
579 464
582 465
581 466
582 467
582 468
577 469
584 470
586 471
591 472
593 473
591 474
589 475
592 476
596 477
597 478
598 479
598 480
599 481
595 482
597 483
603 484
599 485
597 486
596 487
598 488
602 489
605 490
603 491
604 492
602 493
601 494
599 495
596 496
598 497
599 498
600 499
601 500
601 501
601 502
602 503
603 504
603 505
603 506
603 507
604 508
603 509
605 510
606 511
608 512
609 513
610 514
610 515
612 516
614 517
614 518
615 519
618 520
617 521
614 522
616 523
613 524
614 525
615 526
618 527
616 528
617 529
619 530
619 531
617 532
618 533
619 534
617 535
621 536
618 537
615 538
614 539
614 540
614 541
615 542
615 543
617 544
618 545
617 546
618 547
618 548
617 549
619 550
619 551
619 552
620 553
621 554
622 555
624 556
628 557
628 558
628 559
630 560
632 561
634 562
634 563
633 564
634 565
634 566
634 567
636 568
637 569
637 570
637 571
637 572
637 573
637 574
636 575
636 576
636 577
637 578
637 579
638 580
637 581
638 582
636 583
638 584
637 585
637 586
637 587
638 588
638 589
637 590
636 591
636 592
635 593
636 594
635 595
637 596
636 597
636 598
636 599
636 600
635 601
636 602
638 603
637 604
638 605
636 606
636 607
637 608
636 609
636 610
638 611
638 612
636 613
637 614
636 615
638 616
637 617
638 618
638 619
638 620
638 621
637 622
636 623
637 624
636 625
638 626
638 627
637 628
637 629
634 630
635 631
637 632
638 633
636 634
636 635
637 636
635 637
633 638
631 639
634 640
635 641
633 642
634 643
636 644
634 645
635 646
636 647
633 648
635 649
633 650
635 651
635 652
635 653
634 654
635 655
634 656
631 657
631 658
633 659
633 660
634 661
632 662
629 663
625 664
627 665
629 666
628 667
627 668
624 669
627 670
623 671
626 672
626 673
624 674
624 675
622 676
624 677
623 678
618 679
619 680
622 681
620 682
619 683
621 684
618 685
621 686
615 687
615 688
620 689
616 690
609 691
614 692
625 693
622 694
615 695
614 696
617 697
614 698
604 699
607 700
612 701
618 702
618 703
610 704
607 705
606 706
615 707
608 708
612 709
613 710
602 711
609 712
607 713
607 714
604 715
594 716
590 717
601 718
606 719
