639 0
639 1
639 2
639 3
639 4
639 5
639 6
639 7
639 8
639 9
639 10
639 11
639 12
639 13
639 14
639 15
639 16
639 17
639 18
639 19
639 20
639 21
639 22
639 23
639 24
639 25
639 26
639 27
639 28
639 29
639 30
639 31
639 32
639 33
639 34
639 35
639 36
639 37
639 38
639 39
639 40
639 41
639 42
639 43
639 44
639 45
639 46
639 47
639 48
639 49
639 50
639 51
639 52
639 53
639 54
639 55
639 56
639 57
639 58
639 59
639 60
639 61
639 62
639 63
639 64
639 65
639 66
639 67
639 68
639 69
639 70
639 71
639 72
639 73
639 74
639 75
639 76
639 77
639 78
639 79
639 80
639 81
639 82
639 83
639 84
639 85
639 86
639 87
639 88
639 89
639 90
639 91
639 92
640 93
641 94
643 95
649 96
657 97
658 98
664 99
676 100
672 101
671 102
672 103
680 104
697 105
704 106
701 107
706 108
714 109
717 110
726 111
728 112
729 113
730 114
730 115
736 116
745 117
753 118
751 119
750 120
755 121
761 122
770 123
769 124
768 125
773 126
784 127
790 128
791 129
796 130
810 131
814 132
814 133
823 134
826 135
833 136
848 137
866 138
866 139
870 140
873 141
876 142
875 143
878 144
880 145
884 146
889 147
891 148
891 149
895 150
897 151
899 152
903 153
905 154
909 155
910 156
911 157
912 158
915 159
916 160
920 161
923 162
928 163
934 164
935 165
939 166
940 167
944 168
948 169
949 170
950 171
950 172
952 173
954 174
959 175
964 176
975 177
991 178
1001 179
1008 180
1009 181
1008 182
1012 183
1012 184
1014 185
1018 186
1018 187
1018 188
1022 189
1027 190
1027 191
1026 192
1036 193
1047 194
1057 195
1060 196
1060 197
1064 198
1070 199
1076 200
1091 201
1108 202
1112 203
1115 204
1119 205
1123 206
1128 207
1129 208
1138 209
1144 210
1152 211
1153 212
1151 213
1155 214
1163 215
1164 216
1176 217
1176 218
1178 219
1176 220
1176 221
1177 222
1186 223
1186 224
1192 225
1192 226
1195 227
1198 228
1204 229
1206 230
1209 231
1211 232
1215 233
1216 234
1224 235
1226 236
1229 237
1234 238
1232 239
1238 240
1248 241
1253 242
1250 243
1252 244
1261 245
1271 246
1134 247
1132 248
1071 249
1104 250
1124 251
1279 252
969 254
976 255
1107 256
1046 258
1004 259
1042 261
1080 263
1215 266
1099 267
1020 269
987 270
980 271
980 272
1146 273
1024 274
1271 276
1149 280
1187 281
1088 282
1087 283
1257 284
1257 285
1256 286
1111 293
968 301
1073 303
0 304
1074 305
752 306
106 307
82 308
115 309
102 310
72 311
84 312
48 313
32 314
35 315
39 316
41 317
43 318
47 319
48 320
60 321
70 322
71 323
64 324
58 325
58 326
60 327
84 328
78 329
87 330
74 331
69 332
72 333
73 334
90 335
85 336
82 337
85 338
89 339
94 340
116 341
167 342
182 343
185 344
193 345
195 346
199 347
199 348
205 349
208 350
211 351
213 352
213 353
215 354
218 355
219 356
220 357
221 358
222 359
225 360
229 361
234 362
241 363
251 364
253 365
255 366
260 367
260 368
262 369
264 370
265 371
268 372
268 373
275 374
275 375
276 376
280 377
281 378
285 379
287 380
289 381
292 382
292 383
291 384
294 385
296 386
299 387
302 388
300 389
306 390
306 391
312 392
315 393
316 394
318 395
316 396
322 397
324 398
325 399
328 400
329 401
333 402
339 403
340 404
342 405
343 406
342 407
344 408
350 409
352 410
358 411
354 412
356 413
363 414
367 415
364 416
369 417
375 418
381 419
384 420
381 421
388 422
398 423
406 424
409 425
409 426
412 427
419 428
424 429
425 430
425 431
414 432
421 433
419 434
418 435
425 436
418 437
428 438
438 439
452 440
445 441
449 442
465 443
488 444
494 445
496 446
493 447
509 448
500 449
510 450
513 451
518 452
525 453
531 454
518 455
519 456
519 457
515 458
513 459
522 460
519 461
519 462
516 463
527 464
536 465
540 466
536 467
530 468
532 469
525 470
519 471
521 472
518 473
514 474
514 475
520 476
525 477
528 478
524 479
536 480
537 481
542 482
548 483
555 484
560 485
562 486
560 487
565 488
568 489
567 490
567 491
567 492
569 493
565 494
563 495
565 496
564 497
565 498
565 499
567 500
566 501
565 502
563 503
565 504
564 505
566 506
571 507
575 508
578 509
582 510
588 511
592 512
593 513
593 514
594 515
596 516
596 517
596 518
596 519
596 520
596 521
596 522
596 523
595 524
590 525
593 526
599 527
602 528
602 529
601 530
601 531
603 532
603 533
603 534
604 535
602 536
603 537
603 538
605 539
605 540
603 541
601 542
600 543
601 544
601 545
601 546
601 547
601 548
600 549
600 550
602 551
601 552
600 553
598 554
601 555
603 556
602 557
600 558
599 559
600 560
599 561
598 562
598 563
599 564
597 565
596 566
597 567
597 568
597 569
595 570
595 571
594 572
593 573
594 574
595 575
592 576
595 577
596 578
595 579
596 580
595 581
599 582
602 583
602 584
597 585
594 586
595 587
598 588
599 589
599 590
599 591
600 592
603 593
603 594
605 595
604 596
605 597
606 598
608 599
606 600
606 601
608 602
609 603
608 604
613 605
616 606
614 607
616 608
617 609
619 610
622 611
624 612
621 613
622 614
622 615
629 616
633 617
634 618
632 619
632 620
631 621
632 622
631 623
629 624
631 625
631 626
633 627
633 628
632 629
633 630
629 631
630 632
630 633
630 634
631 635
630 636
626 637
628 638
625 639
628 640
630 641
629 642
628 643
625 644
625 645
623 646
624 647
624 648
624 649
621 650
625 651
622 652
623 653
624 654
621 655
624 656
627 657
628 658
625 659
625 660
623 661
623 662
619 663
622 664
622 665
622 666
623 667
620 668
621 669
620 670
617 671
615 672
622 673
620 674
612 675
615 676
616 677
613 678
608 679
617 680
618 681
614 682
615 683
608 684
608 685
608 686
609 687
612 688
608 689
613 690
608 691
599 692
597 693
600 694
606 695
600 696
603 697
597 698
597 699
598 700
599 701
596 702
585 703
595 704
586 705
583 706
587 707
587 708
582 709
580 710
582 711
582 712
558 713
557 714
570 715
565 716
568 717
586 718
592 719
