639 0
639 1
639 2
639 3
639 4
639 5
639 6
639 7
639 8
639 9
639 10
639 11
639 12
639 13
639 14
639 15
639 16
639 17
639 18
639 19
639 20
639 21
639 22
639 23
639 24
639 25
639 26
639 27
639 28
639 29
639 30
639 31
639 32
639 33
639 34
639 35
639 36
639 37
639 38
639 39
639 40
639 41
639 42
639 43
639 44
639 45
639 46
639 47
639 48
639 49
639 50
639 51
639 52
639 53
639 54
639 55
639 56
639 57
639 58
639 59
639 60
639 61
639 62
639 63
639 64
639 65
639 66
639 67
639 68
639 69
639 70
639 71
639 72
639 73
639 74
639 75
639 76
639 77
639 78
639 79
639 80
639 81
639 82
639 83
639 84
639 85
639 86
639 87
639 88
639 89
639 90
639 91
639 92
641 93
642 94
643 95
647 96
655 97
660 98
663 99
670 100
667 101
669 102
670 103
680 104
690 105
699 106
699 107
698 108
700 109
715 110
719 111
717 112
719 113
723 114
725 115
728 116
743 117
749 118
747 119
752 120
754 121
762 122
770 123
769 124
768 125
779 126
786 127
790 128
788 129
794 130
802 131
809 132
814 133
818 134
825 135
834 136
849 137
867 138
870 139
874 140
872 141
875 142
873 143
877 144
878 145
884 146
890 147
893 148
893 149
896 150
897 151
898 152
903 153
907 154
909 155
911 156
911 157
912 158
914 159
917 160
920 161
923 162
926 163
935 164
937 165
939 166
940 167
945 168
946 169
946 170
945 171
950 172
953 173
956 174
963 175
967 176
977 177
996 178
1006 179
1008 180
1008 181
1010 182
1009 183
1013 184
1015 185
1015 186
1017 187
1020 188
1023 189
1026 190
1028 191
1025 192
1042 193
1047 194
1055 195
1056 196
1056 197
1056 198
1064 199
1074 200
1089 201
1105 202
1105 203
1116 204
1120 205
1125 206
1128 207
1132 208
1139 209
1145 210
1153 211
1154 212
1155 213
1157 214
1157 215
1169 216
1169 217
1176 218
1172 219
1174 220
1176 221
1179 222
1185 223
1181 224
1186 225
1188 226
1191 227
1199 228
1195 229
1205 230
1205 231
1208 232
1215 233
1217 234
1218 235
1204 236
1224 237
1232 238
1223 239
1217 240
1243 241
1245 242
1256 243
1264 244
1259 245
1262 246
1225 247
1212 248
1272 249
1262 250
1262 251
910 253
1060 254
1022 255
756 256
1278 259
1271 260
1266 261
1256 262
1044 263
1277 264
1278 265
1033 266
897 267
869 268
896 269
897 270
1024 271
899 272
900 273
903 277
1179 283
982 295
1087 296
0 305
5 306
50 307
43 308
41 309
38 310
39 311
29 312
27 313
31 314
36 315
41 316
43 317
91 318
102 319
86 320
69 321
53 322
55 323
65 324
92 325
67 326
79 327
88 328
102 329
96 330
77 331
76 332
78 333
80 334
82 335
79 336
83 337
89 338
98 339
96 340
159 341
174 342
182 343
190 344
199 345
200 346
203 347
208 348
210 349
212 350
213 351
215 352
215 353
220 354
222 355
222 356
220 357
223 358
229 359
229 360
233 361
237 362
242 363
250 364
254 365
254 366
258 367
261 368
262 369
264 370
270 371
272 372
275 373
276 374
277 375
278 376
282 377
284 378
286 379
289 380
291 381
294 382
299 383
300 384
299 385
305 386
307 387
307 388
305 389
306 390
310 391
314 392
313 393
322 394
328 395
327 396
324 397
321 398
318 399
327 400
327 401
328 402
328 403
326 404
330 405
330 406
333 407
336 408
330 409
329 410
335 411
334 412
338 413
341 414
344 415
344 416
346 417
347 418
346 419
346 420
351 421
357 422
356 423
357 424
358 425
358 426
383 427
405 428
412 429
427 430
440 431
457 432
471 433
487 434
498 435
499 436
504 437
517 438
525 439
531 440
528 441
542 442
551 443
549 444
546 445
565 446
575 447
576 448
577 449
577 450
576 451
570 452
569 453
576 454
573 455
570 456
575 457
568 458
557 459
562 460
571 461
572 462
579 463
578 464
579 465
581 466
581 467
575 468
575 469
583 470
583 471
591 472
592 473
589 474
591 475
591 476
594 477
594 478
597 479
598 480
599 481
599 482
603 483
602 484
596 485
597 486
595 487
598 488
600 489
602 490
603 491
604 492
602 493
601 494
599 495
596 496
598 497
599 498
600 499
600 500
601 501
603 502
603 503
604 504
605 505
605 506
607 507
607 508
607 509
607 510
605 511
608 512
609 513
610 514
612 515
614 516
614 517
616 518
619 519
617 520
615 521
614 522
613 523
611 524
614 525
617 526
617 527
616 528
617 529
618 530
617 531
618 532
618 533
616 534
616 535
616 536
618 537
616 538
614 539
612 540
614 541
616 542
614 543
616 544
617 545
617 546
617 547
620 548
620 549
620 550
620 551
620 552
620 553
620 554
620 555
626 556
629 557
629 558
631 559
631 560
633 561
635 562
635 563
634 564
635 565
636 566
636 567
637 568
636 569
636 570
636 571
637 572
637 573
637 574
637 575
637 576
637 577
637 578
636 579
638 580
637 581
637 582
637 583
638 584
637 585
637 586
637 587
637 588
638 589
637 590
637 591
637 592
635 593
634 594
636 595
637 596
637 597
637 598
636 599
634 600
631 601
635 602
636 603
636 604
635 605
636 606
635 607
636 608
636 609
634 610
634 611
637 612
638 613
637 614
638 615
634 616
637 617
637 618
638 619
638 620
637 621
636 622
636 623
635 624
638 625
637 626
636 627
636 628
637 629
638 630
636 631
636 632
637 633
637 634
637 635
634 636
634 637
633 638
633 639
631 640
634 641
633 642
636 643
636 644
637 645
636 646
637 647
636 648
636 649
635 650
635 651
635 652
636 653
636 654
634 655
632 656
634 657
635 658
636 659
633 660
629 661
631 662
626 663
625 664
626 665
627 666
627 667
626 668
626 669
626 670
621 671
622 672
618 673
621 674
626 675
626 676
617 677
620 678
621 679
616 680
619 681
622 682
619 683
614 684
612 685
615 686
616 687
625 688
624 689
623 690
619 691
613 692
613 693
618 694
617 695
616 696
615 697
620 698
613 699
608 700
608 701
616 702
608 703
613 704
613 705
605 706
606 707
610 708
609 709
602 710
603 711
608 712
606 713
606 714
600 715
596 716
595 717
597 718
602 719
