639 0
639 1
639 2
639 3
639 4
639 5
639 6
639 7
639 8
639 9
639 10
639 11
639 12
639 13
639 14
639 15
639 16
639 17
639 18
639 19
639 20
639 21
639 22
639 23
639 24
639 25
639 26
639 27
639 28
639 29
639 30
639 31
639 32
639 33
639 34
639 35
639 36
639 37
639 38
639 39
639 40
639 41
639 42
639 43
639 44
639 45
639 46
639 47
639 48
639 49
639 50
639 51
639 52
639 53
639 54
639 55
639 56
639 57
639 58
639 59
639 60
639 61
639 62
639 63
639 64
639 65
639 66
639 67
639 68
639 69
639 70
639 71
639 72
639 73
639 74
639 75
639 76
639 77
639 78
639 79
639 80
639 81
639 82
639 83
639 84
639 85
639 86
639 87
639 88
639 89
639 90
639 91
639 92
640 93
641 94
643 95
647 96
653 97
663 98
663 99
673 100
670 101
667 102
665 103
676 104
693 105
697 106
696 107
696 108
707 109
716 110
721 111
719 112
721 113
719 114
720 115
731 116
736 117
745 118
748 119
751 120
757 121
765 122
771 123
770 124
773 125
777 126
782 127
786 128
789 129
793 130
802 131
812 132
814 133
817 134
824 135
831 136
847 137
868 138
872 139
870 140
874 141
874 142
876 143
876 144
879 145
881 146
890 147
891 148
894 149
898 150
897 151
900 152
900 153
906 154
910 155
909 156
911 157
910 158
912 159
916 160
919 161
923 162
928 163
934 164
937 165
940 166
940 167
943 168
947 169
948 170
950 171
950 172
952 173
955 174
962 175
967 176
978 177
994 178
1000 179
1007 180
1008 181
1011 182
1010 183
1013 184
1014 185
1016 186
1018 187
1019 188
1024 189
1025 190
1024 191
1025 192
1041 193
1049 194
1055 195
1056 196
1056 197
1056 198
1069 199
1077 200
1094 201
1101 202
1104 203
1112 204
1118 205
1125 206
1130 207
1131 208
1141 209
1144 210
1147 211
1147 212
1155 213
1158 214
1163 215
1168 216
1174 217
1177 218
1172 219
1176 220
1170 221
1179 222
1186 223
1188 224
1190 225
1191 226
1197 227
1198 228
1203 229
1207 230
1211 231
1213 232
1217 233
1213 234
1223 235
1227 236
1229 237
1230 238
1200 239
1218 240
1223 241
1222 242
1227 243
1235 244
1247 245
1254 246
1170 247
1212 248
1244 249
1135 250
955 252
1177 253
757 255
957 256
900 259
1190 260
1207 261
775 263
1054 264
896 266
896 267
997 268
1022 269
955 270
924 271
1232 272
1232 273
1232 274
908 280
1203 285
1047 287
1261 288
1032 293
968 295
968 296
971 299
0 304
0 305
62 306
6 307
49 308
39 309
20 310
24 311
28 312
30 313
30 314
37 315
51 316
82 317
73 318
74 319
86 320
77 321
86 322
98 323
84 324
80 325
86 326
121 327
105 328
105 329
89 330
98 331
94 332
85 333
75 334
79 335
97 336
104 337
87 338
92 339
95 340
158 341
176 342
189 343
188 344
194 345
198 346
199 347
205 348
206 349
210 350
211 351
214 352
217 353
218 354
220 355
221 356
221 357
223 358
225 359
227 360
234 361
239 362
244 363
250 364
255 365
257 366
259 367
260 368
262 369
265 370
268 371
269 372
270 373
272 374
274 375
278 376
282 377
283 378
286 379
293 380
293 381
293 382
295 383
299 384
301 385
303 386
303 387
306 388
310 389
312 390
312 391
315 392
317 393
319 394
317 395
323 396
326 397
323 398
323 399
327 400
332 401
329 402
325 403
328 404
329 405
330 406
333 407
337 408
329 409
336 410
338 411
335 412
337 413
340 414
341 415
344 416
345 417
346 418
346 419
345 420
352 421
355 422
352 423
354 424
354 425
361 426
388 427
399 428
412 429
427 430
432 431
457 432
469 433
484 434
495 435
500 436
513 437
520 438
527 439
531 440
536 441
540 442
550 443
553 444
566 445
566 446
564 447
565 448
583 449
581 450
575 451
571 452
568 453
574 454
567 455
569 456
564 457
563 458
565 459
567 460
564 461
573 462
579 463
578 464
579 465
581 466
584 467
580 468
579 469
586 470
586 471
589 472
584 473
593 474
590 475
592 476
595 477
601 478
604 479
603 480
603 481
602 482
600 483
602 484
598 485
596 486
596 487
600 488
602 489
602 490
604 491
604 492
602 493
602 494
597 495
599 496
599 497
601 498
601 499
600 500
602 501
605 502
602 503
606 504
604 505
605 506
604 507
605 508
605 509
607 510
608 511
608 512
610 513
611 514
613 515
615 516
617 517
616 518
615 519
616 520
614 521
617 522
617 523
615 524
616 525
619 526
618 527
618 528
619 529
619 530
620 531
620 532
618 533
619 534
618 535
618 536
618 537
616 538
615 539
614 540
614 541
616 542
616 543
619 544
618 545
618 546
619 547
618 548
617 549
618 550
620 551
620 552
618 553
620 554
622 555
629 556
630 557
630 558
630 559
630 560
631 561
633 562
634 563
635 564
635 565
636 566
635 567
636 568
636 569
636 570
636 571
636 572
636 573
637 574
637 575
636 576
637 577
638 578
637 579
637 580
637 581
637 582
638 583
637 584
637 585
637 586
637 587
637 588
637 589
637 590
636 591
637 592
636 593
636 594
637 595
636 596
636 597
636 598
635 599
636 600
636 601
636 602
636 603
636 604
636 605
635 606
632 607
635 608
637 609
636 610
636 611
637 612
638 613
637 614
638 615
638 616
639 617
638 618
637 619
636 620
637 621
638 622
636 623
638 624
637 625
638 626
637 627
636 628
637 629
636 630
635 631
637 632
637 633
637 634
638 635
636 636
631 637
632 638
633 639
633 640
634 641
633 642
634 643
636 644
635 645
637 646
636 647
635 648
635 649
635 650
636 651
636 652
636 653
637 654
635 655
634 656
633 657
633 658
633 659
632 660
631 661
630 662
628 663
627 664
627 665
626 666
629 667
627 668
621 669
626 670
626 671
622 672
625 673
624 674
623 675
623 676
623 677
625 678
620 679
622 680
623 681
623 682
621 683
622 684
618 685
619 686
617 687
620 688
621 689
619 690
614 691
612 692
612 693
613 694
612 695
610 696
617 697
617 698
614 699
611 700
613 701
615 702
604 703
608 704
604 705
602 706
609 707
614 708
613 709
609 710
601 711
608 712
609 713
602 714
595 715
596 716
596 717
593 718
600 719
