639 0
639 1
639 2
639 3
639 4
639 5
639 6
639 7
639 8
639 9
639 10
639 11
639 12
639 13
639 14
639 15
639 16
639 17
639 18
639 19
639 20
639 21
639 22
639 23
639 24
639 25
639 26
639 27
639 28
639 29
639 30
639 31
639 32
639 33
639 34
639 35
639 36
639 37
639 38
639 39
639 40
639 41
639 42
639 43
639 44
639 45
639 46
639 47
639 48
639 49
639 50
639 51
639 52
639 53
639 54
639 55
639 56
639 57
639 58
639 59
639 60
639 61
639 62
639 63
639 64
639 65
639 66
639 67
639 68
639 69
639 70
639 71
639 72
639 73
639 74
639 75
639 76
639 77
639 78
639 79
639 80
639 81
639 82
639 83
639 84
639 85
639 86
639 87
639 88
639 89
639 90
639 91
639 92
641 93
641 94
643 95
646 96
657 97
664 98
664 99
675 100
672 101
667 102
669 103
674 104
692 105
702 106
701 107
701 108
701 109
709 110
715 111
718 112
722 113
724 114
725 115
727 116
740 117
748 118
745 119
751 120
755 121
759 122
768 123
770 124
771 125
775 126
785 127
790 128
790 129
794 130
800 131
808 132
811 133
813 134
823 135
837 136
851 137
865 138
869 139
874 140
875 141
871 142
875 143
877 144
880 145
885 146
890 147
893 148
892 149
896 150
895 151
901 152
903 153
906 154
908 155
910 156
911 157
913 158
914 159
918 160
915 161
923 162
927 163
933 164
936 165
938 166
941 167
945 168
946 169
946 170
946 171
948 172
953 173
955 174
961 175
966 176
979 177
996 178
1003 179
1010 180
1011 181
1010 182
1010 183
1011 184
1013 185
1015 186
1018 187
1019 188
1022 189
1025 190
1026 191
1027 192
1040 193
1047 194
1054 195
1056 196
1056 197
1058 198
1065 199
1077 200
1096 201
1106 202
1107 203
1116 204
1118 205
1125 206
1129 207
1131 208
1141 209
1146 210
1151 211
1153 212
1150 213
1157 214
1163 215
1165 216
1175 217
1169 218
1168 219
1171 220
1176 221
1180 222
1182 223
1179 224
1185 225
1188 226
1193 227
1198 228
1202 229
1205 230
1208 231
1205 232
1212 233
1212 234
1221 235
1226 236
1229 237
1224 238
1211 239
1209 240
1234 241
1196 242
1201 243
1244 244
1249 245
1261 246
1198 247
1196 248
1254 249
1261 250
1274 251
1245 252
725 253
831 254
818 255
893 256
1278 258
1278 259
1175 261
1247 262
1247 263
663 264
1271 266
832 268
918 269
1099 270
1231 271
902 272
900 274
1255 280
1216 292
970 299
970 300
0 305
6 306
8 307
11 308
17 309
20 310
24 311
28 312
30 313
34 314
38 315
40 316
55 317
93 318
120 319
100 320
94 321
101 322
100 323
104 324
92 325
79 326
98 327
91 328
99 329
97 330
103 331
93 332
85 333
86 334
78 335
82 336
82 337
107 338
101 339
101 340
161 341
174 342
180 343
192 344
194 345
199 346
202 347
203 348
206 349
209 350
216 351
214 352
215 353
216 354
218 355
219 356
221 357
223 358
225 359
227 360
233 361
238 362
243 363
250 364
254 365
257 366
258 367
261 368
263 369
264 370
268 371
269 372
271 373
274 374
276 375
281 376
281 377
284 378
286 379
287 380
291 381
292 382
294 383
296 384
300 385
303 386
304 387
306 388
309 389
311 390
311 391
313 392
316 393
318 394
320 395
318 396
317 397
320 398
322 399
327 400
326 401
327 402
330 403
327 404
327 405
330 406
333 407
333 408
333 409
335 410
337 411
340 412
339 413
339 414
344 415
344 416
345 417
343 418
347 419
353 420
353 421
354 422
357 423
362 424
358 425
360 426
390 427
411 428
420 429
433 430
439 431
448 432
475 433
482 434
487 435
506 436
511 437
518 438
523 439
531 440
533 441
536 442
540 443
553 444
559 445
563 446
568 447
563 448
583 449
584 450
573 451
569 452
575 453
574 454
565 455
566 456
569 457
567 458
564 459
561 460
561 461
570 462
573 463
577 464
579 465
584 466
582 467
585 468
586 469
588 470
587 471
589 472
590 473
593 474
590 475
589 476
594 477
599 478
595 479
599 480
598 481
599 482
597 483
600 484
603 485
601 486
598 487
600 488
602 489
601 490
602 491
602 492
604 493
604 494
598 495
600 496
601 497
602 498
600 499
600 500
601 501
603 502
604 503
602 504
604 505
605 506
603 507
603 508
605 509
607 510
607 511
610 512
610 513
611 514
612 515
614 516
615 517
615 518
614 519
614 520
614 521
614 522
614 523
614 524
615 525
617 526
617 527
618 528
618 529
618 530
617 531
617 532
618 533
617 534
619 535
618 536
618 537
616 538
614 539
615 540
614 541
614 542
615 543
617 544
615 545
615 546
617 547
619 548
620 549
620 550
620 551
620 552
621 553
621 554
622 555
626 556
628 557
630 558
630 559
631 560
632 561
633 562
635 563
635 564
635 565
636 566
636 567
637 568
637 569
636 570
637 571
637 572
637 573
637 574
637 575
637 576
637 577
637 578
637 579
637 580
638 581
638 582
637 583
637 584
638 585
637 586
637 587
637 588
637 589
637 590
636 591
636 592
636 593
637 594
636 595
637 596
636 597
636 598
635 599
635 600
637 601
637 602
637 603
637 604
637 605
637 606
637 607
636 608
637 609
638 610
637 611
636 612
637 613
638 614
635 615
635 616
637 617
638 618
637 619
637 620
638 621
636 622
637 623
638 624
638 625
638 626
637 627
637 628
636 629
636 630
637 631
637 632
637 633
635 634
634 635
634 636
633 637
633 638
631 639
633 640
635 641
636 642
636 643
637 644
636 645
634 646
636 647
636 648
635 649
634 650
631 651
636 652
636 653
634 654
630 655
633 656
633 657
633 658
632 659
632 660
633 661
628 662
628 663
629 664
626 665
628 666
628 667
625 668
626 669
628 670
623 671
623 672
626 673
625 674
624 675
626 676
627 677
627 678
623 679
622 680
624 681
622 682
623 683
624 684
620 685
615 686
617 687
621 688
622 689
621 690
620 691
621 692
618 693
608 694
611 695
616 696
612 697
615 698
619 699
616 700
616 701
616 702
601 703
608 704
618 705
613 706
609 707
613 708
606 709
612 710
606 711
611 712
592 713
598 714
607 715
592 716
588 717
597 718
601 719
