639 0
639 1
639 2
639 3
639 4
639 5
639 6
639 7
639 8
639 9
639 10
639 11
639 12
639 13
639 14
639 15
639 16
639 17
639 18
639 19
639 20
639 21
639 22
639 23
639 24
639 25
639 26
639 27
639 28
639 29
639 30
639 31
639 32
639 33
639 34
639 35
639 36
639 37
639 38
639 39
639 40
639 41
639 42
639 43
639 44
639 45
639 46
639 47
639 48
639 49
639 50
639 51
639 52
639 53
639 54
639 55
639 56
639 57
639 58
639 59
639 60
639 61
639 62
639 63
639 64
639 65
639 66
639 67
639 68
639 69
639 70
639 71
639 72
639 73
639 74
639 75
639 76
639 77
639 78
639 79
639 80
639 81
639 82
639 83
639 84
639 85
639 86
639 87
639 88
639 89
639 90
639 91
639 92
641 93
642 94
642 95
648 96
652 97
657 98
662 99
665 100
667 101
667 102
670 103
675 104
694 105
696 106
691 107
700 108
703 109
707 110
715 111
721 112
719 113
725 114
722 115
727 116
744 117
748 118
751 119
752 120
757 121
764 122
768 123
769 124
770 125
777 126
781 127
789 128
791 129
792 130
803 131
810 132
817 133
818 134
822 135
830 136
845 137
867 138
865 139
871 140
874 141
876 142
875 143
878 144
879 145
886 146
889 147
892 148
894 149
897 150
894 151
899 152
904 153
906 154
909 155
910 156
912 157
913 158
915 159
916 160
919 161
924 162
928 163
932 164
937 165
939 166
941 167
944 168
947 169
947 170
946 171
950 172
955 173
955 174
963 175
964 176
979 177
992 178
1001 179
1005 180
1010 181
1010 182
1012 183
1012 184
1014 185
1015 186
1017 187
1021 188
1025 189
1024 190
1025 191
1024 192
1042 193
1050 194
1055 195
1056 196
1056 197
1057 198
1068 199
1075 200
1092 201
1103 202
1105 203
1116 204
1122 205
1124 206
1128 207
1131 208
1138 209
1142 210
1153 211
1151 212
1152 213
1155 214
1165 215
1171 216
1176 217
1177 218
1165 219
1174 220
1176 221
1178 222
1185 223
1184 224
1190 225
1191 226
1196 227
1199 228
1200 229
1206 230
1206 231
1213 232
1216 233
1220 234
1213 235
1220 236
1228 237
1227 238
1222 239
1206 240
1223 241
1210 242
1222 243
1258 244
1233 245
1225 246
1231 247
1168 248
1138 249
1260 251
1037 252
1175 253
1198 256
1217 258
1212 259
1231 260
1214 263
1256 264
1256 265
1234 268
1010 269
899 270
982 271
898 272
898 273
898 274
902 275
1071 280
1256 284
1255 285
1207 288
784 291
759 295
968 296
970 299
970 300
1176 303
0 304
202 305
230 306
139 307
14 308
15 309
20 310
23 311
28 312
30 313
30 314
36 315
40 316
43 317
45 318
56 319
63 320
89 321
86 322
87 323
82 324
93 325
105 326
98 327
81 328
74 329
78 330
72 331
83 332
85 333
82 334
93 335
90 336
104 337
100 338
91 339
98 340
151 341
173 342
182 343
189 344
196 345
198 346
199 347
205 348
207 349
209 350
216 351
218 352
217 353
218 354
217 355
219 356
221 357
222 358
223 359
227 360
232 361
238 362
242 363
250 364
255 365
256 366
258 367
261 368
263 369
265 370
268 371
271 372
271 373
273 374
274 375
278 376
281 377
284 378
287 379
288 380
291 381
292 382
296 383
296 384
299 385
301 386
305 387
307 388
309 389
311 390
311 391
316 392
323 393
324 394
324 395
318 396
319 397
311 398
325 399
323 400
325 401
327 402
332 403
335 404
332 405
327 406
333 407
332 408
331 409
330 410
331 411
334 412
342 413
343 414
341 415
345 416
345 417
346 418
345 419
345 420
350 421
353 422
354 423
356 424
358 425
366 426
386 427
411 428
423 429
430 430
443 431
450 432
475 433
484 434
498 435
499 436
509 437
518 438
520 439
532 440
539 441
550 442
556 443
559 444
564 445
574 446
566 447
573 448
581 449
576 450
575 451
570 452
564 453
564 454
568 455
572 456
574 457
571 458
567 459
570 460
567 461
575 462
582 463
583 464
582 465
580 466
582 467
584 468
579 469
586 470
585 471
593 472
594 473
593 474
588 475
595 476
599 477
600 478
600 479
593 480
594 481
598 482
597 483
593 484
598 485
600 486
596 487
599 488
601 489
601 490
601 491
601 492
600 493
601 494
600 495
599 496
599 497
600 498
602 499
602 500
603 501
601 502
602 503
602 504
604 505
605 506
605 507
605 508
606 509
607 510
608 511
609 512
611 513
610 514
611 515
614 516
614 517
613 518
617 519
614 520
615 521
616 522
617 523
614 524
615 525
617 526
618 527
616 528
616 529
616 530
617 531
619 532
619 533
617 534
617 535
616 536
616 537
616 538
616 539
616 540
616 541
617 542
617 543
616 544
617 545
618 546
619 547
619 548
619 549
619 550
618 551
620 552
619 553
620 554
622 555
627 556
630 557
630 558
631 559
631 560
631 561
631 562
632 563
634 564
634 565
635 566
636 567
636 568
637 569
635 570
637 571
637 572
637 573
637 574
636 575
637 576
637 577
637 578
638 579
636 580
637 581
637 582
637 583
636 584
636 585
636 586
637 587
637 588
636 589
637 590
636 591
636 592
636 593
637 594
637 595
636 596
636 597
636 598
636 599
637 600
636 601
636 602
636 603
636 604
636 605
636 606
636 607
635 608
636 609
637 610
638 611
638 612
638 613
637 614
636 615
636 616
638 617
639 618
638 619
637 620
638 621
638 622
638 623
637 624
636 625
637 626
637 627
637 628
635 629
637 630
635 631
637 632
638 633
638 634
635 635
633 636
631 637
632 638
632 639
634 640
634 641
635 642
637 643
638 644
637 645
637 646
636 647
631 648
635 649
635 650
635 651
635 652
635 653
635 654
633 655
634 656
634 657
632 658
631 659
632 660
633 661
630 662
622 663
626 664
627 665
628 666
629 667
627 668
625 669
626 670
621 671
622 672
625 673
625 674
624 675
622 676
625 677
627 678
616 679
624 680
618 681
623 682
626 683
618 684
617 685
618 686
613 687
618 688
623 689
624 690
621 691
621 692
611 693
614 694
618 695
614 696
615 697
612 698
611 699
614 700
614 701
607 702
605 703
604 704
606 705
606 706
615 707
617 708
613 709
610 710
605 711
604 712
600 713
603 714
598 715
593 716
583 717
590 718
596 719
