639 0
639 1
639 2
639 3
639 4
639 5
639 6
639 7
639 8
639 9
639 10
639 11
639 12
639 13
639 14
639 15
639 16
639 17
639 18
639 19
639 20
639 21
639 22
639 23
639 24
639 25
639 26
639 27
639 28
639 29
639 30
639 31
639 32
639 33
639 34
639 35
639 36
639 37
639 38
639 39
639 40
639 41
639 42
639 43
639 44
639 45
639 46
639 47
639 48
639 49
639 50
639 51
639 52
639 53
639 54
639 55
639 56
639 57
639 58
639 59
639 60
639 61
639 62
639 63
639 64
639 65
639 66
639 67
639 68
639 69
639 70
639 71
639 72
639 73
639 74
639 75
639 76
639 77
639 78
639 79
639 80
639 81
639 82
639 83
639 84
639 85
639 86
639 87
639 88
639 89
639 90
639 91
639 92
641 93
642 94
643 95
645 96
652 97
659 98
664 99
667 100
667 101
663 102
669 103
683 104
691 105
695 106
697 107
704 108
706 109
711 110
720 111
718 112
719 113
723 114
724 115
729 116
742 117
743 118
750 119
753 120
757 121
766 122
771 123
769 124
771 125
778 126
784 127
788 128
790 129
795 130
805 131
810 132
816 133
821 134
825 135
836 136
850 137
867 138
871 139
871 140
875 141
876 142
877 143
879 144
881 145
886 146
890 147
893 148
894 149
897 150
898 151
901 152
905 153
907 154
909 155
911 156
913 157
912 158
912 159
916 160
918 161
924 162
932 163
935 164
937 165
938 166
941 167
946 168
948 169
948 170
948 171
950 172
952 173
957 174
961 175
966 176
987 177
1000 178
1008 179
1008 180
1010 181
1012 182
1011 183
1010 184
1016 185
1017 186
1017 187
1019 188
1024 189
1027 190
1027 191
1030 192
1041 193
1050 194
1056 195
1055 196
1055 197
1054 198
1069 199
1076 200
1096 201
1104 202
1106 203
1116 204
1123 205
1125 206
1129 207
1128 208
1140 209
1145 210
1151 211
1154 212
1153 213
1151 214
1160 215
1168 216
1170 217
1172 218
1171 219
1173 220
1175 221
1179 222
1186 223
1189 224
1187 225
1191 226
1197 227
1198 228
1201 229
1204 230
1211 231
1215 232
1218 233
1222 234
1208 235
1207 236
1225 237
1228 238
1198 239
1200 240
1220 241
1235 242
1243 243
1261 244
1226 245
1126 246
1121 247
1159 248
1260 249
1255 250
1254 251
1035 252
1174 253
1127 255
928 256
936 262
891 263
1019 264
891 265
1203 266
871 267
902 268
981 269
1059 270
1219 271
1059 272
898 274
898 275
898 276
1168 280
1275 281
1089 282
1082 295
974 296
966 297
966 298
967 299
2 305
148 306
66 307
71 308
108 309
56 310
54 311
41 312
30 313
33 314
39 315
41 316
43 317
44 318
58 319
58 320
86 321
86 322
107 323
98 324
84 325
94 326
76 327
92 328
88 329
78 330
94 331
107 332
91 333
87 334
77 335
81 336
84 337
87 338
91 339
99 340
158 341
175 342
182 343
186 344
202 345
198 346
201 347
203 348
206 349
209 350
211 351
214 352
215 353
217 354
218 355
219 356
220 357
221 358
225 359
228 360
232 361
238 362
244 363
250 364
254 365
256 366
259 367
260 368
263 369
267 370
269 371
270 372
272 373
276 374
278 375
281 376
282 377
284 378
287 379
288 380
290 381
293 382
297 383
300 384
302 385
303 386
301 387
304 388
305 389
303 390
316 391
313 392
316 393
319 394
317 395
317 396
321 397
323 398
317 399
323 400
325 401
328 402
330 403
328 404
329 405
329 406
329 407
331 408
335 409
332 410
332 411
334 412
340 413
340 414
340 415
340 416
344 417
348 418
347 419
346 420
346 421
352 422
353 423
359 424
355 425
363 426
389 427
413 428
423 429
430 430
445 431
454 432
464 433
482 434
492 435
499 436
511 437
520 438
522 439
531 440
533 441
541 442
548 443
550 444
567 445
574 446
559 447
559 448
570 449
578 450
577 451
573 452
565 453
567 454
565 455
571 456
572 457
568 458
566 459
573 460
573 461
575 462
574 463
583 464
584 465
584 466
577 467
579 468
587 469
587 470
587 471
581 472
582 473
582 474
584 475
593 476
593 477
596 478
600 479
599 480
600 481
598 482
594 483
600 484
599 485
599 486
601 487
600 488
602 489
602 490
604 491
603 492
601 493
601 494
600 495
599 496
599 497
601 498
603 499
603 500
603 501
603 502
604 503
602 504
603 505
606 506
605 507
606 508
609 509
609 510
609 511
610 512
610 513
611 514
616 515
617 516
616 517
615 518
614 519
615 520
616 521
615 522
616 523
616 524
618 525
619 526
617 527
620 528
620 529
619 530
617 531
618 532
618 533
618 534
618 535
616 536
615 537
615 538
615 539
615 540
615 541
618 542
618 543
616 544
617 545
618 546
619 547
619 548
619 549
620 550
619 551
619 552
621 553
623 554
627 555
627 556
628 557
631 558
630 559
630 560
632 561
635 562
635 563
635 564
635 565
636 566
636 567
637 568
638 569
637 570
637 571
636 572
637 573
637 574
637 575
637 576
637 577
637 578
637 579
637 580
637 581
637 582
636 583
638 584
637 585
636 586
636 587
637 588
637 589
636 590
636 591
636 592
635 593
636 594
637 595
635 596
635 597
637 598
636 599
637 600
636 601
635 602
636 603
636 604
636 605
636 606
637 607
635 608
637 609
638 610
636 611
638 612
638 613
638 614
637 615
638 616
638 617
638 618
638 619
637 620
637 621
638 622
638 623
637 624
638 625
638 626
637 627
636 628
636 629
638 630
636 631
633 632
636 633
638 634
638 635
635 636
633 637
632 638
633 639
634 640
634 641
636 642
637 643
636 644
635 645
637 646
637 647
637 648
635 649
634 650
633 651
635 652
634 653
634 654
634 655
634 656
633 657
633 658
635 659
632 660
629 661
629 662
628 663
627 664
630 665
628 666
627 667
627 668
626 669
625 670
613 671
623 672
626 673
625 674
621 675
623 676
622 677
621 678
620 679
615 680
615 681
619 682
621 683
619 684
622 685
622 686
619 687
619 688
617 689
620 690
620 691
615 692
616 693
620 694
618 695
619 696
614 697
615 698
618 699
618 700
618 701
615 702
605 703
601 704
604 705
609 706
607 707
611 708
605 709
603 710
613 711
605 712
594 713
599 714
606 715
598 716
594 717
595 718
601 719
