639 0
639 1
639 2
639 3
639 4
639 5
639 6
639 7
639 8
639 9
639 10
639 11
639 12
639 13
639 14
639 15
639 16
639 17
639 18
639 19
639 20
639 21
639 22
639 23
639 24
639 25
639 26
639 27
639 28
639 29
639 30
639 31
639 32
639 33
639 34
639 35
639 36
639 37
639 38
639 39
639 40
639 41
639 42
639 43
639 44
639 45
639 46
639 47
639 48
639 49
639 50
639 51
639 52
639 53
639 54
639 55
639 56
639 57
639 58
639 59
639 60
639 61
639 62
639 63
639 64
639 65
639 66
639 67
639 68
639 69
639 70
639 71
639 72
639 73
639 74
639 75
639 76
639 77
639 78
639 79
639 80
639 81
639 82
639 83
639 84
639 85
639 86
639 87
639 88
639 89
639 90
639 91
639 92
640 93
641 94
643 95
644 96
656 97
664 98
662 99
669 100
666 101
664 102
669 103
675 104
686 105
696 106
697 107
700 108
703 109
711 110
714 111
722 112
724 113
725 114
729 115
729 116
731 117
740 118
748 119
746 120
755 121
760 122
764 123
771 124
772 125
775 126
784 127
788 128
789 129
794 130
798 131
809 132
817 133
818 134
824 135
836 136
851 137
863 138
868 139
876 140
876 141
875 142
874 143
877 144
881 145
883 146
890 147
893 148
894 149
896 150
895 151
901 152
903 153
905 154
909 155
908 156
913 157
912 158
913 159
910 160
920 161
921 162
925 163
935 164
937 165
940 166
942 167
946 168
947 169
948 170
948 171
947 172
951 173
956 174
962 175
969 176
984 177
998 178
1006 179
1010 180
1010 181
1012 182
1009 183
1015 184
1016 185
1016 186
1016 187
1020 188
1024 189
1025 190
1025 191
1027 192
1042 193
1050 194
1056 195
1056 196
1055 197
1059 198
1068 199
1078 200
1092 201
1105 202
1108 203
1119 204
1121 205
1125 206
1128 207
1131 208
1139 209
1145 210
1153 211
1152 212
1153 213
1152 214
1163 215
1172 216
1173 217
1172 218
1170 219
1176 220
1177 221
1178 222
1186 223
1185 224
1185 225
1189 226
1196 227
1198 228
1199 229
1204 230
1210 231
1206 232
1214 233
1214 234
1218 235
1219 236
1224 237
1218 238
1189 239
1195 240
1185 241
1169 242
1228 243
1235 244
1244 245
1215 246
1113 247
1151 248
1259 249
1165 250
775 252
768 253
892 255
1067 256
751 258
958 262
931 263
1007 264
1075 267
857 268
883 269
1041 270
841 271
895 272
895 273
1239 277
1216 279
1205 280
1201 287
1083 291
1087 292
967 293
0 305
4 306
7 307
12 308
60 309
19 310
48 311
27 312
31 313
33 314
34 315
41 316
42 317
45 318
47 319
49 320
51 321
67 322
81 323
88 324
104 325
113 326
118 327
104 328
89 329
71 330
74 331
76 332
74 333
84 334
87 335
94 336
84 337
88 338
91 339
96 340
158 341
180 342
199 343
188 344
191 345
198 346
201 347
204 348
207 349
209 350
211 351
214 352
215 353
216 354
218 355
219 356
221 357
222 358
226 359
232 360
232 361
238 362
243 363
252 364
253 365
255 366
258 367
260 368
263 369
265 370
266 371
269 372
272 373
276 374
276 375
277 376
282 377
284 378
286 379
292 380
294 381
297 382
303 383
296 384
300 385
306 386
305 387
306 388
308 389
313 390
315 391
315 392
315 393
321 394
318 395
319 396
329 397
328 398
321 399
333 400
330 401
323 402
326 403
333 404
330 405
327 406
330 407
335 408
330 409
330 410
335 411
342 412
342 413
342 414
345 415
345 416
342 417
345 418
345 419
346 420
355 421
357 422
356 423
358 424
355 425
359 426
387 427
417 428
420 429
435 430
448 431
465 432
483 433
490 434
494 435
506 436
516 437
514 438
514 439
525 440
527 441
543 442
552 443
551 444
560 445
564 446
560 447
568 448
572 449
574 450
580 451
577 452
573 453
566 454
564 455
575 456
576 457
570 458
562 459
573 460
576 461
578 462
576 463
580 464
581 465
581 466
579 467
576 468
584 469
589 470
588 471
588 472
594 473
591 474
592 475
591 476
598 477
598 478
596 479
600 480
600 481
598 482
597 483
597 484
597 485
599 486
599 487
600 488
601 489
603 490
602 491
601 492
602 493
598 494
598 495
600 496
601 497
601 498
601 499
602 500
603 501
605 502
604 503
604 504
605 505
605 506
604 507
606 508
606 509
606 510
608 511
609 512
611 513
611 514
616 515
617 516
617 517
617 518
614 519
616 520
614 521
614 522
616 523
618 524
617 525
617 526
617 527
618 528
618 529
618 530
617 531
617 532
617 533
618 534
618 535
619 536
619 537
618 538
616 539
616 540
616 541
616 542
614 543
617 544
616 545
616 546
618 547
620 548
621 549
621 550
621 551
619 552
620 553
621 554
627 555
629 556
630 557
631 558
630 559
631 560
633 561
634 562
635 563
634 564
634 565
635 566
636 567
636 568
637 569
636 570
636 571
637 572
637 573
637 574
637 575
636 576
637 577
635 578
636 579
638 580
638 581
637 582
636 583
637 584
637 585
637 586
637 587
637 588
637 589
637 590
638 591
637 592
637 593
635 594
636 595
638 596
638 597
637 598
635 599
636 600
635 601
635 602
635 603
637 604
636 605
636 606
635 607
636 608
637 609
638 610
638 611
638 612
637 613
636 614
635 615
638 616
638 617
638 618
636 619
637 620
637 621
637 622
638 623
637 624
637 625
638 626
638 627
638 628
636 629
636 630
636 631
637 632
636 633
635 634
636 635
633 636
633 637
634 638
629 639
634 640
637 641
636 642
637 643
637 644
636 645
637 646
635 647
634 648
630 649
631 650
629 651
631 652
631 653
633 654
631 655
631 656
633 657
635 658
631 659
634 660
632 661
631 662
629 663
627 664
628 665
627 666
630 667
629 668
622 669
625 670
623 671
627 672
625 673
629 674
623 675
621 676
619 677
620 678
618 679
622 680
624 681
622 682
618 683
619 684
619 685
622 686
614 687
620 688
615 689
616 690
617 691
624 692
617 693
617 694
615 695
612 696
615 697
610 698
612 699
615 700
617 701
619 702
608 703
613 704
614 705
608 706
606 707
614 708
612 709
609 710
610 711
605 712
606 713
605 714
602 715
594 716
596 717
590 718
596 719
