639 0
639 1
639 2
639 3
639 4
639 5
639 6
639 7
639 8
639 9
639 10
639 11
639 12
639 13
639 14
639 15
639 16
639 17
639 18
639 19
639 20
639 21
639 22
639 23
639 24
639 25
639 26
639 27
639 28
639 29
639 30
639 31
639 32
639 33
639 34
639 35
639 36
639 37
639 38
639 39
639 40
639 41
639 42
639 43
639 44
639 45
639 46
639 47
639 48
639 49
639 50
639 51
639 52
639 53
639 54
639 55
639 56
639 57
639 58
639 59
639 60
639 61
639 62
639 63
639 64
639 65
639 66
639 67
639 68
639 69
639 70
639 71
639 72
639 73
639 74
639 75
639 76
639 77
639 78
639 79
639 80
639 81
639 82
639 83
639 84
639 85
639 86
639 87
639 88
639 89
639 90
639 91
639 92
640 93
640 94
643 95
645 96
651 97
661 98
664 99
677 100
673 101
668 102
672 103
682 104
696 105
703 106
700 107
704 108
706 109
714 110
719 111
730 112
729 113
723 114
728 115
735 116
746 117
749 118
749 119
750 120
757 121
764 122
772 123
771 124
771 125
774 126
784 127
789 128
792 129
791 130
799 131
810 132
816 133
823 134
820 135
831 136
846 137
867 138
865 139
874 140
875 141
876 142
876 143
876 144
879 145
883 146
887 147
891 148
894 149
894 150
897 151
899 152
904 153
906 154
908 155
910 156
911 157
912 158
913 159
916 160
920 161
925 162
930 163
931 164
935 165
940 166
943 167
945 168
946 169
948 170
949 171
951 172
952 173
956 174
961 175
966 176
982 177
992 178
1003 179
1009 180
1010 181
1010 182
1013 183
1014 184
1016 185
1019 186
1018 187
1018 188
1022 189
1025 190
1026 191
1025 192
1039 193
1049 194
1055 195
1059 196
1059 197
1062 198
1071 199
1077 200
1096 201
1106 202
1112 203
1113 204
1117 205
1122 206
1128 207
1130 208
1141 209
1143 210
1152 211
1154 212
1156 213
1156 214
1160 215
1167 216
1177 217
1176 218
1173 219
1175 220
1176 221
1178 222
1183 223
1188 224
1190 225
1189 226
1195 227
1198 228
1201 229
1207 230
1208 231
1203 232
1213 233
1214 234
1221 235
1223 236
1228 237
1231 238
1235 239
1237 240
1250 241
1250 242
1243 243
1252 244
1229 245
1265 246
1248 247
1122 248
1028 250
1082 251
998 253
983 254
967 255
1194 257
1049 258
1101 259
1199 260
1039 263
1069 264
1035 265
1137 266
1279 268
982 269
1037 270
1037 271
978 272
979 273
983 274
1082 283
1083 284
1084 285
958 289
1115 290
1256 295
1103 296
1103 297
1112 301
0 305
3 306
254 307
176 308
222 309
124 310
112 311
66 312
30 313
62 314
34 315
39 316
40 317
43 318
46 319
49 320
53 321
53 322
52 323
52 324
58 325
59 326
77 327
70 328
85 329
86 330
89 331
82 332
104 333
80 334
77 335
78 336
83 337
84 338
88 339
92 340
116 341
170 342
178 343
184 344
193 345
196 346
197 347
201 348
205 349
208 350
211 351
212 352
214 353
215 354
218 355
224 356
222 357
222 358
226 359
228 360
230 361
236 362
241 363
248 364
253 365
256 366
257 367
259 368
261 369
261 370
266 371
268 372
269 373
271 374
272 375
278 376
280 377
280 378
281 379
285 380
288 381
289 382
292 383
296 384
296 385
296 386
304 387
307 388
303 389
304 390
309 391
313 392
313 393
320 394
319 395
320 396
319 397
325 398
320 399
327 400
328 401
335 402
338 403
342 404
336 405
341 406
347 407
344 408
346 409
347 410
348 411
353 412
353 413
359 414
368 415
364 416
367 417
370 418
376 419
375 420
383 421
387 422
383 423
398 424
399 425
403 426
405 427
417 428
419 429
419 430
415 431
415 432
418 433
419 434
416 435
415 436
423 437
438 438
450 439
455 440
465 441
467 442
477 443
487 444
494 445
491 446
496 447
509 448
511 449
509 450
510 451
516 452
518 453
518 454
520 455
517 456
518 457
522 458
524 459
523 460
517 461
514 462
522 463
531 464
538 465
536 466
535 467
533 468
534 469
538 470
533 471
524 472
527 473
518 474
520 475
521 476
523 477
528 478
532 479
536 480
529 481
541 482
554 483
555 484
562 485
564 486
558 487
559 488
566 489
562 490
560 491
564 492
565 493
565 494
569 495
565 496
566 497
566 498
568 499
564 500
566 501
569 502
570 503
570 504
569 505
569 506
575 507
579 508
588 509
589 510
587 511
593 512
594 513
596 514
594 515
593 516
595 517
597 518
599 519
596 520
593 521
594 522
595 523
590 524
592 525
600 526
602 527
603 528
602 529
602 530
601 531
603 532
602 533
603 534
601 535
603 536
602 537
603 538
602 539
601 540
601 541
602 542
603 543
600 544
599 545
600 546
601 547
602 548
601 549
600 550
601 551
601 552
602 553
602 554
603 555
604 556
600 557
599 558
601 559
601 560
603 561
599 562
600 563
600 564
598 565
598 566
597 567
598 568
599 569
596 570
596 571
596 572
596 573
596 574
595 575
594 576
596 577
595 578
596 579
597 580
598 581
599 582
599 583
604 584
603 585
600 586
598 587
600 588
597 589
598 590
602 591
599 592
601 593
602 594
601 595
607 596
607 597
608 598
607 599
606 600
609 601
609 602
611 603
616 604
618 605
617 606
614 607
620 608
621 609
622 610
622 611
625 612
624 613
625 614
624 615
631 616
633 617
632 618
632 619
630 620
631 621
629 622
629 623
631 624
633 625
629 626
628 627
630 628
632 629
632 630
629 631
629 632
629 633
627 634
628 635
629 636
628 637
624 638
625 639
631 640
630 641
628 642
628 643
629 644
625 645
626 646
626 647
623 648
622 649
617 650
621 651
624 652
627 653
629 654
623 655
625 656
625 657
625 658
624 659
624 660
621 661
623 662
618 663
621 664
622 665
622 666
621 667
622 668
622 669
621 670
617 671
619 672
621 673
624 674
621 675
619 676
617 677
621 678
614 679
617 680
618 681
616 682
610 683
612 684
606 685
606 686
611 687
610 688
604 689
604 690
605 691
598 692
599 693
607 694
608 695
609 696
597 697
593 698
587 699
592 700
590 701
590 702
596 703
593 704
596 705
594 706
594 707
583 708
587 709
593 710
586 711
586 712
578 713
576 714
566 715
555 716
574 717
581 718
579 719
