639 0
639 1
639 2
639 3
639 4
639 5
639 6
639 7
639 8
639 9
639 10
639 11
639 12
639 13
639 14
639 15
639 16
639 17
639 18
639 19
639 20
639 21
639 22
639 23
639 24
639 25
639 26
639 27
639 28
639 29
639 30
639 31
639 32
639 33
639 34
639 35
639 36
639 37
639 38
639 39
639 40
639 41
639 42
639 43
639 44
639 45
639 46
639 47
639 48
639 49
639 50
639 51
639 52
639 53
639 54
639 55
639 56
639 57
639 58
639 59
639 60
639 61
639 62
639 63
639 64
639 65
639 66
639 67
639 68
639 69
639 70
639 71
639 72
639 73
639 74
639 75
639 76
639 77
639 78
639 79
639 80
639 81
639 82
639 83
639 84
639 85
639 86
639 87
639 88
639 89
639 90
639 91
639 92
641 93
641 94
642 95
647 96
655 97
661 98
664 99
666 100
669 101
669 102
670 103
680 104
692 105
698 106
699 107
696 108
703 109
708 110
714 111
721 112
722 113
725 114
725 115
728 116
749 117
755 118
746 119
750 120
761 121
769 122
768 123
769 124
768 125
779 126
787 127
787 128
788 129
792 130
801 131
810 132
815 133
820 134
824 135
834 136
848 137
871 138
873 139
871 140
875 141
876 142
873 143
880 144
879 145
883 146
889 147
893 148
894 149
896 150
897 151
899 152
903 153
906 154
909 155
912 156
911 157
912 158
913 159
918 160
921 161
921 162
928 163
934 164
935 165
938 166
942 167
945 168
948 169
948 170
947 171
951 172
952 173
956 174
961 175
966 176
981 177
999 178
1004 179
1009 180
1009 181
1011 182
1012 183
1015 184
1016 185
1016 186
1017 187
1018 188
1024 189
1027 190
1026 191
1026 192
1040 193
1049 194
1055 195
1056 196
1054 197
1057 198
1067 199
1078 200
1094 201
1105 202
1108 203
1117 204
1121 205
1124 206
1129 207
1131 208
1143 209
1147 210
1151 211
1153 212
1151 213
1156 214
1159 215
1166 216
1172 217
1179 218
1174 219
1175 220
1177 221
1178 222
1185 223
1188 224
1191 225
1192 226
1195 227
1197 228
1196 229
1209 230
1210 231
1204 232
1213 233
1217 234
1217 235
1222 236
1221 237
1226 238
1199 239
1239 240
1224 241
1161 242
1192 243
1199 244
1252 245
1236 246
1265 247
1261 248
1229 249
1229 250
1255 251
1255 252
760 253
1033 254
900 255
1035 256
1232 259
1232 260
1206 261
1206 262
817 264
854 265
1048 266
1094 267
838 268
843 269
1087 270
1100 271
988 272
903 275
903 276
1272 284
1207 287
3 305
77 306
119 307
72 308
41 309
19 310
72 311
28 312
31 313
30 314
38 315
40 316
43 317
81 318
108 319
76 320
77 321
53 322
64 323
91 324
101 325
95 326
92 327
93 328
90 329
83 330
89 331
86 332
82 333
90 334
94 335
88 336
88 337
96 338
94 339
98 340
165 341
179 342
194 343
200 344
202 345
202 346
200 347
204 348
207 349
213 350
215 351
215 352
215 353
217 354
217 355
219 356
222 357
223 358
225 359
227 360
235 361
237 362
246 363
251 364
254 365
256 366
259 367
260 368
262 369
265 370
268 371
268 372
270 373
272 374
274 375
278 376
282 377
283 378
286 379
287 380
292 381
293 382
293 383
301 384
303 385
308 386
306 387
309 388
309 389
309 390
312 391
313 392
316 393
314 394
314 395
317 396
314 397
316 398
325 399
324 400
327 401
330 402
328 403
326 404
328 405
327 406
331 407
339 408
334 409
334 410
331 411
334 412
339 413
342 414
342 415
342 416
347 417
348 418
349 419
347 420
350 421
353 422
353 423
357 424
358 425
366 426
388 427
409 428
417 429
429 430
442 431
467 432
472 433
486 434
492 435
500 436
506 437
517 438
524 439
531 440
529 441
539 442
546 443
561 444
563 445
564 446
568 447
572 448
579 449
574 450
569 451
571 452
578 453
574 454
567 455
572 456
566 457
562 458
566 459
566 460
574 461
577 462
577 463
584 464
583 465
580 466
580 467
580 468
583 469
585 470
589 471
591 472
595 473
593 474
594 475
597 476
598 477
598 478
600 479
599 480
601 481
601 482
603 483
602 484
598 485
596 486
600 487
597 488
596 489
599 490
602 491
603 492
600 493
598 494
599 495
600 496
601 497
601 498
601 499
602 500
602 501
603 502
601 503
602 504
603 505
605 506
606 507
606 508
606 509
606 510
607 511
606 512
610 513
610 514
612 515
613 516
613 517
613 518
619 519
617 520
616 521
614 522
615 523
617 524
616 525
617 526
617 527
617 528
618 529
618 530
617 531
617 532
618 533
616 534
617 535
616 536
616 537
616 538
617 539
615 540
615 541
617 542
617 543
616 544
616 545
617 546
618 547
619 548
620 549
620 550
619 551
620 552
620 553
621 554
622 555
627 556
629 557
631 558
630 559
629 560
632 561
633 562
634 563
633 564
634 565
635 566
635 567
637 568
636 569
637 570
636 571
636 572
636 573
637 574
635 575
635 576
637 577
637 578
636 579
637 580
637 581
638 582
636 583
636 584
636 585
636 586
638 587
637 588
636 589
636 590
636 591
636 592
637 593
634 594
635 595
637 596
635 597
635 598
632 599
636 600
637 601
635 602
636 603
637 604
637 605
637 606
634 607
636 608
637 609
638 610
637 611
637 612
637 613
638 614
637 615
638 616
638 617
638 618
637 619
636 620
633 621
636 622
638 623
638 624
637 625
637 626
638 627
638 628
638 629
638 630
637 631
637 632
636 633
634 634
636 635
631 636
627 637
631 638
632 639
633 640
634 641
638 642
636 643
636 644
633 645
635 646
635 647
635 648
635 649
632 650
635 651
636 652
636 653
633 654
631 655
632 656
631 657
633 658
633 659
634 660
632 661
629 662
625 663
628 664
630 665
627 666
627 667
626 668
625 669
623 670
622 671
621 672
625 673
625 674
623 675
619 676
622 677
621 678
619 679
613 680
624 681
627 682
625 683
622 684
623 685
618 686
622 687
622 688
623 689
622 690
620 691
614 692
610 693
610 694
609 695
606 696
610 697
606 698
610 699
615 700
616 701
615 702
611 703
608 704
614 705
614 706
606 707
607 708
612 709
616 710
613 711
607 712
601 713
603 714
614 715
605 716
599 717
596 718
597 719
