639 0
639 1
639 2
639 3
639 4
639 5
639 6
639 7
639 8
639 9
639 10
639 11
639 12
639 13
639 14
639 15
639 16
639 17
639 18
639 19
639 20
639 21
639 22
639 23
639 24
639 25
639 26
639 27
639 28
639 29
639 30
639 31
639 32
639 33
639 34
639 35
639 36
639 37
639 38
639 39
639 40
639 41
639 42
639 43
639 44
639 45
639 46
639 47
639 48
639 49
639 50
639 51
639 52
639 53
639 54
639 55
639 56
639 57
639 58
639 59
639 60
639 61
639 62
639 63
639 64
639 65
639 66
639 67
639 68
639 69
639 70
639 71
639 72
639 73
639 74
639 75
639 76
639 77
639 78
639 79
639 80
639 81
639 82
639 83
639 84
639 85
639 86
639 87
639 88
639 89
639 90
639 91
639 92
640 93
642 94
643 95
645 96
653 97
661 98
661 99
671 100
671 101
672 102
674 103
673 104
692 105
700 106
698 107
703 108
706 109
713 110
715 111
721 112
722 113
723 114
732 115
732 116
738 117
745 118
749 119
752 120
757 121
764 122
769 123
768 124
771 125
777 126
786 127
790 128
788 129
792 130
802 131
815 132
811 133
816 134
823 135
834 136
846 137
865 138
870 139
871 140
874 141
875 142
878 143
877 144
880 145
885 146
890 147
893 148
894 149
896 150
898 151
900 152
902 153
906 154
908 155
910 156
912 157
912 158
913 159
916 160
920 161
925 162
930 163
936 164
937 165
939 166
941 167
946 168
947 169
949 170
949 171
951 172
954 173
956 174
964 175
969 176
982 177
999 178
1004 179
1009 180
1011 181
1011 182
1008 183
1012 184
1016 185
1016 186
1016 187
1019 188
1022 189
1024 190
1024 191
1027 192
1042 193
1051 194
1055 195
1055 196
1055 197
1058 198
1066 199
1074 200
1092 201
1102 202
1105 203
1117 204
1123 205
1125 206
1129 207
1131 208
1140 209
1145 210
1153 211
1154 212
1154 213
1159 214
1162 215
1174 216
1177 217
1172 218
1170 219
1172 220
1175 221
1178 222
1184 223
1183 224
1186 225
1191 226
1195 227
1197 228
1204 229
1206 230
1210 231
1209 232
1218 233
1215 234
1224 235
1229 236
1231 237
1216 238
1192 239
1224 240
1228 241
1175 242
1175 243
1197 244
1232 245
1213 246
1219 247
1144 248
1269 249
1271 250
1276 251
756 253
901 254
895 255
861 256
752 257
1261 261
1022 266
959 267
891 268
891 269
895 271
895 272
903 279
1264 282
1218 284
1112 288
983 289
1274 292
1200 293
1271 296
0 304
2 305
5 306
9 307
12 308
16 309
22 310
22 311
29 312
31 313
33 314
55 315
41 316
73 317
65 318
47 319
77 320
78 321
92 322
119 323
114 324
108 325
105 326
97 327
92 328
93 329
94 330
68 331
70 332
89 333
98 334
94 335
87 336
83 337
87 338
91 339
109 340
164 341
177 342
181 343
192 344
201 345
200 346
202 347
205 348
210 349
209 350
221 351
212 352
215 353
217 354
218 355
219 356
221 357
223 358
224 359
228 360
233 361
237 362
244 363
248 364
253 365
257 366
259 367
260 368
263 369
265 370
269 371
272 372
274 373
274 374
278 375
280 376
280 377
284 378
287 379
289 380
293 381
293 382
296 383
300 384
301 385
301 386
304 387
307 388
307 389
312 390
312 391
315 392
316 393
315 394
317 395
321 396
325 397
322 398
324 399
320 400
323 401
327 402
329 403
324 404
326 405
328 406
329 407
333 408
333 409
332 410
336 411
335 412
333 413
337 414
339 415
340 416
342 417
348 418
349 419
347 420
347 421
350 422
353 423
358 424
359 425
364 426
384 427
420 428
427 429
424 430
439 431
451 432
476 433
495 434
496 435
508 436
510 437
520 438
521 439
526 440
534 441
543 442
542 443
551 444
556 445
566 446
572 447
567 448
572 449
577 450
574 451
572 452
569 453
573 454
570 455
571 456
571 457
571 458
574 459
573 460
570 461
577 462
578 463
583 464
584 465
583 466
586 467
582 468
586 469
589 470
593 471
590 472
590 473
589 474
588 475
595 476
602 477
601 478
596 479
598 480
601 481
604 482
599 483
596 484
596 485
597 486
598 487
598 488
603 489
603 490
604 491
602 492
600 493
598 494
598 495
599 496
599 497
600 498
600 499
601 500
601 501
603 502
602 503
604 504
606 505
605 506
604 507
607 508
607 509
605 510
607 511
609 512
611 513
612 514
614 515
614 516
613 517
613 518
613 519
615 520
615 521
616 522
617 523
617 524
615 525
617 526
617 527
617 528
619 529
619 530
618 531
618 532
618 533
617 534
617 535
616 536
615 537
613 538
613 539
614 540
615 541
617 542
618 543
618 544
618 545
618 546
618 547
618 548
619 549
620 550
622 551
621 552
620 553
621 554
626 555
629 556
630 557
632 558
631 559
631 560
633 561
635 562
634 563
635 564
636 565
636 566
636 567
637 568
637 569
636 570
635 571
636 572
637 573
637 574
636 575
637 576
637 577
637 578
637 579
638 580
638 581
638 582
637 583
636 584
637 585
636 586
637 587
637 588
637 589
637 590
635 591
634 592
637 593
635 594
636 595
636 596
636 597
635 598
636 599
636 600
635 601
635 602
636 603
637 604
637 605
637 606
637 607
635 608
637 609
637 610
637 611
637 612
637 613
637 614
638 615
636 616
638 617
638 618
637 619
639 620
637 621
637 622
638 623
637 624
638 625
636 626
637 627
637 628
637 629
637 630
635 631
637 632
638 633
638 634
637 635
636 636
634 637
633 638
634 639
633 640
635 641
633 642
634 643
634 644
636 645
636 646
634 647
633 648
633 649
635 650
634 651
636 652
635 653
635 654
632 655
632 656
634 657
632 658
634 659
633 660
630 661
632 662
629 663
625 664
626 665
626 666
629 667
627 668
627 669
630 670
625 671
622 672
626 673
627 674
627 675
621 676
625 677
625 678
617 679
620 680
628 681
624 682
624 683
624 684
619 685
613 686
618 687
619 688
619 689
616 690
616 691
610 692
613 693
620 694
610 695
608 696
608 697
606 698
609 699
613 700
617 701
618 702
611 703
609 704
612 705
600 706
598 707
608 708
614 709
613 710
603 711
606 712
588 713
586 714
593 715
591 716
598 717
602 718
610 719
