639 0
639 1
639 2
639 3
639 4
639 5
639 6
639 7
639 8
639 9
639 10
639 11
639 12
639 13
639 14
639 15
639 16
639 17
639 18
639 19
639 20
639 21
639 22
639 23
639 24
639 25
639 26
639 27
639 28
639 29
639 30
639 31
639 32
639 33
639 34
639 35
639 36
639 37
639 38
639 39
639 40
639 41
639 42
639 43
639 44
639 45
639 46
639 47
639 48
639 49
639 50
639 51
639 52
639 53
639 54
639 55
639 56
639 57
639 58
639 59
639 60
639 61
639 62
639 63
639 64
639 65
639 66
639 67
639 68
639 69
639 70
639 71
639 72
639 73
639 74
639 75
639 76
639 77
639 78
639 79
639 80
639 81
639 82
639 83
639 84
639 85
639 86
639 87
639 88
639 89
639 90
639 91
639 92
641 93
642 94
642 95
644 96
652 97
662 98
664 99
674 100
671 101
668 102
672 103
684 104
687 105
699 106
699 107
696 108
701 109
706 110
720 111
725 112
724 113
727 114
730 115
732 116
736 117
741 118
748 119
750 120
758 121
767 122
771 123
769 124
771 125
775 126
787 127
789 128
788 129
791 130
803 131
811 132
813 133
816 134
819 135
835 136
846 137
866 138
869 139
869 140
873 141
874 142
875 143
879 144
879 145
883 146
889 147
892 148
894 149
898 150
898 151
900 152
903 153
907 154
909 155
913 156
912 157
913 158
915 159
917 160
920 161
922 162
926 163
934 164
937 165
939 166
942 167
944 168
945 169
948 170
948 171
949 172
952 173
956 174
964 175
967 176
982 177
999 178
1001 179
1009 180
1011 181
1011 182
1010 183
1014 184
1016 185
1016 186
1015 187
1019 188
1021 189
1026 190
1025 191
1025 192
1040 193
1048 194
1055 195
1056 196
1056 197
1055 198
1069 199
1079 200
1090 201
1102 202
1105 203
1117 204
1121 205
1125 206
1127 207
1131 208
1137 209
1146 210
1152 211
1152 212
1151 213
1157 214
1161 215
1168 216
1176 217
1171 218
1173 219
1174 220
1177 221
1180 222
1186 223
1188 224
1188 225
1190 226
1194 227
1198 228
1204 229
1205 230
1209 231
1212 232
1214 233
1215 234
1223 235
1226 236
1230 237
1217 238
1188 239
1204 240
1209 241
1197 242
1225 243
1249 244
1254 245
1266 246
1228 247
1269 248
1267 249
762 252
759 253
759 254
754 255
1251 256
1197 257
1200 258
1188 259
1206 260
1206 261
1000 263
1202 264
1277 265
992 266
879 267
1017 268
902 269
903 271
1045 272
897 273
898 274
898 275
1011 276
999 283
999 284
1191 287
911 288
1264 291
1264 292
1191 295
967 296
920 301
0 304
400 305
148 306
8 307
11 308
15 309
20 310
48 311
27 312
31 313
35 314
36 315
40 316
43 317
45 318
65 319
50 320
75 321
96 322
90 323
97 324
103 325
86 326
81 327
69 328
78 329
65 330
85 331
92 332
79 333
76 334
82 335
87 336
85 337
92 338
92 339
101 340
167 341
182 342
182 343
187 344
194 345
200 346
204 347
208 348
207 349
209 350
211 351
214 352
215 353
216 354
218 355
220 356
221 357
222 358
226 359
229 360
232 361
237 362
243 363
251 364
255 365
256 366
259 367
261 368
262 369
265 370
267 371
269 372
270 373
273 374
277 375
279 376
281 377
283 378
287 379
289 380
290 381
293 382
298 383
299 384
304 385
310 386
309 387
308 388
311 389
313 390
311 391
314 392
319 393
322 394
322 395
322 396
321 397
318 398
312 399
319 400
328 401
329 402
328 403
329 404
332 405
331 406
329 407
329 408
329 409
334 410
336 411
340 412
342 413
341 414
344 415
348 416
345 417
346 418
346 419
348 420
349 421
352 422
356 423
356 424
363 425
371 426
388 427
417 428
425 429
431 430
441 431
458 432
465 433
478 434
494 435
503 436
504 437
514 438
528 439
524 440
512 441
531 442
549 443
556 444
563 445
566 446
552 447
572 448
581 449
578 450
560 451
568 452
570 453
568 454
570 455
565 456
569 457
567 458
570 459
566 460
571 461
575 462
575 463
574 464
580 465
578 466
572 467
574 468
578 469
585 470
589 471
588 472
597 473
599 474
602 475
608 476
609 477
612 478
612 479
613 480
613 481
611 482
612 483
611 484
611 485
609 486
602 487
602 488
600 489
599 490
599 491
600 492
596 493
594 494
589 495
591 496
590 497
592 498
593 499
594 500
594 501
596 502
597 503
599 504
600 505
601 506
600 507
600 508
604 509
604 510
605 511
606 512
608 513
610 514
614 515
615 516
614 517
615 518
617 519
617 520
617 521
616 522
616 523
615 524
617 525
618 526
616 527
619 528
618 529
618 530
618 531
617 532
618 533
618 534
616 535
616 536
615 537
614 538
614 539
613 540
613 541
616 542
616 543
616 544
617 545
617 546
618 547
619 548
619 549
620 550
621 551
621 552
620 553
622 554
624 555
626 556
629 557
631 558
631 559
631 560
632 561
634 562
635 563
635 564
635 565
636 566
635 567
636 568
636 569
636 570
636 571
636 572
636 573
636 574
637 575
637 576
637 577
637 578
637 579
637 580
637 581
637 582
637 583
638 584
637 585
637 586
637 587
637 588
637 589
637 590
637 591
637 592
637 593
638 594
635 595
637 596
637 597
636 598
636 599
636 600
635 601
635 602
636 603
636 604
636 605
635 606
638 607
636 608
635 609
635 610
635 611
637 612
637 613
638 614
637 615
637 616
638 617
637 618
638 619
638 620
638 621
637 622
637 623
638 624
638 625
638 626
638 627
636 628
636 629
638 630
637 631
635 632
634 633
634 634
636 635
635 636
632 637
632 638
630 639
631 640
634 641
637 642
637 643
637 644
633 645
635 646
637 647
636 648
637 649
634 650
632 651
633 652
632 653
635 654
635 655
630 656
635 657
634 658
634 659
632 660
629 661
632 662
628 663
629 664
625 665
623 666
627 667
624 668
624 669
625 670
623 671
625 672
627 673
624 674
619 675
622 676
620 677
623 678
622 679
616 680
620 681
620 682
621 683
619 684
613 685
616 686
612 687
621 688
618 689
617 690
615 691
612 692
612 693
622 694
618 695
610 696
613 697
615 698
613 699
606 700
612 701
623 702
618 703
613 704
613 705
608 706
607 707
609 708
613 709
614 710
604 711
590 712
590 713
594 714
599 715
587 716
584 717
599 718
599 719
