639 0
639 1
639 2
639 3
639 4
639 5
639 6
639 7
639 8
639 9
639 10
639 11
639 12
639 13
639 14
639 15
639 16
639 17
639 18
639 19
639 20
639 21
639 22
639 23
639 24
639 25
639 26
639 27
639 28
639 29
639 30
639 31
639 32
639 33
639 34
639 35
639 36
639 37
639 38
639 39
639 40
639 41
639 42
639 43
639 44
639 45
639 46
639 47
639 48
639 49
639 50
639 51
639 52
639 53
639 54
639 55
639 56
639 57
639 58
639 59
639 60
639 61
639 62
639 63
639 64
639 65
639 66
639 67
639 68
639 69
639 70
639 71
639 72
639 73
639 74
639 75
639 76
639 77
639 78
639 79
639 80
639 81
639 82
639 83
639 84
639 85
639 86
639 87
639 88
639 89
639 90
639 91
639 92
641 93
642 94
643 95
648 96
654 97
659 98
664 99
667 100
667 101
664 102
672 103
681 104
690 105
695 106
696 107
698 108
703 109
716 110
718 111
722 112
721 113
721 114
722 115
732 116
740 117
745 118
752 119
755 120
759 121
763 122
767 123
769 124
769 125
774 126
788 127
789 128
787 129
792 130
804 131
810 132
817 133
817 134
824 135
832 136
853 137
864 138
866 139
865 140
870 141
875 142
873 143
877 144
880 145
884 146
888 147
893 148
894 149
896 150
898 151
900 152
904 153
907 154
909 155
911 156
912 157
913 158
914 159
915 160
921 161
925 162
928 163
935 164
936 165
939 166
942 167
943 168
941 169
947 170
949 171
949 172
953 173
956 174
962 175
969 176
984 177
997 178
1002 179
1008 180
1009 181
1010 182
1009 183
1014 184
1016 185
1016 186
1016 187
1019 188
1020 189
1024 190
1025 191
1025 192
1042 193
1049 194
1054 195
1056 196
1055 197
1060 198
1068 199
1074 200
1091 201
1102 202
1106 203
1117 204
1119 205
1125 206
1129 207
1131 208
1141 209
1145 210
1153 211
1153 212
1151 213
1154 214
1166 215
1160 216
1169 217
1176 218
1172 219
1172 220
1170 221
1179 222
1182 223
1181 224
1190 225
1191 226
1197 227
1199 228
1202 229
1208 230
1206 231
1209 232
1216 233
1219 234
1223 235
1228 236
1223 237
1221 238
1195 239
1219 240
1233 241
1191 242
1215 243
1235 244
1261 245
1248 246
1223 247
1252 248
1211 249
1094 250
1124 251
1124 252
1081 253
1247 254
1178 255
842 256
755 257
1221 258
1216 259
1048 263
1033 264
1178 265
893 267
894 268
980 269
896 270
973 271
896 272
1271 277
1243 278
1208 279
1216 291
1279 293
1063 295
1136 296
1 305
220 306
7 307
68 308
17 309
20 310
26 311
27 312
29 313
34 314
36 315
50 316
61 317
45 318
83 319
49 320
52 321
62 322
75 323
82 324
89 325
96 326
121 327
83 328
88 329
94 330
83 331
78 332
79 333
81 334
101 335
97 336
96 337
103 338
101 339
95 340
157 341
172 342
182 343
188 344
202 345
198 346
201 347
205 348
208 349
209 350
213 351
213 352
215 353
216 354
217 355
220 356
221 357
223 358
224 359
228 360
232 361
238 362
244 363
251 364
254 365
256 366
259 367
261 368
263 369
264 370
267 371
268 372
273 373
275 374
278 375
278 376
281 377
285 378
286 379
288 380
293 381
293 382
298 383
296 384
297 385
299 386
305 387
308 388
310 389
308 390
307 391
314 392
316 393
324 394
327 395
320 396
317 397
321 398
322 399
323 400
325 401
327 402
328 403
326 404
325 405
328 406
331 407
332 408
332 409
329 410
329 411
337 412
338 413
341 414
343 415
342 416
343 417
344 418
346 419
345 420
347 421
353 422
356 423
357 424
361 425
365 426
398 427
414 428
426 429
422 430
435 431
445 432
472 433
488 434
498 435
500 436
504 437
517 438
519 439
526 440
527 441
528 442
539 443
538 444
556 445
564 446
572 447
572 448
576 449
573 450
574 451
583 452
574 453
572 454
572 455
572 456
575 457
571 458
572 459
570 460
573 461
574 462
576 463
577 464
586 465
584 466
583 467
582 468
586 469
589 470
591 471
592 472
593 473
593 474
593 475
594 476
595 477
599 478
598 479
599 480
602 481
597 482
598 483
600 484
599 485
600 486
599 487
597 488
603 489
602 490
601 491
602 492
602 493
599 494
599 495
599 496
599 497
600 498
600 499
601 500
603 501
603 502
604 503
605 504
606 505
606 506
606 507
605 508
608 509
607 510
606 511
608 512
612 513
613 514
615 515
616 516
615 517
614 518
612 519
615 520
615 521
615 522
615 523
614 524
615 525
616 526
617 527
618 528
618 529
618 530
618 531
620 532
620 533
619 534
617 535
617 536
617 537
618 538
616 539
616 540
617 541
617 542
615 543
617 544
616 545
620 546
620 547
620 548
620 549
617 550
618 551
621 552
620 553
620 554
623 555
629 556
630 557
630 558
631 559
631 560
632 561
634 562
634 563
635 564
636 565
635 566
635 567
636 568
634 569
637 570
637 571
637 572
637 573
636 574
634 575
636 576
638 577
637 578
638 579
637 580
637 581
636 582
636 583
637 584
637 585
637 586
636 587
637 588
636 589
637 590
637 591
636 592
637 593
635 594
635 595
637 596
637 597
636 598
638 599
635 600
636 601
637 602
636 603
637 604
636 605
635 606
635 607
636 608
637 609
636 610
636 611
637 612
637 613
637 614
633 615
638 616
638 617
638 618
637 619
637 620
637 621
638 622
634 623
638 624
638 625
638 626
637 627
638 628
637 629
637 630
637 631
638 632
637 633
637 634
636 635
635 636
634 637
633 638
634 639
634 640
634 641
636 642
635 643
637 644
637 645
638 646
636 647
635 648
635 649
635 650
635 651
637 652
636 653
636 654
635 655
633 656
635 657
633 658
634 659
635 660
632 661
627 662
629 663
629 664
629 665
629 666
627 667
629 668
627 669
624 670
623 671
618 672
623 673
621 674
624 675
624 676
621 677
616 678
619 679
623 680
625 681
620 682
619 683
614 684
611 685
618 686
619 687
618 688
616 689
622 690
618 691
617 692
620 693
622 694
611 695
612 696
618 697
614 698
615 699
615 700
614 701
616 702
607 703
614 704
612 705
606 706
603 707
606 708
610 709
606 710
601 711
598 712
597 713
597 714
608 715
596 716
595 717
599 718
603 719
