639 0
639 1
639 2
639 3
639 4
639 5
639 6
639 7
639 8
639 9
639 10
639 11
639 12
639 13
639 14
639 15
639 16
639 17
639 18
639 19
639 20
639 21
639 22
639 23
639 24
639 25
639 26
639 27
639 28
639 29
639 30
639 31
639 32
639 33
639 34
639 35
639 36
639 37
639 38
639 39
639 40
639 41
639 42
639 43
639 44
639 45
639 46
639 47
639 48
639 49
639 50
639 51
639 52
639 53
639 54
639 55
639 56
639 57
639 58
639 59
639 60
639 61
639 62
639 63
639 64
639 65
639 66
639 67
639 68
639 69
639 70
639 71
639 72
639 73
639 74
639 75
639 76
639 77
639 78
639 79
639 80
639 81
639 82
639 83
639 84
639 85
639 86
639 87
639 88
639 89
639 90
639 91
639 92
640 93
642 94
645 95
643 96
652 97
660 98
667 99
667 100
669 101
667 102
669 103
676 104
689 105
695 106
693 107
695 108
707 109
710 110
716 111
725 112
722 113
724 114
725 115
731 116
743 117
746 118
745 119
751 120
754 121
764 122
767 123
767 124
770 125
777 126
783 127
788 128
789 129
791 130
804 131
808 132
814 133
815 134
817 135
829 136
846 137
867 138
867 139
870 140
873 141
873 142
875 143
877 144
880 145
883 146
889 147
893 148
891 149
898 150
896 151
901 152
902 153
909 154
910 155
912 156
911 157
912 158
913 159
915 160
917 161
921 162
926 163
936 164
937 165
938 166
943 167
945 168
947 169
948 170
949 171
950 172
952 173
954 174
962 175
964 176
976 177
994 178
1001 179
1007 180
1010 181
1012 182
1011 183
1014 184
1015 185
1016 186
1017 187
1019 188
1025 189
1027 190
1025 191
1025 192
1042 193
1048 194
1055 195
1056 196
1056 197
1058 198
1068 199
1077 200
1093 201
1102 202
1104 203
1114 204
1122 205
1125 206
1128 207
1130 208
1139 209
1144 210
1152 211
1153 212
1154 213
1157 214
1169 215
1170 216
1178 217
1173 218
1165 219
1175 220
1176 221
1180 222
1180 223
1186 224
1187 225
1189 226
1196 227
1198 228
1200 229
1205 230
1208 231
1210 232
1211 233
1214 234
1220 235
1225 236
1229 237
1230 238
1208 239
1177 240
1211 241
1179 242
1154 243
1200 244
1259 245
1176 246
1201 247
1267 248
1270 249
1274 250
1072 251
762 252
760 253
759 254
908 256
1261 262
1188 266
1279 267
895 268
901 269
895 270
964 271
1049 272
898 273
898 274
899 275
900 276
905 282
0 304
2 305
5 306
7 307
146 308
120 309
87 310
24 311
27 312
30 313
33 314
38 315
39 316
43 317
55 318
55 319
65 320
51 321
53 322
61 323
83 324
83 325
84 326
90 327
90 328
82 329
94 330
80 331
82 332
91 333
82 334
84 335
92 336
84 337
88 338
105 339
109 340
162 341
176 342
187 343
192 344
200 345
201 346
202 347
208 348
208 349
211 350
213 351
215 352
217 353
217 354
218 355
219 356
221 357
223 358
225 359
228 360
234 361
236 362
243 363
250 364
254 365
256 366
258 367
261 368
263 369
264 370
267 371
269 372
272 373
273 374
276 375
277 376
282 377
284 378
287 379
293 380
294 381
293 382
294 383
300 384
304 385
305 386
302 387
304 388
310 389
311 390
313 391
312 392
319 393
322 394
321 395
322 396
318 397
314 398
318 399
326 400
324 401
328 402
324 403
320 404
325 405
327 406
328 407
328 408
328 409
331 410
333 411
334 412
338 413
338 414
342 415
339 416
344 417
345 418
343 419
344 420
349 421
348 422
351 423
357 424
358 425
367 426
389 427
412 428
422 429
431 430
438 431
452 432
476 433
486 434
497 435
504 436
504 437
516 438
529 439
523 440
543 441
542 442
541 443
553 444
553 445
562 446
569 447
577 448
585 449
577 450
571 451
573 452
570 453
570 454
574 455
573 456
575 457
572 458
570 459
570 460
570 461
577 462
575 463
579 464
581 465
581 466
582 467
584 468
584 469
584 470
587 471
595 472
591 473
587 474
591 475
591 476
592 477
597 478
599 479
599 480
599 481
600 482
600 483
602 484
599 485
599 486
598 487
599 488
596 489
600 490
602 491
603 492
603 493
604 494
599 495
600 496
602 497
601 498
601 499
601 500
602 501
603 502
604 503
604 504
605 505
607 506
606 507
606 508
608 509
608 510
608 511
609 512
609 513
611 514
614 515
614 516
616 517
618 518
614 519
616 520
615 521
614 522
614 523
614 524
613 525
616 526
621 527
621 528
620 529
620 530
619 531
619 532
619 533
617 534
617 535
619 536
617 537
615 538
617 539
615 540
615 541
615 542
616 543
618 544
617 545
617 546
619 547
620 548
620 549
621 550
621 551
621 552
621 553
620 554
625 555
629 556
628 557
630 558
631 559
633 560
632 561
633 562
634 563
635 564
636 565
636 566
635 567
637 568
636 569
635 570
636 571
636 572
637 573
637 574
637 575
636 576
637 577
637 578
637 579
638 580
637 581
636 582
638 583
638 584
637 585
637 586
638 587
637 588
636 589
637 590
637 591
637 592
637 593
637 594
635 595
636 596
637 597
636 598
634 599
635 600
634 601
635 602
637 603
637 604
636 605
636 606
637 607
634 608
636 609
636 610
637 611
637 612
638 613
638 614
638 615
637 616
638 617
638 618
638 619
638 620
638 621
637 622
636 623
637 624
637 625
638 626
637 627
634 628
635 629
638 630
637 631
637 632
637 633
638 634
635 635
632 636
630 637
629 638
631 639
633 640
633 641
636 642
636 643
636 644
635 645
636 646
633 647
634 648
637 649
636 650
635 651
636 652
635 653
634 654
635 655
634 656
634 657
636 658
635 659
635 660
634 661
632 662
625 663
630 664
629 665
628 666
626 667
624 668
626 669
627 670
624 671
623 672
625 673
622 674
619 675
618 676
623 677
622 678
617 679
620 680
625 681
625 682
624 683
623 684
620 685
617 686
615 687
619 688
623 689
627 690
620 691
623 692
622 693
622 694
612 695
614 696
614 697
615 698
616 699
615 700
614 701
611 702
609 703
616 704
618 705
612 706
608 707
608 708
610 709
608 710
605 711
604 712
606 713
599 714
594 715
590 716
597 717
593 718
607 719
