639 0
639 1
639 2
639 3
639 4
639 5
639 6
639 7
639 8
639 9
639 10
639 11
639 12
639 13
639 14
639 15
639 16
639 17
639 18
639 19
639 20
639 21
639 22
639 23
639 24
639 25
639 26
639 27
639 28
639 29
639 30
639 31
639 32
639 33
639 34
639 35
639 36
639 37
639 38
639 39
639 40
639 41
639 42
639 43
639 44
639 45
639 46
639 47
639 48
639 49
639 50
639 51
639 52
639 53
639 54
639 55
639 56
639 57
639 58
639 59
639 60
639 61
639 62
639 63
639 64
639 65
639 66
639 67
639 68
639 69
639 70
639 71
639 72
639 73
639 74
639 75
639 76
639 77
639 78
639 79
639 80
639 81
639 82
639 83
639 84
639 85
639 86
639 87
639 88
639 89
639 90
639 91
639 92
640 93
642 94
644 95
648 96
651 97
662 98
666 99
669 100
669 101
669 102
670 103
679 104
689 105
695 106
695 107
697 108
701 109
713 110
716 111
721 112
722 113
725 114
724 115
726 116
740 117
748 118
751 119
750 120
756 121
762 122
764 123
768 124
769 125
777 126
790 127
790 128
789 129
789 130
797 131
811 132
819 133
817 134
824 135
835 136
849 137
867 138
868 139
872 140
874 141
873 142
875 143
878 144
881 145
884 146
888 147
893 148
892 149
898 150
898 151
901 152
903 153
906 154
910 155
911 156
913 157
913 158
914 159
916 160
917 161
923 162
929 163
936 164
937 165
939 166
940 167
941 168
943 169
947 170
946 171
950 172
953 173
957 174
964 175
969 176
978 177
995 178
1002 179
1006 180
1010 181
1012 182
1013 183
1012 184
1016 185
1018 186
1017 187
1018 188
1023 189
1025 190
1025 191
1024 192
1040 193
1052 194
1055 195
1055 196
1056 197
1057 198
1067 199
1079 200
1090 201
1102 202
1110 203
1118 204
1124 205
1125 206
1125 207
1131 208
1139 209
1147 210
1151 211
1151 212
1154 213
1157 214
1164 215
1170 216
1173 217
1175 218
1172 219
1175 220
1177 221
1176 222
1185 223
1185 224
1188 225
1189 226
1195 227
1198 228
1202 229
1202 230
1207 231
1206 232
1218 233
1218 234
1222 235
1226 236
1222 237
1229 238
1204 239
1207 240
1202 241
1199 242
1224 243
1264 244
1260 245
1261 246
1251 247
1254 248
1268 249
1211 250
763 252
763 253
1046 255
903 257
1234 259
1234 260
1144 264
1160 265
1143 266
1237 267
971 269
901 270
1239 271
1260 272
1239 273
1215 283
1206 285
1207 286
919 287
965 288
966 296
968 297
0 305
127 306
222 307
69 308
17 309
20 310
24 311
29 312
30 313
33 314
38 315
41 316
74 317
101 318
80 319
77 320
95 321
114 322
105 323
64 324
58 325
65 326
99 327
95 328
96 329
112 330
107 331
100 332
92 333
93 334
95 335
81 336
85 337
88 338
94 339
106 340
165 341
184 342
186 343
192 344
196 345
199 346
202 347
207 348
208 349
209 350
211 351
213 352
214 353
217 354
218 355
219 356
221 357
223 358
224 359
227 360
233 361
237 362
245 363
251 364
255 365
256 366
258 367
261 368
262 369
265 370
267 371
267 372
271 373
273 374
275 375
280 376
283 377
282 378
286 379
287 380
291 381
295 382
300 383
293 384
299 385
306 386
310 387
311 388
310 389
311 390
314 391
312 392
314 393
314 394
313 395
316 396
324 397
328 398
330 399
326 400
330 401
331 402
329 403
328 404
335 405
333 406
332 407
333 408
332 409
330 410
330 411
339 412
337 413
336 414
342 415
343 416
343 417
343 418
345 419
350 420
351 421
357 422
355 423
361 424
359 425
362 426
389 427
412 428
418 429
423 430
433 431
453 432
469 433
486 434
496 435
505 436
512 437
514 438
514 439
519 440
538 441
541 442
555 443
552 444
553 445
561 446
566 447
566 448
576 449
576 450
569 451
570 452
565 453
564 454
565 455
560 456
566 457
568 458
568 459
570 460
570 461
574 462
576 463
581 464
585 465
581 466
580 467
583 468
583 469
584 470
585 471
590 472
592 473
590 474
585 475
594 476
597 477
599 478
599 479
599 480
599 481
598 482
598 483
601 484
600 485
596 486
597 487
603 488
601 489
601 490
601 491
601 492
601 493
602 494
600 495
599 496
600 497
600 498
600 499
601 500
602 501
604 502
603 503
604 504
603 505
604 506
605 507
605 508
606 509
606 510
609 511
609 512
611 513
612 514
613 515
612 516
613 517
613 518
614 519
616 520
615 521
616 522
615 523
613 524
615 525
617 526
616 527
619 528
619 529
620 530
619 531
618 532
619 533
619 534
618 535
616 536
615 537
615 538
616 539
615 540
612 541
615 542
613 543
617 544
617 545
617 546
620 547
620 548
620 549
620 550
620 551
620 552
622 553
621 554
621 555
624 556
628 557
629 558
631 559
632 560
631 561
633 562
635 563
635 564
635 565
635 566
635 567
636 568
637 569
636 570
636 571
637 572
637 573
637 574
636 575
637 576
638 577
638 578
636 579
637 580
636 581
637 582
638 583
638 584
637 585
637 586
637 587
637 588
637 589
638 590
637 591
637 592
636 593
637 594
637 595
637 596
637 597
636 598
635 599
636 600
637 601
636 602
637 603
636 604
637 605
637 606
636 607
636 608
637 609
635 610
636 611
636 612
637 613
636 614
636 615
637 616
637 617
638 618
637 619
637 620
636 621
638 622
636 623
636 624
638 625
637 626
637 627
637 628
637 629
634 630
634 631
638 632
638 633
637 634
637 635
637 636
635 637
633 638
631 639
629 640
634 641
634 642
636 643
636 644
636 645
637 646
633 647
635 648
637 649
635 650
635 651
636 652
636 653
635 654
632 655
632 656
633 657
632 658
634 659
633 660
633 661
634 662
629 663
628 664
629 665
626 666
624 667
625 668
623 669
623 670
622 671
625 672
627 673
627 674
627 675
628 676
621 677
623 678
620 679
621 680
622 681
621 682
623 683
616 684
618 685
622 686
618 687
623 688
624 689
613 690
612 691
615 692
616 693
619 694
616 695
620 696
616 697
610 698
610 699
615 700
615 701
607 702
608 703
612 704
601 705
601 706
602 707
599 708
606 709
610 710
598 711
593 712
594 713
597 714
598 715
593 716
596 717
601 718
602 719
