639 0
639 1
639 2
639 3
639 4
639 5
639 6
639 7
639 8
639 9
639 10
639 11
639 12
639 13
639 14
639 15
639 16
639 17
639 18
639 19
639 20
639 21
639 22
639 23
639 24
639 25
639 26
639 27
639 28
639 29
639 30
639 31
639 32
639 33
639 34
639 35
639 36
639 37
639 38
639 39
639 40
639 41
639 42
639 43
639 44
639 45
639 46
639 47
639 48
639 49
639 50
639 51
639 52
639 53
639 54
639 55
639 56
639 57
639 58
639 59
639 60
639 61
639 62
639 63
639 64
639 65
639 66
639 67
639 68
639 69
639 70
639 71
639 72
639 73
639 74
639 75
639 76
639 77
639 78
639 79
639 80
639 81
639 82
639 83
639 84
639 85
639 86
639 87
639 88
639 89
639 90
639 91
639 92
641 93
642 94
643 95
650 96
653 97
657 98
663 99
670 100
675 101
671 102
674 103
678 104
687 105
694 106
696 107
695 108
701 109
712 110
710 111
718 112
719 113
724 114
727 115
732 116
739 117
742 118
746 119
754 120
758 121
763 122
770 123
768 124
771 125
778 126
784 127
788 128
788 129
789 130
802 131
812 132
814 133
813 134
819 135
831 136
853 137
870 138
868 139
871 140
876 141
873 142
876 143
878 144
882 145
883 146
888 147
893 148
895 149
898 150
898 151
901 152
903 153
907 154
908 155
911 156
912 157
912 158
913 159
917 160
920 161
923 162
928 163
932 164
934 165
937 166
943 167
946 168
946 169
946 170
947 171
952 172
954 173
953 174
959 175
970 176
981 177
999 178
1004 179
1010 180
1011 181
1009 182
1011 183
1011 184
1015 185
1016 186
1017 187
1016 188
1020 189
1025 190
1025 191
1025 192
1043 193
1052 194
1055 195
1056 196
1056 197
1058 198
1067 199
1081 200
1091 201
1106 202
1104 203
1112 204
1121 205
1126 206
1129 207
1132 208
1140 209
1146 210
1153 211
1153 212
1154 213
1158 214
1162 215
1166 216
1173 217
1173 218
1174 219
1175 220
1176 221
1175 222
1185 223
1190 224
1191 225
1190 226
1194 227
1197 228
1201 229
1205 230
1208 231
1211 232
1214 233
1217 234
1220 235
1226 236
1219 237
1236 238
1210 239
1191 240
1225 241
1186 242
1168 243
1227 244
1218 245
1246 246
1264 247
1245 248
1275 249
1279 250
1279 251
1190 252
760 253
1192 258
1192 259
1256 264
864 265
999 266
1056 267
1045 268
945 269
895 270
833 271
1267 275
1022 276
901 277
1088 282
1236 288
1030 291
1031 292
1204 295
983 296
752 297
0 304
4 306
49 307
46 308
38 309
20 310
59 311
26 312
29 313
32 314
36 315
62 316
64 317
74 318
76 319
83 320
77 321
84 322
108 323
94 324
70 325
78 326
91 327
104 328
94 329
83 330
75 331
84 332
92 333
81 334
83 335
81 336
89 337
96 338
96 339
101 340
157 341
174 342
183 343
190 344
197 345
199 346
201 347
204 348
207 349
208 350
213 351
213 352
215 353
216 354
218 355
219 356
220 357
223 358
225 359
227 360
233 361
237 362
245 363
251 364
254 365
256 366
259 367
261 368
263 369
265 370
267 371
268 372
270 373
271 374
276 375
279 376
282 377
285 378
286 379
291 380
292 381
296 382
295 383
297 384
306 385
302 386
303 387
309 388
310 389
313 390
316 391
318 392
319 393
317 394
310 395
314 396
316 397
311 398
314 399
326 400
326 401
328 402
328 403
329 404
332 405
329 406
331 407
337 408
337 409
338 410
337 411
337 412
340 413
341 414
338 415
348 416
347 417
346 418
346 419
346 420
346 421
349 422
352 423
361 424
359 425
369 426
384 427
410 428
426 429
434 430
445 431
457 432
473 433
485 434
497 435
500 436
508 437
516 438
526 439
525 440
538 441
545 442
543 443
562 444
562 445
567 446
571 447
571 448
572 449
577 450
577 451
574 452
571 453
573 454
568 455
571 456
573 457
569 458
570 459
567 460
571 461
577 462
580 463
577 464
579 465
584 466
582 467
581 468
582 469
587 470
588 471
590 472
591 473
585 474
587 475
595 476
598 477
599 478
599 479
600 480
602 481
595 482
593 483
597 484
597 485
597 486
598 487
597 488
601 489
601 490
601 491
603 492
601 493
600 494
597 495
598 496
599 497
600 498
600 499
601 500
602 501
602 502
602 503
603 504
604 505
604 506
605 507
606 508
607 509
605 510
606 511
609 512
611 513
614 514
615 515
617 516
615 517
614 518
616 519
615 520
615 521
614 522
614 523
614 524
617 525
618 526
620 527
619 528
619 529
618 530
619 531
620 532
619 533
617 534
615 535
614 536
615 537
614 538
614 539
613 540
617 541
617 542
616 543
617 544
619 545
619 546
619 547
620 548
621 549
620 550
621 551
622 552
622 553
623 554
627 555
630 556
628 557
629 558
629 559
630 560
632 561
633 562
634 563
634 564
635 565
636 566
636 567
636 568
635 569
634 570
636 571
637 572
637 573
637 574
636 575
637 576
637 577
637 578
637 579
637 580
637 581
637 582
637 583
636 584
637 585
637 586
637 587
638 588
637 589
636 590
636 591
636 592
637 593
637 594
636 595
637 596
637 597
636 598
636 599
636 600
634 601
636 602
637 603
637 604
636 605
636 606
637 607
635 608
638 609
637 610
638 611
638 612
638 613
638 614
637 615
637 616
638 617
638 618
638 619
638 620
638 621
638 622
638 623
636 624
637 625
636 626
637 627
636 628
638 629
636 630
634 631
638 632
638 633
637 634
637 635
634 636
633 637
633 638
631 639
633 640
632 641
634 642
636 643
635 644
633 645
637 646
636 647
637 648
636 649
634 650
633 651
636 652
636 653
636 654
629 655
630 656
633 657
633 658
636 659
634 660
630 661
631 662
632 663
627 664
623 665
627 666
622 667
625 668
627 669
625 670
613 671
620 672
626 673
625 674
625 675
623 676
618 677
620 678
619 679
623 680
615 681
617 682
618 683
616 684
620 685
620 686
621 687
621 688
624 689
614 690
615 691
622 692
619 693
620 694
613 695
613 696
617 697
617 698
610 699
608 700
620 701
618 702
613 703
606 704
606 705
603 706
608 707
607 708
605 709
608 710
593 711
601 712
597 713
598 714
597 715
592 716
596 717
599 718
604 719
