639 0
639 1
639 2
639 3
639 4
639 5
639 6
639 7
639 8
639 9
639 10
639 11
639 12
639 13
639 14
639 15
639 16
639 17
639 18
639 19
639 20
639 21
639 22
639 23
639 24
639 25
639 26
639 27
639 28
639 29
639 30
639 31
639 32
639 33
639 34
639 35
639 36
639 37
639 38
639 39
639 40
639 41
639 42
639 43
639 44
639 45
639 46
639 47
639 48
639 49
639 50
639 51
639 52
639 53
639 54
639 55
639 56
639 57
639 58
639 59
639 60
639 61
639 62
639 63
639 64
639 65
639 66
639 67
639 68
639 69
639 70
639 71
639 72
639 73
639 74
639 75
639 76
639 77
639 78
639 79
639 80
639 81
639 82
639 83
639 84
639 85
639 86
639 87
639 88
639 89
639 90
639 91
639 92
642 93
641 94
644 95
650 96
652 97
658 98
665 99
670 100
672 101
667 102
667 103
676 104
689 105
697 106
697 107
702 108
707 109
710 110
717 111
724 112
723 113
725 114
727 115
730 116
740 117
744 118
749 119
752 120
758 121
765 122
771 123
770 124
769 125
775 126
783 127
788 128
788 129
792 130
808 131
809 132
813 133
817 134
822 135
835 136
846 137
868 138
871 139
870 140
873 141
876 142
877 143
873 144
879 145
886 146
889 147
892 148
894 149
898 150
897 151
901 152
903 153
905 154
908 155
909 156
911 157
912 158
915 159
916 160
917 161
922 162
932 163
936 164
936 165
939 166
940 167
940 168
944 169
946 170
949 171
951 172
952 173
955 174
964 175
965 176
981 177
1000 178
1002 179
1009 180
1010 181
1010 182
1008 183
1011 184
1014 185
1014 186
1015 187
1018 188
1024 189
1026 190
1025 191
1027 192
1038 193
1049 194
1055 195
1056 196
1054 197
1055 198
1067 199
1078 200
1090 201
1104 202
1105 203
1116 204
1122 205
1125 206
1127 207
1132 208
1138 209
1144 210
1153 211
1154 212
1151 213
1154 214
1168 215
1172 216
1171 217
1176 218
1173 219
1174 220
1177 221
1178 222
1188 223
1189 224
1185 225
1192 226
1193 227
1193 228
1204 229
1205 230
1202 231
1208 232
1218 233
1220 234
1227 235
1225 236
1218 237
1224 238
1188 239
1181 240
1222 241
1213 242
1217 243
1264 244
1250 245
1262 246
1221 247
1201 248
1221 250
1247 251
1278 252
1214 253
683 255
1167 258
1056 261
1115 264
1270 265
1117 266
893 267
1080 268
840 269
892 270
893 271
1033 272
895 273
895 274
897 278
1224 282
1192 283
1272 295
964 296
0 304
1 305
2 306
63 307
11 308
61 309
17 310
24 311
28 312
28 313
34 314
37 315
40 316
43 317
55 318
85 319
85 320
85 321
77 322
69 323
70 324
91 325
94 326
82 327
83 328
83 329
88 330
79 331
80 332
72 333
76 334
89 335
82 336
84 337
97 338
92 339
96 340
160 341
176 342
184 343
195 344
197 345
198 346
202 347
204 348
207 349
209 350
211 351
213 352
215 353
217 354
218 355
219 356
221 357
222 358
227 359
230 360
233 361
237 362
245 363
251 364
254 365
256 366
258 367
261 368
264 369
268 370
268 371
270 372
271 373
273 374
275 375
276 376
279 377
284 378
287 379
288 380
290 381
292 382
297 383
299 384
301 385
302 386
308 387
306 388
310 389
311 390
314 391
319 392
319 393
321 394
316 395
321 396
321 397
317 398
320 399
326 400
321 401
325 402
323 403
326 404
326 405
328 406
331 407
329 408
333 409
336 410
337 411
340 412
342 413
341 414
340 415
341 416
343 417
344 418
346 419
348 420
351 421
351 422
352 423
354 424
354 425
362 426
387 427
415 428
427 429
441 430
441 431
458 432
476 433
485 434
496 435
503 436
512 437
525 438
529 439
533 440
526 441
533 442
546 443
554 444
561 445
567 446
575 447
568 448
575 449
579 450
577 451
574 452
571 453
572 454
567 455
572 456
571 457
565 458
566 459
573 460
575 461
574 462
572 463
583 464
581 465
582 466
577 467
580 468
583 469
587 470
585 471
593 472
593 473
590 474
593 475
595 476
601 477
604 478
600 479
600 480
592 481
598 482
599 483
598 484
596 485
596 486
600 487
599 488
602 489
602 490
604 491
602 492
602 493
599 494
600 495
600 496
600 497
600 498
600 499
600 500
602 501
602 502
603 503
605 504
607 505
605 506
603 507
607 508
607 509
607 510
609 511
610 512
611 513
614 514
614 515
615 516
614 517
615 518
617 519
616 520
617 521
618 522
616 523
616 524
618 525
620 526
619 527
619 528
619 529
618 530
617 531
618 532
617 533
616 534
615 535
617 536
618 537
619 538
617 539
615 540
616 541
616 542
617 543
618 544
618 545
619 546
619 547
620 548
621 549
621 550
620 551
619 552
621 553
622 554
626 555
629 556
630 557
631 558
629 559
632 560
634 561
635 562
634 563
634 564
635 565
636 566
636 567
637 568
637 569
637 570
637 571
637 572
637 573
636 574
636 575
637 576
637 577
638 578
637 579
638 580
638 581
638 582
637 583
636 584
637 585
637 586
637 587
637 588
636 589
637 590
637 591
637 592
637 593
635 594
637 595
637 596
637 597
637 598
635 599
635 600
635 601
636 602
636 603
637 604
637 605
636 606
636 607
635 608
636 609
636 610
636 611
637 612
636 613
636 614
637 615
636 616
638 617
637 618
637 619
637 620
636 621
638 622
634 623
638 624
638 625
638 626
637 627
637 628
636 629
637 630
638 631
639 632
637 633
636 634
636 635
635 636
632 637
632 638
629 639
636 640
635 641
636 642
635 643
634 644
636 645
637 646
635 647
632 648
636 649
633 650
636 651
634 652
633 653
634 654
635 655
636 656
634 657
636 658
636 659
633 660
633 661
629 662
626 663
623 664
625 665
626 666
627 667
628 668
625 669
626 670
622 671
628 672
626 673
625 674
627 675
621 676
620 677
620 678
622 679
618 680
625 681
621 682
618 683
619 684
615 685
616 686
620 687
625 688
619 689
619 690
620 691
619 692
613 693
614 694
611 695
614 696
614 697
614 698
612 699
615 700
614 701
611 702
607 703
604 704
610 705
605 706
601 707
609 708
618 709
617 710
612 711
600 712
603 713
597 714
593 715
595 716
591 717
584 718
593 719
