639 0
639 1
639 2
639 3
639 4
639 5
639 6
639 7
639 8
639 9
639 10
639 11
639 12
639 13
639 14
639 15
639 16
639 17
639 18
639 19
639 20
639 21
639 22
639 23
639 24
639 25
639 26
639 27
639 28
639 29
639 30
639 31
639 32
639 33
639 34
639 35
639 36
639 37
639 38
639 39
639 40
639 41
639 42
639 43
639 44
639 45
639 46
639 47
639 48
639 49
639 50
639 51
639 52
639 53
639 54
639 55
639 56
639 57
639 58
639 59
639 60
639 61
639 62
639 63
639 64
639 65
639 66
639 67
639 68
639 69
639 70
639 71
639 72
639 73
639 74
639 75
639 76
639 77
639 78
639 79
639 80
639 81
639 82
639 83
639 84
639 85
639 86
639 87
639 88
639 89
639 90
639 91
639 92
640 93
642 94
643 95
646 96
649 97
657 98
663 99
668 100
669 101
665 102
670 103
681 104
692 105
693 106
698 107
699 108
700 109
703 110
715 111
722 112
726 113
727 114
726 115
730 116
740 117
750 118
746 119
747 120
755 121
763 122
769 123
768 124
771 125
774 126
780 127
791 128
789 129
790 130
805 131
808 132
816 133
815 134
820 135
829 136
854 137
865 138
865 139
869 140
873 141
875 142
874 143
876 144
881 145
886 146
888 147
891 148
894 149
897 150
898 151
896 152
903 153
906 154
908 155
910 156
911 157
913 158
913 159
916 160
917 161
918 162
929 163
934 164
937 165
939 166
942 167
945 168
945 169
948 170
949 171
950 172
950 173
956 174
963 175
964 176
982 177
991 178
1005 179
1008 180
1009 181
1011 182
1010 183
1013 184
1015 185
1015 186
1018 187
1019 188
1022 189
1026 190
1026 191
1025 192
1039 193
1047 194
1054 195
1055 196
1054 197
1058 198
1069 199
1077 200
1090 201
1101 202
1107 203
1118 204
1123 205
1125 206
1128 207
1131 208
1136 209
1143 210
1151 211
1153 212
1154 213
1157 214
1165 215
1171 216
1178 217
1174 218
1171 219
1176 220
1177 221
1179 222
1190 223
1185 224
1191 225
1189 226
1193 227
1197 228
1200 229
1203 230
1211 231
1211 232
1215 233
1219 234
1226 235
1227 236
1227 237
1206 238
1190 239
1188 240
1206 241
1232 242
1203 243
1193 244
1262 245
1262 246
1224 247
1266 248
1272 249
1273 251
753 255
753 256
751 257
975 258
1200 259
1185 260
1226 261
1254 262
1178 263
890 264
979 267
979 268
1018 269
894 270
904 271
896 273
1076 274
1076 275
1076 276
1279 279
1279 280
1162 282
0 304
3 305
3 306
62 307
50 308
38 309
20 310
22 311
28 312
31 313
33 314
36 315
62 316
100 317
101 318
85 319
75 320
69 321
78 322
86 323
82 324
83 325
83 326
92 327
61 328
81 329
83 330
85 331
83 332
90 333
80 334
78 335
82 336
94 337
93 338
100 339
104 340
156 341
173 342
183 343
193 344
202 345
199 346
201 347
206 348
207 349
208 350
213 351
213 352
217 353
217 354
217 355
219 356
221 357
223 358
225 359
228 360
231 361
237 362
241 363
250 364
253 365
255 366
259 367
261 368
262 369
264 370
266 371
268 372
270 373
274 374
276 375
279 376
281 377
284 378
286 379
288 380
291 381
293 382
290 383
295 384
298 385
304 386
305 387
307 388
307 389
306 390
308 391
315 392
312 393
323 394
324 395
321 396
313 397
314 398
318 399
325 400
322 401
326 402
323 403
320 404
323 405
325 406
328 407
330 408
327 409
331 410
337 411
338 412
341 413
340 414
343 415
341 416
342 417
342 418
343 419
346 420
352 421
352 422
347 423
356 424
357 425
366 426
389 427
409 428
425 429
430 430
440 431
458 432
475 433
492 434
488 435
505 436
517 437
523 438
523 439
528 440
534 441
544 442
546 443
555 444
560 445
563 446
565 447
573 448
584 449
576 450
574 451
575 452
568 453
568 454
570 455
570 456
573 457
570 458
568 459
567 460
567 461
570 462
571 463
575 464
581 465
585 466
584 467
583 468
585 469
589 470
585 471
592 472
594 473
595 474
592 475
596 476
598 477
602 478
600 479
598 480
602 481
601 482
598 483
600 484
599 485
599 486
600 487
599 488
599 489
598 490
603 491
602 492
600 493
597 494
597 495
597 496
599 497
599 498
601 499
601 500
603 501
604 502
603 503
603 504
605 505
605 506
605 507
606 508
608 509
609 510
609 511
611 512
611 513
613 514
614 515
614 516
614 517
615 518
616 519
618 520
615 521
614 522
615 523
618 524
615 525
615 526
616 527
617 528
616 529
618 530
617 531
616 532
617 533
618 534
618 535
617 536
617 537
617 538
616 539
617 540
621 541
620 542
617 543
617 544
619 545
619 546
620 547
620 548
620 549
621 550
621 551
621 552
621 553
622 554
627 555
629 556
629 557
631 558
631 559
631 560
633 561
635 562
635 563
636 564
636 565
636 566
637 567
637 568
637 569
636 570
637 571
637 572
637 573
638 574
636 575
637 576
637 577
637 578
637 579
637 580
637 581
637 582
638 583
636 584
636 585
636 586
637 587
637 588
637 589
638 590
637 591
637 592
638 593
637 594
637 595
636 596
637 597
635 598
635 599
636 600
635 601
635 602
635 603
637 604
638 605
637 606
637 607
635 608
636 609
636 610
636 611
638 612
637 613
638 614
638 615
638 616
638 617
636 618
637 619
638 620
637 621
636 622
636 623
635 624
637 625
638 626
637 627
637 628
637 629
637 630
636 631
636 632
638 633
636 634
634 635
637 636
634 637
632 638
633 639
632 640
634 641
635 642
633 643
632 644
635 645
636 646
636 647
636 648
636 649
636 650
634 651
636 652
634 653
634 654
632 655
635 656
633 657
633 658
633 659
629 660
627 661
630 662
622 663
621 664
625 665
628 666
623 667
625 668
627 669
627 670
624 671
623 672
624 673
624 674
622 675
625 676
621 677
623 678
617 679
621 680
616 681
621 682
621 683
621 684
617 685
616 686
617 687
617 688
622 689
619 690
616 691
619 692
612 693
615 694
614 695
612 696
614 697
614 698
621 699
618 700
621 701
611 702
610 703
610 704
603 705
603 706
603 707
599 708
601 709
607 710
609 711
598 712
598 713
599 714
601 715
600 716
596 717
594 718
604 719
