639 0
639 1
639 2
639 3
639 4
639 5
639 6
639 7
639 8
639 9
639 10
639 11
639 12
639 13
639 14
639 15
639 16
639 17
639 18
639 19
639 20
639 21
639 22
639 23
639 24
639 25
639 26
639 27
639 28
639 29
639 30
639 31
639 32
639 33
639 34
639 35
639 36
639 37
639 38
639 39
639 40
639 41
639 42
639 43
639 44
639 45
639 46
639 47
639 48
639 49
639 50
639 51
639 52
639 53
639 54
639 55
639 56
639 57
639 58
639 59
639 60
639 61
639 62
639 63
639 64
639 65
639 66
639 67
639 68
639 69
639 70
639 71
639 72
639 73
639 74
639 75
639 76
639 77
639 78
639 79
639 80
639 81
639 82
639 83
639 84
639 85
639 86
639 87
639 88
639 89
639 90
639 91
639 92
641 93
643 94
642 95
647 96
654 97
668 98
667 99
672 100
668 101
671 102
672 103
682 104
689 105
702 106
713 107
709 108
712 109
719 110
724 111
727 112
724 113
725 114
733 115
736 116
740 117
747 118
755 119
757 120
759 121
766 122
773 123
773 124
770 125
773 126
783 127
791 128
793 129
791 130
804 131
813 132
816 133
820 134
820 135
835 136
843 137
864 138
870 139
871 140
871 141
878 142
880 143
877 144
878 145
882 146
889 147
891 148
893 149
896 150
898 151
901 152
902 153
906 154
909 155
912 156
912 157
912 158
914 159
917 160
919 161
926 162
928 163
932 164
935 165
938 166
942 167
944 168
946 169
948 170
949 171
950 172
951 173
954 174
962 175
965 176
981 177
997 178
1006 179
1008 180
1010 181
1011 182
1010 183
1013 184
1014 185
1018 186
1017 187
1018 188
1023 189
1027 190
1026 191
1026 192
1035 193
1048 194
1055 195
1059 196
1060 197
1062 198
1068 199
1077 200
1093 201
1104 202
1111 203
1115 204
1120 205
1122 206
1128 207
1130 208
1136 209
1142 210
1152 211
1152 212
1155 213
1158 214
1162 215
1174 216
1175 217
1176 218
1173 219
1174 220
1174 221
1179 222
1186 223
1189 224
1189 225
1191 226
1194 227
1198 228
1204 229
1207 230
1210 231
1206 232
1217 233
1214 234
1220 235
1225 236
1219 237
1232 238
1228 239
1231 240
1241 241
1251 242
1257 243
1258 244
1238 245
1143 246
1034 247
1082 248
1272 249
990 250
1063 251
1278 252
966 254
965 255
967 256
1039 264
1170 265
1203 266
996 268
980 269
984 270
1215 271
977 272
977 273
977 274
1272 278
1085 288
1256 289
1256 290
963 291
963 292
1071 299
1119 301
1119 302
1120 303
1122 304
816 305
309 306
120 307
10 308
14 309
94 310
129 311
82 312
66 313
31 314
35 315
38 316
54 317
43 318
48 319
49 320
48 321
80 322
71 323
56 324
58 325
59 326
79 327
63 328
63 329
65 330
81 331
90 332
78 333
75 334
77 335
79 336
83 337
88 338
88 339
95 340
116 341
170 342
177 343
180 344
190 345
194 346
199 347
202 348
208 349
208 350
210 351
213 352
213 353
216 354
217 355
219 356
220 357
221 358
223 359
226 360
231 361
235 362
239 363
249 364
252 365
255 366
256 367
259 368
261 369
265 370
268 371
267 372
271 373
272 374
275 375
277 376
279 377
285 378
288 379
287 380
289 381
291 382
293 383
296 384
295 385
297 386
301 387
301 388
302 389
305 390
304 391
310 392
312 393
314 394
316 395
319 396
324 397
325 398
325 399
330 400
333 401
337 402
337 403
336 404
343 405
344 406
342 407
348 408
349 409
351 410
351 411
356 412
357 413
357 414
356 415
358 416
371 417
373 418
381 419
382 420
380 421
387 422
394 423
394 424
399 425
403 426
408 427
419 428
422 429
424 430
424 431
419 432
423 433
426 434
421 435
425 436
430 437
434 438
447 439
455 440
452 441
454 442
452 443
471 444
474 445
495 446
494 447
508 448
513 449
513 450
515 451
512 452
506 453
503 454
509 455
519 456
519 457
516 458
525 459
519 460
513 461
519 462
534 463
537 464
534 465
527 466
535 467
534 468
532 469
534 470
528 471
513 472
516 473
513 474
513 475
516 476
518 477
524 478
524 479
526 480
524 481
533 482
546 483
556 484
560 485
564 486
562 487
560 488
566 489
565 490
569 491
565 492
557 493
561 494
563 495
562 496
565 497
569 498
568 499
563 500
566 501
565 502
564 503
566 504
566 505
566 506
568 507
578 508
582 509
583 510
583 511
593 512
594 513
593 514
596 515
594 516
591 517
590 518
595 519
597 520
597 521
597 522
593 523
590 524
591 525
595 526
602 527
601 528
601 529
601 530
599 531
601 532
600 533
603 534
603 535
601 536
602 537
599 538
600 539
601 540
601 541
601 542
598 543
599 544
601 545
601 546
602 547
600 548
601 549
601 550
599 551
601 552
600 553
602 554
602 555
601 556
602 557
603 558
602 559
602 560
603 561
600 562
601 563
602 564
599 565
597 566
597 567
597 568
594 569
593 570
595 571
596 572
593 573
594 574
596 575
597 576
597 577
597 578
596 579
595 580
593 581
598 582
600 583
600 584
599 585
597 586
601 587
599 588
598 589
599 590
600 591
599 592
599 593
603 594
602 595
604 596
602 597
605 598
606 599
608 600
608 601
610 602
611 603
614 604
614 605
616 606
618 607
618 608
619 609
621 610
623 611
624 612
624 613
624 614
625 615
631 616
633 617
632 618
633 619
633 620
632 621
630 622
629 623
627 624
632 625
630 626
628 627
629 628
629 629
628 630
634 631
627 632
630 633
628 634
626 635
625 636
624 637
626 638
626 639
626 640
629 641
625 642
622 643
627 644
621 645
623 646
624 647
625 648
625 649
625 650
621 651
622 652
624 653
620 654
621 655
620 656
621 657
621 658
623 659
623 660
624 661
621 662
614 663
615 664
622 665
623 666
625 667
622 668
623 669
621 670
614 671
616 672
621 673
625 674
627 675
624 676
618 677
613 678
614 679
616 680
616 681
614 682
618 683
612 684
607 685
609 686
607 687
610 688
605 689
604 690
601 691
600 692
605 693
610 694
607 695
602 696
595 697
593 698
597 699
596 700
597 701
592 702
591 703
583 704
592 705
595 706
594 707
598 708
593 709
587 710
584 711
578 712
579 713
577 714
576 715
571 716
572 717
574 718
583 719
