639 0
639 1
639 2
639 3
639 4
639 5
639 6
639 7
639 8
639 9
639 10
639 11
639 12
639 13
639 14
639 15
639 16
639 17
639 18
639 19
639 20
639 21
639 22
639 23
639 24
639 25
639 26
639 27
639 28
639 29
639 30
639 31
639 32
639 33
639 34
639 35
639 36
639 37
639 38
639 39
639 40
639 41
639 42
639 43
639 44
639 45
639 46
639 47
639 48
639 49
639 50
639 51
639 52
639 53
639 54
639 55
639 56
639 57
639 58
639 59
639 60
639 61
639 62
639 63
639 64
639 65
639 66
639 67
639 68
639 69
639 70
639 71
639 72
639 73
639 74
639 75
639 76
639 77
639 78
639 79
639 80
639 81
639 82
639 83
639 84
639 85
639 86
639 87
639 88
639 89
639 90
639 91
639 92
642 93
643 94
642 95
645 96
651 97
661 98
663 99
674 100
671 101
666 102
667 103
680 104
688 105
696 106
703 107
705 108
703 109
704 110
716 111
720 112
723 113
729 114
731 115
726 116
739 117
746 118
746 119
749 120
756 121
767 122
769 123
769 124
770 125
777 126
783 127
790 128
789 129
795 130
807 131
810 132
810 133
816 134
822 135
837 136
845 137
867 138
867 139
868 140
872 141
874 142
871 143
878 144
880 145
883 146
889 147
891 148
894 149
898 150
898 151
897 152
901 153
908 154
909 155
909 156
911 157
913 158
914 159
915 160
919 161
924 162
929 163
933 164
937 165
938 166
941 167
946 168
947 169
948 170
947 171
949 172
952 173
955 174
964 175
967 176
983 177
993 178
1002 179
1006 180
1011 181
1012 182
1011 183
1012 184
1016 185
1017 186
1016 187
1019 188
1024 189
1026 190
1026 191
1026 192
1043 193
1052 194
1055 195
1056 196
1055 197
1056 198
1069 199
1077 200
1092 201
1103 202
1106 203
1117 204
1121 205
1123 206
1126 207
1131 208
1140 209
1144 210
1148 211
1153 212
1150 213
1149 214
1151 215
1162 216
1168 217
1168 218
1174 219
1172 220
1171 221
1172 222
1180 223
1182 224
1191 225
1192 226
1197 227
1198 228
1200 229
1208 230
1205 231
1209 232
1202 233
1214 234
1223 235
1226 236
1227 237
1233 238
1229 239
1239 240
1243 241
1245 242
1254 243
1264 244
1263 245
1252 246
1266 247
1267 248
1141 249
1064 250
801 251
888 252
804 253
804 254
804 255
890 256
865 257
808 258
878 259
876 260
806 261
803 262
1027 263
1272 264
1229 265
1057 266
1269 267
1226 268
1259 269
1224 271
1271 280
1152 281
940 285
939 286
940 287
1214 290
1127 291
954 292
955 293
948 294
946 295
1074 296
943 299
943 300
1087 301
1 305
87 306
9 307
11 308
16 309
19 310
23 311
29 312
29 313
51 314
53 315
41 316
43 317
45 318
47 319
50 320
52 321
53 322
95 323
94 324
101 325
101 326
128 327
137 328
118 329
113 330
110 331
125 332
172 333
203 334
208 335
204 336
222 337
218 338
208 339
197 340
225 341
235 342
239 343
248 344
255 345
262 346
270 347
273 348
266 349
268 350
276 351
287 352
287 353
291 354
291 355
294 356
297 357
304 358
308 359
312 360
318 361
318 362
326 363
334 364
339 365
343 366
347 367
350 368
349 369
350 370
355 371
356 372
362 373
366 374
369 375
372 376
372 377
372 378
373 379
375 380
374 381
379 382
383 383
380 384
382 385
381 386
379 387
376 388
371 389
371 390
375 391
379 392
378 393
383 394
380 395
387 396
391 397
387 398
392 399
393 400
398 401
398 402
397 403
398 404
398 405
399 406
412 407
419 408
424 409
426 410
425 411
426 412
427 413
429 414
429 415
430 416
429 417
429 418
420 419
415 420
416 421
419 422
412 423
416 424
426 425
443 426
464 427
471 428
482 429
485 430
490 431
507 432
511 433
517 434
530 435
535 436
538 437
542 438
546 439
551 440
570 441
574 442
581 443
587 444
593 445
598 446
599 447
595 448
600 449
602 450
606 451
604 452
604 453
603 454
601 455
605 456
605 457
603 458
601 459
603 460
604 461
607 462
606 463
611 464
610 465
606 466
607 467
608 468
610 469
611 470
608 471
606 472
611 473
614 474
613 475
614 476
613 477
614 478
612 479
616 480
616 481
614 482
615 483
617 484
616 485
617 486
618 487
613 488
615 489
616 490
617 491
617 492
615 493
615 494
612 495
613 496
614 497
615 498
615 499
616 500
616 501
616 502
616 503
618 504
619 505
620 506
621 507
622 508
624 509
624 510
624 511
622 512
624 513
624 514
626 515
625 516
626 517
626 518
627 519
625 520
626 521
626 522
623 523
621 524
624 525
625 526
625 527
630 528
630 529
629 530
628 531
631 532
632 533
634 534
634 535
633 536
632 537
632 538
632 539
628 540
629 541
629 542
624 543
629 544
629 545
630 546
631 547
632 548
633 549
633 550
631 551
632 552
633 553
633 554
633 555
632 556
631 557
631 558
631 559
632 560
632 561
632 562
633 563
633 564
635 565
635 566
635 567
635 568
636 569
636 570
636 571
636 572
638 573
637 574
636 575
636 576
637 577
637 578
637 579
637 580
637 581
637 582
637 583
636 584
637 585
635 586
636 587
636 588
635 589
637 590
637 591
636 592
636 593
637 594
636 595
636 596
636 597
637 598
637 599
637 600
638 601
636 602
636 603
637 604
638 605
637 606
636 607
636 608
636 609
635 610
636 611
636 612
635 613
637 614
636 615
634 616
635 617
635 618
635 619
637 620
636 621
635 622
636 623
636 624
635 625
635 626
634 627
635 628
636 629
636 630
636 631
633 632
635 633
635 634
635 635
633 636
632 637
633 638
633 639
636 640
634 641
635 642
635 643
636 644
636 645
636 646
635 647
632 648
630 649
632 650
630 651
632 652
631 653
631 654
630 655
623 656
625 657
627 658
627 659
624 660
624 661
624 662
619 663
620 664
622 665
624 666
626 667
622 668
627 669
628 670
625 671
622 672
628 673
629 674
626 675
625 676
623 677
620 678
620 679
619 680
628 681
627 682
623 683
624 684
621 685
626 686
624 687
618 688
622 689
626 690
621 691
623 692
623 693
620 694
622 695
620 696
619 697
620 698
617 699
615 700
619 701
618 702
612 703
614 704
612 705
613 706
617 707
612 708
605 709
612 710
615 711
606 712
604 713
602 714
606 715
602 716
611 717
616 718
613 719
