639 0
639 1
639 2
639 3
639 4
639 5
639 6
639 7
639 8
639 9
639 10
639 11
639 12
639 13
639 14
639 15
639 16
639 17
639 18
639 19
639 20
639 21
639 22
639 23
639 24
639 25
639 26
639 27
639 28
639 29
639 30
639 31
639 32
639 33
639 34
639 35
639 36
639 37
639 38
639 39
639 40
639 41
639 42
639 43
639 44
639 45
639 46
639 47
639 48
639 49
639 50
639 51
639 52
639 53
639 54
639 55
639 56
639 57
639 58
639 59
639 60
639 61
639 62
639 63
639 64
639 65
639 66
639 67
639 68
639 69
639 70
639 71
639 72
639 73
639 74
639 75
639 76
639 77
639 78
639 79
639 80
639 81
639 82
639 83
639 84
639 85
639 86
639 87
639 88
639 89
639 90
639 91
639 92
640 93
641 94
643 95
643 96
652 97
662 98
665 99
670 100
673 101
671 102
674 103
680 104
694 105
696 106
695 107
705 108
708 109
711 110
717 111
721 112
723 113
727 114
726 115
726 116
738 117
744 118
748 119
747 120
759 121
765 122
770 123
769 124
769 125
773 126
782 127
787 128
788 129
792 130
798 131
805 132
811 133
816 134
823 135
829 136
851 137
869 138
871 139
870 140
875 141
875 142
876 143
875 144
879 145
884 146
888 147
892 148
893 149
898 150
898 151
898 152
903 153
907 154
909 155
911 156
912 157
911 158
914 159
912 160
915 161
921 162
925 163
935 164
934 165
939 166
938 167
941 168
945 169
946 170
946 171
948 172
950 173
952 174
960 175
964 176
975 177
996 178
998 179
1008 180
1009 181
1009 182
1009 183
1010 184
1011 185
1016 186
1017 187
1018 188
1019 189
1025 190
1024 191
1024 192
1036 193
1047 194
1054 195
1055 196
1053 197
1056 198
1064 199
1072 200
1086 201
1100 202
1107 203
1114 204
1120 205
1124 206
1128 207
1131 208
1140 209
1142 210
1150 211
1153 212
1147 213
1153 214
1159 215
1162 216
1162 217
1166 218
1173 219
1173 220
1167 221
1173 222
1181 223
1184 224
1190 225
1193 226
1196 227
1192 228
1198 229
1204 230
1205 231
1210 232
1212 233
1218 234
1221 235
1227 236
1234 237
1237 238
1241 239
1245 240
1232 241
1231 242
1245 243
1261 244
1270 245
1254 246
1266 247
1250 248
720 249
720 250
944 252
722 253
918 254
863 255
716 256
876 263
1255 266
1247 268
1235 269
1278 271
1186 280
1272 281
1104 287
1024 296
1199 298
3 306
6 307
12 308
13 309
18 310
24 311
25 312
30 313
64 314
73 315
40 316
43 317
46 318
69 319
47 320
51 321
65 322
111 323
120 324
124 325
177 326
179 327
160 328
171 329
190 330
199 331
202 332
203 333
193 334
175 335
178 336
202 337
205 338
188 339
187 340
227 341
240 342
241 343
253 344
262 345
267 346
271 347
273 348
281 349
285 350
285 351
290 352
296 353
300 354
297 355
298 356
299 357
303 358
307 359
310 360
313 361
315 362
318 363
331 364
334 365
335 366
335 367
339 368
340 369
335 370
335 371
335 372
329 373
323 374
323 375
315 376
313 377
312 378
316 379
324 380
328 381
332 382
333 383
341 384
349 385
349 386
360 387
373 388
376 389
377 390
377 391
377 392
378 393
379 394
380 395
381 396
381 397
381 398
379 399
381 400
381 401
378 402
372 403
369 404
367 405
365 406
361 407
358 408
354 409
354 410
362 411
364 412
372 413
383 414
391 415
402 416
413 417
420 418
425 419
424 420
431 421
438 422
448 423
453 424
462 425
476 426
494 427
504 428
519 429
523 430
523 431
536 432
541 433
551 434
557 435
564 436
565 437
575 438
576 439
580 440
587 441
597 442
596 443
602 444
609 445
611 446
610 447
620 448
624 449
622 450
621 451
621 452
623 453
621 454
624 455
624 456
625 457
622 458
617 459
620 460
621 461
620 462
622 463
624 464
623 465
623 466
625 467
628 468
628 469
629 470
625 471
628 472
629 473
630 474
629 475
629 476
628 477
629 478
628 479
629 480
628 481
630 482
630 483
631 484
631 485
630 486
628 487
630 488
631 489
631 490
632 491
633 492
633 493
632 494
632 495
634 496
635 497
636 498
636 499
637 500
638 501
638 502
637 503
637 504
638 505
637 506
636 507
636 508
636 509
636 510
636 511
635 512
636 513
638 514
639 515
638 516
639 517
640 518
639 519
639 520
639 521
637 522
637 523
636 524
634 525
634 526
634 527
635 528
636 529
635 530
635 531
633 532
635 533
636 534
637 535
637 536
636 537
637 538
637 539
637 540
637 541
637 542
637 543
636 544
637 545
638 546
638 547
637 548
636 549
638 550
640 551
639 552
638 553
639 554
638 555
639 556
639 557
639 558
637 559
639 560
639 561
638 562
639 563
639 564
639 565
639 566
638 567
639 568
639 569
638 570
638 571
639 572
639 573
638 574
638 575
638 576
639 577
639 578
639 579
639 580
639 581
638 582
639 583
639 584
639 585
638 586
638 587
638 588
638 589
639 590
639 591
641 592
639 593
639 594
638 595
639 596
638 597
638 598
636 599
637 600
638 601
639 602
637 603
638 604
638 605
639 606
638 607
637 608
637 609
637 610
635 611
636 612
636 613
634 614
634 615
634 616
633 617
633 618
633 619
633 620
633 621
633 622
633 623
635 624
637 625
637 626
638 627
636 628
638 629
638 630
637 631
634 632
638 633
637 634
637 635
636 636
638 637
638 638
638 639
637 640
637 641
638 642
637 643
634 644
633 645
635 646
631 647
632 648
632 649
632 650
630 651
632 652
634 653
636 654
635 655
631 656
632 657
635 658
634 659
629 660
633 661
636 662
633 663
632 664
631 665
634 666
635 667
633 668
632 669
637 670
629 671
629 672
635 673
631 674
629 675
630 676
630 677
630 678
632 679
630 680
634 681
636 682
632 683
631 684
630 685
635 686
629 687
623 688
628 689
628 690
631 691
628 692
628 693
627 694
623 695
609 696
621 697
624 698
623 699
624 700
620 701
627 702
628 703
624 704
620 705
616 706
616 707
615 708
619 709
616 710
606 711
601 712
614 713
619 714
621 715
613 716
618 717
616 718
623 719
