639 0
639 1
639 2
639 3
639 4
639 5
639 6
639 7
639 8
639 9
639 10
639 11
639 12
639 13
639 14
639 15
639 16
639 17
639 18
639 19
639 20
639 21
639 22
639 23
639 24
639 25
639 26
639 27
639 28
639 29
639 30
639 31
639 32
639 33
639 34
639 35
639 36
639 37
639 38
639 39
639 40
639 41
639 42
639 43
639 44
639 45
639 46
639 47
639 48
639 49
639 50
639 51
639 52
639 53
639 54
639 55
639 56
639 57
639 58
639 59
639 60
639 61
639 62
639 63
639 64
639 65
639 66
639 67
639 68
639 69
639 70
639 71
639 72
639 73
639 74
639 75
639 76
639 77
639 78
639 79
639 80
639 81
639 82
639 83
639 84
639 85
639 86
639 87
639 88
639 89
639 90
639 91
639 92
639 93
642 94
643 95
644 96
657 97
660 98
663 99
666 100
668 101
670 102
670 103
684 104
692 105
697 106
695 107
701 108
707 109
712 110
717 111
722 112
726 113
725 114
724 115
729 116
736 117
746 118
746 119
754 120
752 121
758 122
765 123
769 124
771 125
774 126
785 127
788 128
789 129
792 130
805 131
810 132
812 133
817 134
825 135
833 136
840 137
866 138
865 139
872 140
874 141
874 142
876 143
878 144
878 145
883 146
888 147
892 148
893 149
895 150
892 151
900 152
901 153
905 154
908 155
911 156
912 157
912 158
914 159
917 160
918 161
921 162
928 163
934 164
937 165
938 166
941 167
943 168
946 169
948 170
949 171
949 172
950 173
956 174
962 175
966 176
979 177
988 178
1001 179
1008 180
1010 181
1010 182
1012 183
1013 184
1013 185
1014 186
1016 187
1017 188
1019 189
1024 190
1024 191
1024 192
1038 193
1047 194
1054 195
1054 196
1054 197
1057 198
1064 199
1071 200
1087 201
1098 202
1106 203
1113 204
1122 205
1124 206
1128 207
1130 208
1137 209
1143 210
1149 211
1154 212
1151 213
1152 214
1163 215
1173 216
1178 217
1174 218
1173 219
1175 220
1175 221
1179 222
1185 223
1191 224
1190 225
1190 226
1193 227
1196 228
1199 229
1200 230
1200 231
1205 232
1212 233
1220 234
1224 235
1230 236
1233 237
1234 238
1234 239
1241 240
1250 241
1250 242
1252 243
1263 244
1267 245
1271 246
1262 247
1262 248
1268 249
1269 250
1268 251
1161 253
1069 254
944 255
706 256
706 257
897 258
707 259
708 260
993 261
708 262
984 263
707 264
1263 265
1272 266
1279 267
1279 268
1155 282
1215 285
1214 286
1214 287
1199 292
1200 293
840 294
840 295
1170 304
4 306
7 307
8 308
15 309
19 310
23 311
39 312
29 313
31 314
37 315
40 316
44 317
45 318
46 319
48 320
51 321
58 322
54 323
58 324
58 325
60 326
83 327
92 328
132 329
147 330
160 331
170 332
173 333
149 334
146 335
181 336
190 337
201 338
189 339
186 340
212 341
231 342
236 343
234 344
244 345
246 346
248 347
254 348
262 349
269 350
274 351
277 352
274 353
280 354
290 355
294 356
294 357
297 358
301 359
303 360
305 361
308 362
312 363
318 364
326 365
328 366
333 367
334 368
334 369
330 370
333 371
334 372
335 373
335 374
338 375
334 376
325 377
325 378
326 379
324 380
322 381
315 382
307 383
324 384
325 385
330 386
339 387
344 388
343 389
347 390
347 391
349 392
350 393
364 394
371 395
371 396
372 397
373 398
373 399
377 400
376 401
375 402
377 403
372 404
367 405
361 406
359 407
359 408
364 409
364 410
374 411
373 412
376 413
388 414
394 415
402 416
401 417
406 418
417 419
421 420
424 421
438 422
441 423
450 424
467 425
481 426
496 427
508 428
518 429
524 430
524 431
532 432
543 433
550 434
554 435
562 436
566 437
567 438
573 439
583 440
581 441
586 442
594 443
600 444
614 445
612 446
616 447
615 448
612 449
617 450
621 451
619 452
619 453
622 454
616 455
621 456
627 457
622 458
622 459
622 460
621 461
625 462
622 463
625 464
627 465
629 466
626 467
628 468
629 469
627 470
626 471
628 472
629 473
629 474
629 475
629 476
630 477
631 478
630 479
629 480
630 481
630 482
631 483
630 484
631 485
631 486
629 487
631 488
633 489
633 490
633 491
635 492
635 493
636 494
635 495
635 496
636 497
636 498
635 499
636 500
637 501
638 502
638 503
636 504
637 505
637 506
637 507
637 508
637 509
639 510
637 511
639 512
640 513
640 514
640 515
641 516
641 517
640 518
639 519
639 520
638 521
638 522
638 523
637 524
636 525
637 526
637 527
636 528
637 529
636 530
636 531
636 532
636 533
637 534
636 535
636 536
637 537
636 538
636 539
636 540
637 541
637 542
637 543
638 544
638 545
639 546
640 547
639 548
639 549
639 550
640 551
638 552
638 553
639 554
639 555
639 556
639 557
640 558
640 559
639 560
640 561
639 562
639 563
639 564
639 565
640 566
640 567
640 568
639 569
639 570
639 571
638 572
639 573
639 574
639 575
638 576
638 577
638 578
639 579
638 580
638 581
638 582
638 583
639 584
640 585
639 586
639 587
639 588
639 589
638 590
639 591
638 592
638 593
638 594
638 595
637 596
638 597
639 598
637 599
637 600
636 601
639 602
639 603
638 604
638 605
639 606
637 607
637 608
639 609
638 610
638 611
638 612
638 613
638 614
636 615
636 616
637 617
637 618
635 619
635 620
633 621
634 622
635 623
633 624
636 625
635 626
635 627
636 628
635 629
635 630
636 631
636 632
636 633
637 634
637 635
637 636
637 637
637 638
637 639
637 640
635 641
635 642
632 643
634 644
635 645
634 646
635 647
636 648
637 649
634 650
635 651
633 652
632 653
633 654
635 655
635 656
635 657
634 658
636 659
636 660
633 661
635 662
630 663
629 664
634 665
634 666
636 667
632 668
633 669
634 670
635 671
634 672
636 673
632 674
634 675
636 676
633 677
637 678
634 679
635 680
637 681
633 682
632 683
637 684
635 685
636 686
632 687
635 688
631 689
629 690
632 691
630 692
627 693
628 694
627 695
624 696
626 697
623 698
620 699
619 700
620 701
622 702
621 703
613 704
611 705
611 706
620 707
625 708
619 709
608 710
601 711
605 712
607 713
616 714
608 715
602 716
602 717
612 718
611 719
