639 0
640 1
639 2
639 3
639 4
639 5
639 6
639 7
639 8
639 9
639 10
639 11
639 12
639 13
639 14
639 15
639 16
639 17
639 18
639 19
639 20
639 21
639 22
639 23
639 24
639 25
639 26
639 27
639 28
639 29
639 30
639 31
639 32
639 33
639 34
639 35
639 36
639 37
639 38
639 39
639 40
639 41
639 42
639 43
639 44
639 45
639 46
639 47
639 48
639 49
639 50
639 51
639 52
639 53
639 54
639 55
639 56
639 57
639 58
639 59
639 60
639 61
639 62
639 63
639 64
639 65
639 66
639 67
639 68
639 69
639 70
639 71
639 72
639 73
639 74
639 75
639 76
639 77
639 78
639 79
639 80
639 81
639 82
639 83
639 84
639 85
639 86
639 87
639 88
639 89
639 90
639 91
639 92
641 93
642 94
642 95
646 96
656 97
661 98
668 99
668 100
663 101
666 102
672 103
678 104
694 105
701 106
701 107
708 108
708 109
712 110
719 111
721 112
726 113
729 114
724 115
730 116
738 117
742 118
744 119
749 120
755 121
766 122
767 123
769 124
770 125
774 126
787 127
787 128
789 129
790 130
805 131
814 132
819 133
812 134
821 135
836 136
850 137
867 138
866 139
871 140
875 141
872 142
874 143
877 144
880 145
882 146
891 147
893 148
895 149
897 150
897 151
901 152
905 153
907 154
910 155
911 156
912 157
913 158
915 159
918 160
921 161
924 162
925 163
930 164
935 165
940 166
941 167
944 168
945 169
945 170
949 171
949 172
952 173
955 174
965 175
968 176
985 177
997 178
1001 179
1009 180
1008 181
1010 182
1010 183
1011 184
1014 185
1015 186
1016 187
1017 188
1022 189
1025 190
1024 191
1025 192
1040 193
1049 194
1055 195
1055 196
1054 197
1057 198
1068 199
1082 200
1094 201
1103 202
1107 203
1115 204
1121 205
1125 206
1127 207
1130 208
1139 209
1148 210
1151 211
1151 212
1156 213
1157 214
1162 215
1163 216
1172 217
1170 218
1174 219
1174 220
1167 221
1175 222
1183 223
1187 224
1188 225
1188 226
1189 227
1191 228
1204 229
1206 230
1210 231
1210 232
1215 233
1218 234
1222 235
1226 236
1231 237
1234 238
1216 239
1241 240
1250 241
1246 242
1251 243
1266 244
1232 245
1147 246
1080 247
1106 248
945 249
945 250
744 256
1202 259
1033 260
1184 261
1176 263
1256 264
1224 265
1224 266
966 269
946 270
1048 271
1257 276
1258 277
1257 278
881 288
1 305
3 306
10 307
9 308
16 309
20 310
22 311
28 312
28 313
46 314
38 315
40 316
59 317
68 318
79 319
57 320
98 321
134 322
151 323
198 324
204 325
196 326
150 327
173 328
182 329
194 330
209 331
211 332
211 333
206 334
213 335
216 336
213 337
226 338
229 339
239 340
247 341
254 342
252 343
263 344
270 345
270 346
280 347
287 348
293 349
295 350
296 351
298 352
303 353
306 354
306 355
308 356
312 357
317 358
320 359
322 360
323 361
327 362
333 363
336 364
342 365
343 366
342 367
343 368
340 369
343 370
340 371
331 372
336 373
335 374
331 375
325 376
317 377
322 378
338 379
342 380
340 381
349 382
356 383
358 384
362 385
361 386
372 387
382 388
386 389
388 390
389 391
391 392
392 393
392 394
394 395
395 396
395 397
391 398
386 399
381 400
382 401
382 402
386 403
387 404
381 405
376 406
379 407
384 408
377 409
380 410
378 411
374 412
379 413
386 414
393 415
398 416
396 417
404 418
408 419
415 420
421 421
430 422
440 423
453 424
469 425
477 426
492 427
503 428
517 429
518 430
516 431
525 432
536 433
547 434
556 435
561 436
568 437
570 438
568 439
573 440
586 441
593 442
597 443
596 444
598 445
600 446
600 447
612 448
616 449
613 450
613 451
613 452
615 453
615 454
612 455
615 456
619 457
621 458
622 459
617 460
618 461
617 462
621 463
620 464
624 465
624 466
624 467
623 468
619 469
622 470
622 471
622 472
622 473
622 474
620 475
625 476
624 477
626 478
624 479
627 480
626 481
626 482
626 483
625 484
626 485
626 486
626 487
626 488
627 489
627 490
626 491
629 492
629 493
630 494
630 495
628 496
631 497
632 498
633 499
633 500
633 501
633 502
634 503
634 504
635 505
634 506
632 507
633 508
633 509
633 510
633 511
632 512
633 513
633 514
632 515
634 516
637 517
637 518
639 519
639 520
638 521
638 522
637 523
636 524
633 525
634 526
633 527
635 528
635 529
633 530
634 531
633 532
633 533
634 534
634 535
634 536
634 537
634 538
634 539
635 540
635 541
636 542
636 543
635 544
634 545
635 546
636 547
637 548
637 549
636 550
636 551
637 552
637 553
638 554
638 555
638 556
638 557
639 558
639 559
638 560
639 561
638 562
639 563
639 564
638 565
639 566
639 567
640 568
639 569
639 570
638 571
638 572
639 573
639 574
639 575
639 576
638 577
638 578
638 579
638 580
638 581
638 582
638 583
635 584
638 585
639 586
638 587
638 588
638 589
638 590
637 591
639 592
638 593
638 594
638 595
639 596
638 597
637 598
637 599
638 600
638 601
638 602
638 603
637 604
634 605
636 606
637 607
637 608
637 609
636 610
637 611
638 612
637 613
638 614
633 615
637 616
638 617
638 618
638 619
636 620
637 621
637 622
636 623
635 624
635 625
636 626
634 627
632 628
633 629
634 630
630 631
629 632
634 633
631 634
634 635
635 636
632 637
638 638
637 639
635 640
637 641
634 642
633 643
633 644
634 645
631 646
632 647
634 648
634 649
633 650
629 651
631 652
633 653
633 654
631 655
633 656
635 657
634 658
633 659
633 660
633 661
634 662
632 663
634 664
634 665
632 666
632 667
632 668
632 669
632 670
633 671
630 672
632 673
634 674
629 675
628 676
627 677
628 678
628 679
630 680
630 681
630 682
630 683
631 684
631 685
632 686
629 687
630 688
632 689
634 690
632 691
627 692
627 693
630 694
623 695
625 696
629 697
628 698
622 699
613 700
618 701
623 702
624 703
612 704
615 705
614 706
609 707
614 708
614 709
619 710
611 711
617 712
613 713
613 714
619 715
620 716
618 717
610 718
614 719
