639 0
639 1
639 2
639 3
639 4
639 5
639 6
639 7
639 8
639 9
639 10
639 11
639 12
639 13
639 14
639 15
639 16
639 17
639 18
639 19
639 20
639 21
639 22
639 23
639 24
639 25
639 26
639 27
639 28
639 29
639 30
639 31
639 32
639 33
639 34
639 35
639 36
639 37
639 38
639 39
639 40
639 41
639 42
639 43
639 44
639 45
639 46
639 47
639 48
639 49
639 50
639 51
639 52
639 53
639 54
639 55
639 56
639 57
639 58
639 59
639 60
639 61
639 62
639 63
639 64
639 65
639 66
639 67
639 68
639 69
639 70
639 71
639 72
639 73
639 74
639 75
639 76
639 77
639 78
639 79
639 80
639 81
639 82
639 83
639 84
639 85
639 86
639 87
639 88
639 89
639 90
639 91
639 92
641 93
642 94
643 95
645 96
654 97
658 98
662 99
669 100
672 101
668 102
670 103
680 104
690 105
697 106
692 107
695 108
700 109
706 110
722 111
722 112
724 113
723 114
721 115
725 116
737 117
743 118
750 119
751 120
756 121
761 122
771 123
769 124
771 125
775 126
786 127
786 128
788 129
791 130
804 131
808 132
806 133
817 134
819 135
833 136
846 137
867 138
869 139
867 140
873 141
877 142
872 143
879 144
879 145
884 146
888 147
892 148
894 149
895 150
896 151
900 152
903 153
906 154
910 155
910 156
912 157
911 158
912 159
917 160
918 161
921 162
931 163
936 164
936 165
939 166
940 167
946 168
946 169
948 170
948 171
951 172
955 173
955 174
962 175
967 176
982 177
993 178
1002 179
1007 180
1010 181
1010 182
1010 183
1011 184
1017 185
1017 186
1017 187
1018 188
1022 189
1024 190
1024 191
1027 192
1041 193
1049 194
1055 195
1056 196
1055 197
1058 198
1068 199
1080 200
1095 201
1106 202
1103 203
1111 204
1118 205
1123 206
1124 207
1131 208
1140 209
1147 210
1153 211
1154 212
1152 213
1152 214
1164 215
1170 216
1172 217
1163 218
1164 219
1170 220
1174 221
1174 222
1177 223
1185 224
1186 225
1189 226
1193 227
1193 228
1193 229
1201 230
1205 231
1210 232
1216 233
1218 234
1223 235
1226 236
1231 237
1236 238
1234 239
1229 240
1245 241
1250 242
1253 243
1259 244
1266 245
1218 246
1234 247
1267 248
1115 250
1050 252
802 253
803 254
986 255
803 256
804 257
804 258
870 259
944 260
942 261
987 262
1219 263
1258 264
1276 265
1276 266
1182 267
849 271
1260 275
1260 276
1270 279
1242 280
956 286
956 287
942 290
943 291
1006 292
956 293
956 294
1276 296
938 298
937 299
938 300
1 305
4 306
6 307
10 308
14 309
17 310
26 311
58 312
44 313
34 314
37 315
39 316
43 317
45 318
47 319
49 320
49 321
53 322
55 323
88 324
106 325
106 326
114 327
108 328
138 329
137 330
128 331
137 332
169 333
183 334
193 335
189 336
174 337
174 338
192 339
206 340
229 341
241 342
244 343
252 344
257 345
259 346
257 347
261 348
265 349
266 350
271 351
279 352
285 353
288 354
288 355
285 356
288 357
296 358
301 359
312 360
310 361
315 362
321 363
331 364
336 365
342 366
343 367
345 368
348 369
349 370
352 371
357 372
359 373
362 374
365 375
367 376
371 377
371 378
375 379
377 380
378 381
379 382
377 383
384 384
383 385
384 386
384 387
379 388
376 389
381 390
375 391
378 392
381 393
381 394
379 395
373 396
376 397
384 398
379 399
383 400
389 401
397 402
398 403
399 404
398 405
399 406
399 407
407 408
413 409
423 410
426 411
424 412
425 413
426 414
427 415
429 416
426 417
418 418
418 419
417 420
418 421
420 422
418 423
423 424
429 425
440 426
456 427
476 428
480 429
484 430
488 431
504 432
513 433
527 434
533 435
539 436
545 437
545 438
552 439
562 440
569 441
571 442
575 443
576 444
590 445
591 446
593 447
593 448
593 449
596 450
601 451
600 452
600 453
601 454
598 455
601 456
606 457
607 458
608 459
608 460
607 461
608 462
605 463
608 464
609 465
609 466
608 467
604 468
604 469
607 470
606 471
610 472
611 473
612 474
610 475
610 476
611 477
615 478
617 479
613 480
613 481
612 482
615 483
616 484
614 485
615 486
616 487
616 488
615 489
616 490
615 491
615 492
615 493
616 494
616 495
615 496
615 497
615 498
612 499
612 500
613 501
613 502
614 503
613 504
615 505
616 506
616 507
617 508
621 509
622 510
620 511
622 512
624 513
625 514
625 515
625 516
625 517
625 518
623 519
625 520
626 521
627 522
626 523
625 524
624 525
624 526
624 527
625 528
626 529
629 530
630 531
630 532
629 533
631 534
631 535
634 536
634 537
633 538
631 539
630 540
630 541
629 542
630 543
629 544
628 545
627 546
630 547
633 548
633 549
633 550
631 551
633 552
632 553
633 554
631 555
631 556
631 557
631 558
631 559
630 560
633 561
633 562
634 563
633 564
633 565
635 566
635 567
636 568
636 569
636 570
635 571
634 572
636 573
636 574
637 575
637 576
637 577
637 578
637 579
636 580
636 581
637 582
636 583
636 584
636 585
637 586
637 587
637 588
636 589
636 590
636 591
635 592
636 593
635 594
636 595
637 596
637 597
637 598
637 599
637 600
638 601
636 602
637 603
637 604
635 605
637 606
635 607
636 608
637 609
638 610
637 611
636 612
636 613
636 614
634 615
634 616
635 617
635 618
632 619
634 620
636 621
636 622
635 623
635 624
636 625
636 626
635 627
635 628
635 629
636 630
636 631
635 632
633 633
633 634
634 635
635 636
636 637
636 638
634 639
635 640
636 641
634 642
634 643
634 644
636 645
634 646
633 647
634 648
635 649
633 650
633 651
632 652
632 653
633 654
634 655
632 656
630 657
628 658
630 659
628 660
622 661
623 662
620 663
621 664
620 665
624 666
623 667
621 668
623 669
626 670
621 671
620 672
626 673
631 674
629 675
627 676
627 677
625 678
621 679
623 680
623 681
627 682
624 683
613 684
620 685
626 686
620 687
625 688
628 689
623 690
622 691
624 692
625 693
622 694
608 695
613 696
617 697
621 698
618 699
619 700
620 701
622 702
619 703
615 704
620 705
614 706
607 707
617 708
617 709
611 710
610 711
610 712
605 713
614 714
616 715
605 716
611 717
615 718
616 719
