639 0
639 1
639 2
639 3
639 4
639 5
639 6
639 7
639 8
639 9
639 10
639 11
639 12
639 13
639 14
639 15
639 16
639 17
639 18
639 19
639 20
639 21
639 22
639 23
639 24
639 25
639 26
639 27
639 28
639 29
639 30
639 31
639 32
639 33
639 34
639 35
639 36
639 37
639 38
639 39
639 40
639 41
639 42
639 43
639 44
639 45
639 46
639 47
639 48
639 49
639 50
639 51
639 52
639 53
639 54
639 55
639 56
639 57
639 58
639 59
639 60
639 61
639 62
639 63
639 64
639 65
639 66
639 67
639 68
639 69
639 70
639 71
639 72
639 73
639 74
639 75
639 76
639 77
639 78
639 79
639 80
639 81
639 82
639 83
639 84
639 85
639 86
639 87
639 88
639 89
639 90
639 91
639 92
641 93
643 94
643 95
643 96
652 97
661 98
671 99
673 100
668 101
667 102
672 103
674 104
688 105
697 106
704 107
702 108
705 109
711 110
718 111
719 112
722 113
724 114
728 115
729 116
741 117
746 118
748 119
751 120
755 121
764 122
772 123
769 124
771 125
773 126
786 127
786 128
788 129
793 130
801 131
811 132
813 133
815 134
826 135
831 136
848 137
868 138
866 139
871 140
872 141
873 142
874 143
876 144
880 145
885 146
889 147
893 148
894 149
898 150
898 151
900 152
902 153
906 154
909 155
910 156
912 157
912 158
914 159
917 160
920 161
923 162
924 163
932 164
935 165
938 166
942 167
946 168
947 169
947 170
947 171
945 172
950 173
954 174
959 175
968 176
980 177
993 178
1001 179
1004 180
1007 181
1010 182
1006 183
1012 184
1013 185
1015 186
1016 187
1018 188
1021 189
1024 190
1025 191
1024 192
1037 193
1048 194
1055 195
1055 196
1053 197
1056 198
1067 199
1076 200
1091 201
1103 202
1106 203
1112 204
1121 205
1125 206
1127 207
1130 208
1136 209
1143 210
1153 211
1154 212
1152 213
1157 214
1164 215
1163 216
1173 217
1173 218
1177 219
1175 220
1175 221
1180 222
1185 223
1185 224
1191 225
1191 226
1193 227
1195 228
1198 229
1205 230
1211 231
1207 232
1213 233
1217 234
1222 235
1225 236
1232 237
1237 238
1239 239
1240 240
1238 241
1243 242
1248 243
1264 244
1253 245
1270 246
1222 247
735 248
1271 250
1138 251
1175 256
1051 258
1243 259
1228 260
711 261
983 263
979 264
1230 267
1215 268
1052 271
1262 274
1121 275
840 276
839 277
1258 279
844 296
843 297
688 304
3 306
7 307
14 308
15 309
19 310
25 311
28 312
30 313
33 314
40 315
39 316
43 317
45 318
47 319
50 320
51 321
59 322
78 323
89 324
85 325
123 326
136 327
148 328
147 329
171 330
177 331
150 332
113 333
186 334
188 335
190 336
192 337
204 338
198 339
198 340
214 341
226 342
237 343
241 344
249 345
253 346
260 347
263 348
266 349
272 350
279 351
280 352
286 353
285 354
283 355
287 356
296 357
300 358
299 359
303 360
305 361
312 362
315 363
321 364
323 365
331 366
332 367
333 368
336 369
335 370
336 371
337 372
334 373
334 374
330 375
327 376
322 377
325 378
322 379
315 380
320 381
327 382
328 383
332 384
334 385
343 386
344 387
343 388
347 389
351 390
357 391
370 392
373 393
374 394
375 395
375 396
377 397
377 398
377 399
378 400
377 401
372 402
368 403
364 404
362 405
360 406
362 407
364 408
359 409
357 410
368 411
372 412
385 413
398 414
403 415
401 416
407 417
409 418
417 419
422 420
430 421
439 422
449 423
458 424
465 425
475 426
500 427
513 428
521 429
524 430
524 431
532 432
544 433
552 434
559 435
565 436
564 437
570 438
577 439
576 440
585 441
594 442
598 443
603 444
613 445
606 446
614 447
610 448
622 449
625 450
626 451
620 452
620 453
622 454
620 455
616 456
626 457
626 458
620 459
624 460
627 461
628 462
623 463
626 464
627 465
626 466
628 467
626 468
626 469
626 470
626 471
630 472
628 473
628 474
630 475
629 476
628 477
630 478
630 479
628 480
630 481
630 482
629 483
630 484
631 485
631 486
630 487
631 488
631 489
633 490
632 491
633 492
634 493
635 494
634 495
636 496
636 497
637 498
637 499
638 500
639 501
639 502
637 503
637 504
637 505
636 506
636 507
637 508
637 509
637 510
637 511
639 512
639 513
640 514
639 515
640 516
640 517
640 518
639 519
638 520
637 521
637 522
636 523
636 524
637 525
637 526
636 527
637 528
636 529
635 530
634 531
635 532
635 533
636 534
637 535
636 536
637 537
636 538
636 539
637 540
637 541
635 542
636 543
637 544
637 545
636 546
637 547
638 548
639 549
639 550
640 551
640 552
639 553
638 554
639 555
639 556
639 557
639 558
638 559
638 560
639 561
639 562
639 563
639 564
639 565
639 566
639 567
641 568
639 569
639 570
639 571
639 572
638 573
638 574
638 575
638 576
639 577
638 578
638 579
637 580
639 581
639 582
639 583
638 584
639 585
639 586
638 587
638 588
638 589
638 590
637 591
639 592
637 593
638 594
639 595
639 596
638 597
638 598
639 599
638 600
638 601
638 602
639 603
639 604
638 605
639 606
637 607
639 608
639 609
638 610
638 611
638 612
635 613
634 614
635 615
635 616
635 617
635 618
635 619
633 620
635 621
635 622
633 623
634 624
636 625
635 626
632 627
634 628
636 629
634 630
635 631
637 632
637 633
638 634
638 635
638 636
636 637
635 638
636 639
634 640
636 641
635 642
633 643
634 644
634 645
638 646
634 647
635 648
635 649
630 650
627 651
633 652
635 653
635 654
636 655
634 656
636 657
635 658
634 659
635 660
637 661
631 662
633 663
632 664
629 665
628 666
634 667
631 668
628 669
629 670
630 671
631 672
635 673
635 674
636 675
636 676
633 677
635 678
632 679
632 680
633 681
635 682
633 683
632 684
630 685
632 686
632 687
631 688
634 689
631 690
628 691
627 692
625 693
626 694
627 695
626 696
624 697
625 698
620 699
623 700
621 701
623 702
617 703
619 704
622 705
615 706
614 707
613 708
621 709
615 710
611 711
607 712
606 713
610 714
607 715
604 716
606 717
617 718
613 719
