639 0
639 1
639 2
639 3
639 4
639 5
639 6
639 7
639 8
639 9
639 10
639 11
639 12
639 13
639 14
639 15
639 16
639 17
639 18
639 19
639 20
639 21
639 22
639 23
639 24
639 25
639 26
639 27
639 28
639 29
639 30
639 31
639 32
639 33
639 34
639 35
639 36
639 37
639 38
639 39
639 40
639 41
639 42
639 43
639 44
639 45
639 46
639 47
639 48
639 49
639 50
639 51
639 52
639 53
639 54
639 55
639 56
639 57
639 58
639 59
639 60
639 61
639 62
639 63
639 64
639 65
639 66
639 67
639 68
639 69
639 70
639 71
639 72
639 73
639 74
639 75
639 76
639 77
639 78
639 79
639 80
639 81
639 82
639 83
639 84
639 85
639 86
639 87
639 88
639 89
639 90
639 91
639 92
641 93
641 94
641 95
646 96
652 97
660 98
663 99
668 100
666 101
669 102
672 103
685 104
693 105
698 106
704 107
704 108
709 109
713 110
718 111
723 112
726 113
725 114
725 115
731 116
742 117
748 118
744 119
743 120
758 121
767 122
767 123
769 124
773 125
775 126
786 127
789 128
789 129
794 130
801 131
809 132
811 133
816 134
822 135
833 136
853 137
868 138
870 139
873 140
874 141
875 142
876 143
879 144
879 145
884 146
889 147
893 148
893 149
898 150
898 151
901 152
905 153
906 154
910 155
911 156
911 157
911 158
911 159
914 160
917 161
918 162
929 163
935 164
937 165
939 166
940 167
941 168
944 169
946 170
947 171
949 172
953 173
956 174
960 175
965 176
977 177
992 178
999 179
1008 180
1009 181
1007 182
1012 183
1010 184
1010 185
1014 186
1015 187
1017 188
1020 189
1026 190
1022 191
1024 192
1037 193
1045 194
1055 195
1054 196
1052 197
1059 198
1067 199
1075 200
1093 201
1098 202
1103 203
1113 204
1118 205
1124 206
1128 207
1131 208
1138 209
1145 210
1151 211
1153 212
1151 213
1151 214
1157 215
1158 216
1172 217
1173 218
1170 219
1175 220
1173 221
1180 222
1188 223
1190 224
1191 225
1189 226
1194 227
1198 228
1201 229
1205 230
1209 231
1211 232
1213 233
1222 234
1225 235
1230 236
1230 237
1237 238
1236 239
1238 240
1245 241
1254 242
1250 243
1252 244
1253 245
1257 246
1266 247
950 248
1091 249
950 250
908 251
900 252
736 253
1071 255
1180 256
1189 258
1144 259
1279 261
1077 262
1263 263
1247 264
1136 268
1272 272
1214 279
1215 291
1040 292
848 295
1270 303
0 304
0 305
3 306
7 307
11 308
14 309
19 310
23 311
28 312
29 313
34 314
64 315
49 316
43 317
46 318
62 319
68 320
112 321
161 322
168 323
165 324
160 325
171 326
162 327
183 328
208 329
211 330
201 331
186 332
184 333
199 334
216 335
222 336
211 337
216 338
220 339
236 340
242 341
249 342
254 343
265 344
274 345
277 346
286 347
289 348
291 349
296 350
298 351
300 352
300 353
299 354
303 355
307 356
314 357
315 358
316 359
323 360
326 361
329 362
332 363
335 364
337 365
339 366
337 367
340 368
334 369
331 370
324 371
317 372
313 373
309 374
307 375
309 376
312 377
314 378
324 379
339 380
343 381
354 382
365 383
371 384
374 385
377 386
378 387
382 388
381 389
384 390
384 391
384 392
384 393
384 394
385 395
385 396
384 397
385 398
380 399
374 400
369 401
362 402
359 403
357 404
357 405
358 406
356 407
358 408
354 409
357 410
366 411
379 412
385 413
392 414
402 415
405 416
414 417
423 418
430 419
431 420
438 421
442 422
451 423
457 424
470 425
476 426
495 427
509 428
517 429
523 430
525 431
535 432
547 433
555 434
559 435
563 436
567 437
572 438
580 439
588 440
594 441
594 442
600 443
611 444
609 445
605 446
616 447
616 448
623 449
626 450
625 451
624 452
623 453
620 454
617 455
619 456
625 457
623 458
622 459
618 460
620 461
622 462
622 463
623 464
625 465
626 466
625 467
624 468
627 469
627 470
628 471
627 472
629 473
627 474
630 475
626 476
628 477
628 478
628 479
629 480
628 481
629 482
629 483
629 484
628 485
630 486
631 487
629 488
630 489
632 490
631 491
631 492
631 493
631 494
632 495
630 496
632 497
632 498
634 499
636 500
635 501
635 502
636 503
636 504
637 505
637 506
636 507
635 508
635 509
635 510
635 511
635 512
636 513
636 514
636 515
636 516
636 517
637 518
639 519
638 520
638 521
636 522
635 523
635 524
635 525
635 526
634 527
634 528
635 529
635 530
635 531
635 532
636 533
635 534
635 535
636 536
636 537
636 538
637 539
637 540
637 541
637 542
637 543
636 544
637 545
636 546
636 547
637 548
637 549
636 550
636 551
637 552
638 553
639 554
640 555
639 556
639 557
639 558
639 559
639 560
639 561
639 562
639 563
639 564
639 565
639 566
639 567
638 568
639 569
639 570
639 571
639 572
638 573
639 574
639 575
639 576
639 577
639 578
639 579
638 580
638 581
638 582
638 583
638 584
638 585
638 586
638 587
638 588
638 589
638 590
637 591
638 592
638 593
638 594
638 595
638 596
638 597
638 598
638 599
639 600
638 601
638 602
638 603
637 604
637 605
637 606
636 607
638 608
637 609
637 610
636 611
634 612
634 613
634 614
633 615
635 616
632 617
632 618
634 619
633 620
634 621
635 622
635 623
637 624
638 625
638 626
639 627
636 628
637 629
639 630
638 631
639 632
638 633
639 634
639 635
637 636
638 637
637 638
637 639
638 640
635 641
636 642
634 643
636 644
634 645
635 646
636 647
634 648
633 649
634 650
633 651
635 652
635 653
635 654
634 655
634 656
636 657
633 658
634 659
634 660
637 661
637 662
636 663
633 664
635 665
634 666
629 667
630 668
633 669
636 670
632 671
634 672
636 673
636 674
634 675
633 676
634 677
633 678
631 679
634 680
636 681
632 682
633 683
630 684
628 685
630 686
630 687
631 688
631 689
635 690
630 691
632 692
627 693
629 694
627 695
623 696
622 697
616 698
622 699
630 700
622 701
624 702
616 703
619 704
621 705
616 706
612 707
618 708
621 709
615 710
613 711
612 712
619 713
627 714
606 715
601 716
606 717
606 718
610 719
