639 0
639 1
639 2
639 3
639 4
639 5
639 6
639 7
639 8
639 9
639 10
639 11
639 12
639 13
639 14
639 15
639 16
639 17
639 18
639 19
639 20
639 21
639 22
639 23
639 24
639 25
639 26
639 27
639 28
639 29
639 30
639 31
639 32
639 33
639 34
639 35
639 36
639 37
639 38
639 39
639 40
639 41
639 42
639 43
639 44
639 45
639 46
639 47
639 48
639 49
639 50
639 51
639 52
639 53
639 54
639 55
639 56
639 57
639 58
639 59
639 60
639 61
639 62
639 63
639 64
639 65
639 66
639 67
639 68
639 69
639 70
639 71
639 72
639 73
639 74
639 75
639 76
639 77
639 78
639 79
639 80
639 81
639 82
639 83
639 84
639 85
639 86
639 87
639 88
639 89
639 90
639 91
639 92
640 93
641 94
643 95
647 96
653 97
659 98
664 99
673 100
672 101
667 102
669 103
676 104
688 105
696 106
692 107
702 108
702 109
712 110
718 111
717 112
718 113
724 114
726 115
730 116
740 117
744 118
744 119
749 120
754 121
764 122
767 123
768 124
770 125
774 126
785 127
790 128
790 129
790 130
798 131
809 132
816 133
820 134
821 135
830 136
840 137
862 138
869 139
871 140
872 141
872 142
876 143
878 144
879 145
882 146
889 147
893 148
892 149
896 150
898 151
900 152
901 153
906 154
909 155
911 156
911 157
912 158
911 159
916 160
918 161
921 162
925 163
934 164
937 165
936 166
937 167
943 168
946 169
947 170
947 171
947 172
950 173
954 174
955 175
965 176
982 177
992 178
999 179
1005 180
1007 181
1011 182
1011 183
1012 184
1014 185
1014 186
1017 187
1018 188
1019 189
1024 190
1023 191
1024 192
1035 193
1044 194
1053 195
1055 196
1055 197
1054 198
1067 199
1075 200
1091 201
1104 202
1105 203
1113 204
1119 205
1125 206
1128 207
1128 208
1135 209
1144 210
1152 211
1155 212
1151 213
1151 214
1164 215
1170 216
1167 217
1168 218
1172 219
1177 220
1176 221
1177 222
1187 223
1187 224
1188 225
1189 226
1193 227
1192 228
1204 229
1205 230
1199 231
1209 232
1215 233
1220 234
1223 235
1231 236
1230 237
1232 238
1234 239
1240 240
1251 241
1247 242
1258 243
1247 244
1184 245
1206 246
1267 247
1169 248
733 249
841 250
1044 251
727 253
1204 254
1176 256
1240 261
1007 262
1141 269
1244 272
1245 279
1256 283
1256 284
1256 285
1256 286
712 287
863 295
970 296
860 298
859 299
860 300
863 303
0 305
5 306
5 307
12 308
16 309
16 310
22 311
40 312
29 313
32 314
45 315
65 316
140 317
131 318
142 319
167 320
163 321
163 322
180 323
206 324
215 325
200 326
184 327
215 328
197 329
191 330
193 331
203 332
221 333
224 334
230 335
243 336
249 337
247 338
250 339
260 340
262 341
271 342
270 343
278 344
283 345
285 346
288 347
294 348
294 349
296 350
299 351
303 352
312 353
314 354
317 355
313 356
311 357
318 358
323 359
323 360
326 361
325 362
329 363
330 364
314 365
303 366
307 367
311 368
303 369
299 370
304 371
307 372
315 373
326 374
329 375
351 376
361 377
374 378
377 379
378 380
378 381
380 382
381 383
382 384
382 385
382 386
384 387
385 388
384 389
384 390
387 391
383 392
382 393
381 394
384 395
375 396
361 397
357 398
357 399
359 400
357 401
358 402
356 403
357 404
358 405
359 406
363 407
367 408
367 409
378 410
383 411
380 412
391 413
402 414
409 415
416 416
422 417
431 418
432 419
435 420
439 421
450 422
457 423
463 424
471 425
485 426
494 427
505 428
519 429
519 430
524 431
535 432
542 433
546 434
561 435
562 436
571 437
576 438
583 439
586 440
587 441
597 442
601 443
606 444
606 445
612 446
611 447
612 448
616 449
617 450
617 451
618 452
617 453
620 454
621 455
617 456
620 457
624 458
623 459
624 460
623 461
622 462
623 463
622 464
625 465
625 466
621 467
622 468
626 469
626 470
624 471
625 472
625 473
625 474
626 475
627 476
627 477
628 478
628 479
624 480
626 481
627 482
628 483
628 484
629 485
630 486
629 487
631 488
630 489
630 490
629 491
630 492
631 493
631 494
631 495
632 496
632 497
633 498
632 499
632 500
634 501
636 502
635 503
636 504
636 505
637 506
637 507
637 508
636 509
635 510
635 511
634 512
635 513
634 514
634 515
634 516
633 517
633 518
635 519
635 520
635 521
636 522
635 523
635 524
634 525
635 526
634 527
635 528
635 529
635 530
635 531
634 532
634 533
633 534
633 535
634 536
635 537
633 538
633 539
635 540
635 541
635 542
636 543
635 544
635 545
635 546
635 547
635 548
635 549
634 550
634 551
634 552
636 553
634 554
635 555
635 556
635 557
636 558
636 559
638 560
638 561
638 562
638 563
639 564
639 565
639 566
638 567
638 568
639 569
639 570
638 571
638 572
639 573
638 574
636 575
638 576
639 577
639 578
639 579
638 580
638 581
638 582
637 583
639 584
639 585
638 586
638 587
638 588
638 589
638 590
638 591
637 592
637 593
635 594
634 595
632 596
634 597
634 598
632 599
631 600
633 601
634 602
634 603
635 604
635 605
635 606
633 607
633 608
633 609
634 610
632 611
634 612
635 613
636 614
637 615
634 616
638 617
637 618
638 619
638 620
638 621
638 622
638 623
638 624
638 625
638 626
639 627
639 628
639 629
638 630
639 631
639 632
639 633
637 634
637 635
640 636
638 637
637 638
638 639
638 640
637 641
634 642
633 643
635 644
634 645
635 646
635 647
631 648
635 649
634 650
635 651
634 652
635 653
635 654
634 655
632 656
629 657
633 658
637 659
635 660
636 661
634 662
633 663
629 664
634 665
634 666
633 667
633 668
633 669
633 670
630 671
636 672
638 673
635 674
634 675
635 676
638 677
632 678
631 679
631 680
635 681
634 682
634 683
633 684
633 685
631 686
627 687
629 688
629 689
632 690
633 691
630 692
627 693
619 694
628 695
625 696
623 697
620 698
618 699
622 700
617 701
622 702
611 703
607 704
614 705
620 706
611 707
620 708
622 709
617 710
609 711
611 712
616 713
618 714
610 715
608 716
604 717
603 718
614 719
