639 0
639 1
639 2
639 3
639 4
639 5
639 6
639 7
639 8
639 9
639 10
639 11
639 12
639 13
639 14
639 15
639 16
639 17
639 18
639 19
639 20
639 21
639 22
639 23
639 24
639 25
639 26
639 27
639 28
639 29
639 30
639 31
639 32
639 33
639 34
639 35
639 36
639 37
639 38
639 39
639 40
639 41
639 42
639 43
639 44
639 45
639 46
639 47
639 48
639 49
639 50
639 51
639 52
639 53
639 54
639 55
639 56
639 57
639 58
639 59
639 60
639 61
639 62
639 63
639 64
639 65
639 66
639 67
639 68
639 69
639 70
639 71
639 72
639 73
639 74
639 75
639 76
639 77
639 78
639 79
639 80
639 81
639 82
639 83
639 84
639 85
639 86
639 87
639 88
639 89
639 90
639 91
640 92
641 93
643 94
642 95
644 96
655 97
658 98
665 99
670 100
666 101
664 102
670 103
679 104
688 105
700 106
702 107
695 108
701 109
710 110
718 111
719 112
723 113
724 114
723 115
733 116
736 117
747 118
750 119
747 120
754 121
762 122
763 123
768 124
771 125
776 126
784 127
787 128
788 129
793 130
803 131
812 132
815 133
814 134
820 135
827 136
845 137
868 138
871 139
867 140
872 141
875 142
876 143
876 144
880 145
884 146
888 147
891 148
894 149
897 150
897 151
901 152
902 153
906 154
911 155
910 156
911 157
913 158
912 159
915 160
919 161
923 162
928 163
935 164
936 165
939 166
936 167
941 168
946 169
946 170
948 171
949 172
951 173
951 174
960 175
968 176
980 177
992 178
1003 179
1009 180
1008 181
1009 182
1010 183
1009 184
1012 185
1016 186
1016 187
1016 188
1018 189
1025 190
1025 191
1023 192
1037 193
1047 194
1054 195
1056 196
1055 197
1054 198
1063 199
1069 200
1088 201
1102 202
1106 203
1115 204
1121 205
1125 206
1128 207
1131 208
1140 209
1143 210
1148 211
1150 212
1151 213
1153 214
1158 215
1167 216
1175 217
1177 218
1174 219
1175 220
1174 221
1180 222
1188 223
1184 224
1188 225
1191 226
1196 227
1198 228
1204 229
1206 230
1211 231
1213 232
1217 233
1220 234
1226 235
1229 236
1234 237
1236 238
1242 239
1243 240
1244 241
1252 242
1256 243
1260 244
1198 245
1173 246
1169 247
1195 248
1268 249
899 250
728 253
1147 254
1184 256
1190 259
1159 261
1263 263
1256 264
1256 265
1262 266
1195 267
1149 268
1223 269
1260 271
1160 272
1158 277
1207 278
856 280
856 281
1273 283
1202 287
1193 296
859 297
859 298
1 304
1 305
3 306
7 307
11 308
49 309
19 310
23 311
26 312
29 313
30 314
37 315
41 316
50 317
130 318
146 319
163 320
156 321
172 322
189 323
183 324
166 325
199 326
214 327
190 328
196 329
210 330
216 331
209 332
211 333
219 334
227 335
232 336
250 337
244 338
241 339
247 340
254 341
255 342
267 343
270 344
276 345
287 346
290 347
285 348
290 349
293 350
295 351
298 352
301 353
306 354
312 355
316 356
317 357
314 358
315 359
322 360
329 361
332 362
328 363
329 364
330 365
324 366
319 367
311 368
306 369
303 370
302 371
304 372
312 373
326 374
330 375
336 376
336 377
346 378
362 379
372 380
373 381
376 382
379 383
378 384
381 385
382 386
384 387
384 388
385 389
385 390
385 391
385 392
385 393
383 394
384 395
379 396
372 397
368 398
360 399
359 400
358 401
359 402
360 403
355 404
355 405
359 406
358 407
362 408
365 409
375 410
382 411
380 412
389 413
402 414
408 415
411 416
419 417
428 418
431 419
434 420
440 421
448 422
451 423
460 424
465 425
479 426
499 427
509 428
517 429
522 430
525 431
534 432
540 433
554 434
560 435
562 436
565 437
572 438
581 439
585 440
592 441
598 442
605 443
611 444
609 445
614 446
614 447
612 448
620 449
617 450
617 451
619 452
615 453
617 454
620 455
622 456
623 457
624 458
621 459
623 460
624 461
624 462
621 463
625 464
625 465
624 466
623 467
624 468
625 469
626 470
627 471
630 472
628 473
628 474
627 475
629 476
629 477
627 478
628 479
625 480
631 481
629 482
629 483
629 484
627 485
628 486
626 487
629 488
629 489
630 490
631 491
629 492
631 493
632 494
634 495
633 496
633 497
634 498
632 499
635 500
635 501
635 502
635 503
634 504
637 505
638 506
637 507
636 508
636 509
636 510
635 511
634 512
634 513
634 514
634 515
635 516
635 517
636 518
635 519
635 520
636 521
636 522
636 523
635 524
634 525
634 526
634 527
636 528
635 529
634 530
634 531
634 532
634 533
634 534
635 535
633 536
634 537
635 538
634 539
635 540
636 541
635 542
636 543
635 544
635 545
635 546
635 547
637 548
635 549
635 550
634 551
635 552
635 553
635 554
635 555
636 556
638 557
638 558
638 559
638 560
639 561
639 562
638 563
639 564
639 565
639 566
638 567
639 568
640 569
638 570
637 571
639 572
639 573
638 574
637 575
639 576
639 577
639 578
639 579
639 580
639 581
639 582
639 583
639 584
638 585
638 586
638 587
638 588
638 589
638 590
637 591
638 592
638 593
635 594
634 595
635 596
636 597
634 598
633 599
632 600
633 601
634 602
634 603
635 604
635 605
634 606
633 607
636 608
635 609
635 610
636 611
637 612
637 613
637 614
635 615
636 616
636 617
638 618
638 619
638 620
638 621
639 622
637 623
636 624
639 625
639 626
638 627
639 628
638 629
638 630
637 631
636 632
638 633
638 634
639 635
638 636
639 637
637 638
636 639
637 640
639 641
639 642
637 643
635 644
636 645
635 646
636 647
636 648
635 649
633 650
635 651
635 652
632 653
636 654
636 655
636 656
633 657
634 658
634 659
635 660
630 661
634 662
635 663
633 664
635 665
635 666
636 667
633 668
636 669
636 670
634 671
631 672
632 673
632 674
635 675
635 676
630 677
635 678
632 679
633 680
635 681
630 682
631 683
627 684
623 685
629 686
629 687
634 688
634 689
627 690
627 691
625 692
623 693
624 694
622 695
618 696
624 697
623 698
626 699
625 700
625 701
628 702
622 703
611 704
618 705
618 706
622 707
618 708
617 709
614 710
613 711
606 712
613 713
614 714
601 715
605 716
600 717
607 718
610 719
