639 0
639 1
639 2
639 3
639 4
639 5
639 6
639 7
639 8
639 9
639 10
639 11
639 12
639 13
639 14
639 15
639 16
639 17
639 18
639 19
639 20
639 21
639 22
639 23
639 24
639 25
639 26
639 27
639 28
639 29
639 30
639 31
639 32
639 33
639 34
639 35
639 36
639 37
639 38
639 39
639 40
639 41
639 42
639 43
639 44
639 45
639 46
639 47
639 48
639 49
639 50
639 51
639 52
639 53
639 54
639 55
639 56
639 57
639 58
639 59
639 60
639 61
639 62
639 63
639 64
639 65
639 66
639 67
639 68
639 69
639 70
639 71
639 72
639 73
639 74
639 75
639 76
639 77
639 78
639 79
639 80
639 81
639 82
639 83
639 84
639 85
639 86
639 87
639 88
639 89
639 90
639 91
639 92
641 93
642 94
644 95
643 96
651 97
657 98
662 99
670 100
670 101
669 102
671 103
681 104
688 105
691 106
696 107
705 108
704 109
710 110
720 111
721 112
721 113
720 114
721 115
730 116
741 117
744 118
748 119
751 120
758 121
766 122
768 123
768 124
771 125
778 126
789 127
788 128
790 129
790 130
805 131
811 132
814 133
818 134
823 135
826 136
848 137
869 138
870 139
871 140
873 141
875 142
877 143
874 144
878 145
884 146
890 147
892 148
894 149
897 150
897 151
900 152
904 153
907 154
909 155
910 156
910 157
912 158
914 159
916 160
917 161
921 162
925 163
933 164
934 165
937 166
941 167
944 168
946 169
947 170
948 171
950 172
953 173
955 174
961 175
966 176
977 177
992 178
1004 179
1007 180
1008 181
1010 182
1006 183
1012 184
1013 185
1016 186
1016 187
1017 188
1019 189
1022 190
1025 191
1025 192
1039 193
1044 194
1055 195
1055 196
1055 197
1057 198
1066 199
1077 200
1086 201
1102 202
1107 203
1113 204
1117 205
1121 206
1126 207
1132 208
1139 209
1145 210
1153 211
1152 212
1154 213
1156 214
1169 215
1173 216
1173 217
1168 218
1166 219
1172 220
1174 221
1179 222
1186 223
1185 224
1189 225
1192 226
1196 227
1198 228
1199 229
1204 230
1208 231
1212 232
1215 233
1220 234
1220 235
1226 236
1229 237
1234 238
1235 239
1247 240
1250 241
1239 242
1245 243
1267 244
1262 245
1272 246
1215 247
1275 248
1278 249
988 250
712 251
821 252
714 253
714 254
920 255
716 256
716 257
784 258
716 259
716 260
871 261
1065 262
1240 264
1247 266
1272 267
1226 268
1256 269
1256 270
848 275
848 276
1271 279
1192 280
1203 283
1042 292
1042 293
847 295
845 296
1 305
4 306
7 307
11 308
15 309
17 310
23 311
27 312
29 313
32 314
38 315
48 316
65 317
53 318
55 319
48 320
64 321
83 322
84 323
84 324
128 325
156 326
160 327
184 328
167 329
151 330
178 331
192 332
206 333
206 334
204 335
211 336
198 337
196 338
192 339
203 340
227 341
238 342
244 343
248 344
255 345
258 346
262 347
276 348
276 349
277 350
281 351
287 352
292 353
293 354
291 355
299 356
302 357
303 358
307 359
310 360
311 361
314 362
315 363
323 364
330 365
334 366
336 367
335 368
333 369
337 370
338 371
333 372
326 373
329 374
327 375
315 376
312 377
310 378
313 379
323 380
325 381
334 382
342 383
346 384
347 385
344 386
359 387
364 388
372 389
374 390
374 391
375 392
378 393
379 394
380 395
380 396
380 397
380 398
380 399
377 400
371 401
365 402
360 403
360 404
362 405
360 406
357 407
360 408
362 409
359 410
358 411
373 412
385 413
394 414
393 415
409 416
411 417
416 418
417 419
422 420
432 421
440 422
447 423
459 424
470 425
482 426
499 427
512 428
519 429
525 430
529 431
537 432
544 433
553 434
557 435
562 436
569 437
572 438
579 439
584 440
591 441
592 442
593 443
599 444
612 445
616 446
608 447
613 448
621 449
621 450
620 451
620 452
623 453
621 454
617 455
620 456
625 457
623 458
623 459
623 460
620 461
623 462
621 463
626 464
625 465
625 466
621 467
624 468
625 469
628 470
626 471
630 472
629 473
629 474
629 475
628 476
627 477
630 478
627 479
628 480
629 481
628 482
630 483
630 484
629 485
629 486
630 487
631 488
630 489
632 490
632 491
633 492
633 493
633 494
633 495
635 496
635 497
636 498
637 499
637 500
636 501
637 502
637 503
638 504
637 505
638 506
637 507
636 508
636 509
636 510
634 511
637 512
637 513
638 514
639 515
640 516
641 517
640 518
640 519
639 520
639 521
637 522
635 523
636 524
635 525
635 526
635 527
634 528
635 529
635 530
635 531
635 532
635 533
636 534
637 535
637 536
637 537
637 538
636 539
637 540
636 541
636 542
633 543
636 544
637 545
637 546
637 547
636 548
636 549
637 550
638 551
638 552
639 553
639 554
639 555
638 556
638 557
639 558
638 559
639 560
638 561
639 562
639 563
639 564
639 565
639 566
639 567
639 568
639 569
639 570
639 571
639 572
638 573
639 574
637 575
639 576
639 577
639 578
639 579
639 580
639 581
638 582
637 583
638 584
639 585
639 586
638 587
639 588
639 589
639 590
638 591
638 592
639 593
638 594
638 595
639 596
638 597
639 598
638 599
638 600
638 601
638 602
637 603
638 604
639 605
638 606
638 607
638 608
638 609
638 610
637 611
636 612
636 613
634 614
633 615
633 616
634 617
633 618
634 619
635 620
634 621
634 622
635 623
633 624
636 625
635 626
636 627
635 628
633 629
635 630
637 631
635 632
634 633
637 634
636 635
636 636
636 637
636 638
636 639
635 640
638 641
639 642
635 643
632 644
632 645
636 646
635 647
635 648
634 649
636 650
635 651
633 652
634 653
635 654
635 655
634 656
632 657
633 658
632 659
633 660
635 661
637 662
635 663
632 664
635 665
633 666
629 667
628 668
629 669
631 670
631 671
628 672
633 673
631 674
634 675
632 676
635 677
633 678
627 679
631 680
632 681
627 682
633 683
638 684
632 685
628 686
632 687
632 688
631 689
629 690
628 691
633 692
625 693
625 694
630 695
625 696
621 697
615 698
619 699
627 700
622 701
618 702
621 703
611 704
619 705
612 706
610 707
618 708
618 709
622 710
613 711
617 712
608 713
606 714
610 715
605 716
607 717
615 718
620 719
