639 0
639 1
639 2
639 3
639 4
639 5
639 6
639 7
639 8
639 9
639 10
639 11
639 12
639 13
639 14
639 15
639 16
639 17
639 18
639 19
639 20
639 21
639 22
639 23
639 24
639 25
639 26
639 27
639 28
639 29
639 30
639 31
639 32
639 33
639 34
639 35
639 36
639 37
639 38
639 39
639 40
639 41
639 42
639 43
639 44
639 45
639 46
639 47
639 48
639 49
639 50
639 51
639 52
639 53
639 54
639 55
639 56
639 57
639 58
639 59
639 60
639 61
639 62
639 63
639 64
639 65
639 66
639 67
639 68
639 69
639 70
639 71
639 72
639 73
639 74
639 75
639 76
639 77
639 78
639 79
639 80
639 81
639 82
639 83
639 84
639 85
639 86
639 87
639 88
639 89
639 90
639 91
639 92
641 93
641 94
642 95
644 96
652 97
657 98
663 99
673 100
667 101
670 102
675 103
682 104
689 105
694 106
696 107
705 108
705 109
710 110
718 111
723 112
723 113
725 114
725 115
730 116
736 117
742 118
744 119
753 120
759 121
764 122
768 123
769 124
772 125
774 126
784 127
787 128
788 129
791 130
803 131
812 132
815 133
816 134
825 135
832 136
853 137
867 138
864 139
868 140
874 141
873 142
874 143
876 144
878 145
883 146
890 147
893 148
894 149
898 150
899 151
901 152
906 153
906 154
909 155
912 156
913 157
913 158
915 159
918 160
918 161
923 162
928 163
931 164
935 165
940 166
941 167
944 168
947 169
948 170
947 171
950 172
953 173
956 174
966 175
974 176
988 177
996 178
1003 179
1008 180
1010 181
1012 182
1014 183
1012 184
1019 185
1025 186
1023 187
1028 188
1029 189
1038 190
1041 191
1039 192
1041 193
1046 194
1053 195
1055 196
1053 197
1062 198
1069 199
1073 200
1090 201
1104 202
1105 203
1114 204
1122 205
1126 206
1124 207
1125 208
1134 209
1141 210
1147 211
1144 212
1148 213
1149 214
1156 215
1158 216
1169 217
1174 218
1174 219
1175 220
1176 221
1180 222
1186 223
1186 224
1189 225
1191 226
1195 227
1200 228
1202 229
1208 230
1211 231
1212 232
1216 233
1219 234
1222 235
1226 236
1234 237
1235 238
1239 239
1225 240
1243 241
1236 242
1225 243
1217 244
1213 245
1187 246
1234 247
1270 248
1248 249
1261 250
1274 251
1274 252
1216 253
1216 254
1182 255
922 256
922 257
921 258
936 260
982 261
1045 262
1109 263
931 264
1140 268
1223 272
890 278
858 279
795 280
795 281
795 282
790 283
790 284
904 285
820 286
788 287
806 288
787 289
786 290
787 291
786 292
782 293
784 294
784 295
783 296
784 297
784 298
786 299
807 300
801 301
786 302
783 303
780 304
782 305
742 306
593 307
550 308
500 309
466 310
463 311
441 312
422 313
429 314
416 315
409 316
408 317
408 318
400 319
394 320
394 321
398 322
381 323
388 324
392 325
397 326
382 327
390 328
395 329
396 330
388 331
384 332
384 333
378 334
373 335
386 336
371 337
374 338
366 339
338 340
309 341
307 342
279 343
286 344
280 345
273 346
270 347
271 348
267 349
265 350
283 351
316 352
327 353
351 354
368 355
382 356
378 357
385 358
388 359
384 360
393 361
395 362
398 363
400 364
399 365
400 366
399 367
399 368
392 369
387 370
379 371
376 372
374 373
375 374
370 375
376 376
379 377
383 378
389 379
388 380
386 381
389 382
394 383
399 384
403 385
405 386
407 387
411 388
412 389
413 390
409 391
414 392
416 393
417 394
416 395
417 396
419 397
421 398
422 399
421 400
422 401
422 402
420 403
419 404
419 405
420 406
420 407
422 408
420 409
420 410
421 411
422 412
421 413
422 414
423 415
423 416
422 417
422 418
421 419
422 420
421 421
425 422
438 423
449 424
449 425
461 426
478 427
495 428
503 429
507 430
509 431
515 432
525 433
534 434
539 435
542 436
552 437
552 438
553 439
569 440
570 441
583 442
586 443
585 444
594 445
605 446
598 447
600 448
607 449
610 450
612 451
608 452
610 453
611 454
610 455
612 456
616 457
614 458
613 459
612 460
617 461
617 462
617 463
618 464
620 465
618 466
619 467
616 468
617 469
618 470
617 471
618 472
618 473
618 474
616 475
614 476
620 477
621 478
619 479
622 480
626 481
626 482
624 483
625 484
626 485
629 486
627 487
627 488
628 489
628 490
627 491
626 492
626 493
626 494
626 495
625 496
627 497
627 498
627 499
627 500
629 501
631 502
633 503
631 504
631 505
632 506
631 507
630 508
628 509
628 510
628 511
629 512
628 513
628 514
629 515
629 516
629 517
629 518
629 519
628 520
631 521
632 522
632 523
633 524
632 525
632 526
632 527
631 528
631 529
631 530
631 531
631 532
631 533
631 534
632 535
632 536
634 537
636 538
637 539
638 540
638 541
637 542
636 543
637 544
638 545
638 546
638 547
638 548
638 549
639 550
638 551
637 552
638 553
638 554
638 555
638 556
638 557
638 558
638 559
637 560
638 561
638 562
638 563
638 564
638 565
638 566
637 567
638 568
639 569
638 570
638 571
638 572
638 573
638 574
637 575
638 576
638 577
638 578
638 579
638 580
637 581
638 582
636 583
638 584
638 585
637 586
636 587
636 588
638 589
636 590
636 591
634 592
635 593
632 594
627 595
630 596
630 597
630 598
630 599
633 600
633 601
633 602
632 603
631 604
632 605
632 606
630 607
633 608
634 609
636 610
636 611
637 612
638 613
637 614
637 615
635 616
636 617
636 618
634 619
633 620
633 621
634 622
635 623
634 624
634 625
634 626
634 627
633 628
631 629
635 630
635 631
634 632
634 633
635 634
635 635
635 636
633 637
635 638
634 639
634 640
634 641
635 642
633 643
631 644
634 645
634 646
633 647
633 648
632 649
630 650
631 651
629 652
631 653
634 654
634 655
633 656
633 657
635 658
631 659
634 660
633 661
636 662
631 663
631 664
635 665
633 666
635 667
633 668
632 669
633 670
631 671
628 672
631 673
633 674
631 675
629 676
625 677
629 678
630 679
628 680
627 681
626 682
626 683
630 684
627 685
628 686
629 687
627 688
629 689
628 690
623 691
618 692
620 693
622 694
617 695
616 696
615 697
614 698
615 699
599 700
604 701
609 702
606 703
607 704
610 705
609 706
607 707
611 708
618 709
616 710
604 711
596 712
596 713
593 714
595 715
594 716
593 717
602 718
603 719
