639 0
639 1
639 2
639 3
639 4
639 5
639 6
639 7
639 8
639 9
639 10
639 11
639 12
639 13
639 14
639 15
639 16
639 17
639 18
639 19
639 20
639 21
639 22
639 23
639 24
639 25
639 26
639 27
639 28
639 29
639 30
639 31
639 32
639 33
639 34
639 35
639 36
639 37
639 38
639 39
639 40
639 41
639 42
639 43
639 44
639 45
639 46
639 47
639 48
639 49
639 50
639 51
639 52
639 53
639 54
639 55
639 56
639 57
639 58
639 59
639 60
639 61
639 62
639 63
639 64
639 65
639 66
639 67
639 68
639 69
639 70
639 71
639 72
639 73
639 74
639 75
639 76
639 77
639 78
639 79
639 80
639 81
639 82
639 83
639 84
639 85
639 86
639 87
639 88
639 89
639 90
639 91
639 92
642 93
642 94
642 95
648 96
653 97
660 98
668 99
668 100
674 101
671 102
673 103
677 104
692 105
701 106
703 107
707 108
712 109
712 110
717 111
725 112
725 113
723 114
728 115
730 116
735 117
743 118
751 119
751 120
759 121
764 122
773 123
771 124
771 125
774 126
783 127
787 128
789 129
796 130
806 131
808 132
815 133
823 134
827 135
830 136
846 137
865 138
865 139
866 140
874 141
877 142
876 143
877 144
880 145
884 146
890 147
892 148
894 149
895 150
897 151
899 152
901 153
904 154
909 155
911 156
910 157
912 158
916 159
918 160
920 161
925 162
928 163
934 164
936 165
939 166
941 167
945 168
947 169
950 170
949 171
950 172
952 173
957 174
962 175
963 176
976 177
994 178
1002 179
1008 180
1009 181
1011 182
1012 183
1012 184
1017 185
1020 186
1019 187
1019 188
1023 189
1027 190
1028 191
1027 192
1041 193
1049 194
1054 195
1058 196
1059 197
1063 198
1072 199
1078 200
1094 201
1107 202
1110 203
1114 204
1119 205
1124 206
1127 207
1128 208
1136 209
1144 210
1153 211
1154 212
1154 213
1153 214
1159 215
1166 216
1176 217
1178 218
1172 219
1174 220
1173 221
1176 222
1186 223
1191 224
1189 225
1193 226
1194 227
1197 228
1203 229
1206 230
1203 231
1211 232
1215 233
1218 234
1223 235
1227 236
1226 237
1235 238
1239 239
1230 240
1250 241
1253 242
1257 243
1249 244
1261 245
1269 246
1234 247
1000 248
1182 249
1175 250
1130 251
990 255
980 256
1003 257
999 258
1174 263
1134 264
1149 265
1223 268
1090 269
980 270
1056 271
981 272
978 273
1195 277
1223 279
1199 280
1199 281
1080 285
1191 286
1076 295
1067 296
1053 301
1120 302
1119 303
1150 304
1088 305
467 306
4 307
11 308
96 309
46 310
86 311
47 312
48 313
30 314
36 315
39 316
42 317
43 318
46 319
68 320
49 321
51 322
54 323
57 324
58 325
58 326
67 327
63 328
63 329
79 330
88 331
77 332
84 333
87 334
96 335
91 336
94 337
87 338
92 339
94 340
109 341
169 342
174 343
185 344
192 345
195 346
198 347
200 348
206 349
207 350
210 351
211 352
214 353
216 354
217 355
218 356
221 357
222 358
223 359
228 360
228 361
234 362
239 363
248 364
252 365
255 366
258 367
259 368
260 369
263 370
266 371
267 372
273 373
272 374
273 375
275 376
280 377
281 378
286 379
287 380
287 381
291 382
291 383
294 384
294 385
297 386
301 387
300 388
305 389
307 390
307 391
309 392
312 393
316 394
317 395
316 396
319 397
321 398
321 399
328 400
335 401
336 402
340 403
340 404
343 405
345 406
346 407
341 408
348 409
352 410
345 411
344 412
354 413
355 414
362 415
357 416
360 417
371 418
372 419
379 420
381 421
390 422
389 423
380 424
389 425
398 426
412 427
414 428
414 429
417 430
413 431
417 432
404 433
417 434
421 435
426 436
436 437
440 438
442 439
435 440
452 441
465 442
464 443
467 444
484 445
494 446
501 447
506 448
502 449
508 450
506 451
511 452
518 453
521 454
509 455
514 456
521 457
521 458
521 459
521 460
516 461
521 462
515 463
528 464
529 465
521 466
520 467
531 468
527 469
533 470
532 471
525 472
528 473
525 474
516 475
510 476
513 477
521 478
526 479
526 480
521 481
530 482
538 483
546 484
556 485
562 486
564 487
566 488
566 489
569 490
571 491
571 492
567 493
564 494
567 495
569 496
573 497
574 498
571 499
569 500
571 501
567 502
565 503
565 504
569 505
567 506
566 507
572 508
580 509
586 510
586 511
587 512
587 513
591 514
591 515
595 516
595 517
595 518
592 519
589 520
591 521
595 522
592 523
589 524
591 525
593 526
598 527
599 528
601 529
600 530
598 531
601 532
602 533
601 534
603 535
602 536
602 537
602 538
601 539
603 540
602 541
602 542
601 543
600 544
600 545
600 546
601 547
600 548
600 549
601 550
601 551
600 552
600 553
601 554
602 555
602 556
601 557
602 558
603 559
602 560
601 561
599 562
598 563
599 564
602 565
599 566
596 567
597 568
596 569
596 570
595 571
593 572
593 573
595 574
593 575
595 576
595 577
595 578
595 579
593 580
595 581
597 582
598 583
595 584
600 585
603 586
602 587
602 588
603 589
602 590
598 591
600 592
600 593
601 594
603 595
604 596
606 597
607 598
605 599
607 600
607 601
605 602
609 603
612 604
616 605
617 606
617 607
615 608
618 609
620 610
619 611
622 612
621 613
623 614
622 615
628 616
632 617
633 618
633 619
632 620
630 621
632 622
632 623
629 624
632 625
631 626
631 627
628 628
629 629
628 630
628 631
631 632
630 633
628 634
628 635
624 636
626 637
627 638
626 639
627 640
628 641
629 642
628 643
626 644
629 645
626 646
620 647
623 648
622 649
624 650
623 651
622 652
624 653
622 654
620 655
624 656
624 657
623 658
626 659
625 660
622 661
624 662
618 663
624 664
624 665
627 666
626 667
624 668
625 669
623 670
613 671
615 672
618 673
616 674
617 675
618 676
618 677
614 678
612 679
622 680
619 681
621 682
615 683
611 684
611 685
613 686
612 687
612 688
620 689
612 690
610 691
613 692
603 693
602 694
601 695
605 696
599 697
596 698
597 699
598 700
600 701
600 702
591 703
591 704
594 705
592 706
593 707
598 708
599 709
596 710
577 711
567 712
576 713
585 714
566 715
555 716
563 717
578 718
584 719
