639 0
639 1
639 2
639 3
639 4
639 5
639 6
639 7
639 8
639 9
639 10
639 11
639 12
639 13
639 14
639 15
639 16
639 17
639 18
639 19
639 20
639 21
639 22
639 23
639 24
639 25
639 26
639 27
639 28
639 29
639 30
639 31
639 32
639 33
639 34
639 35
639 36
639 37
639 38
639 39
639 40
639 41
639 42
639 43
639 44
639 45
639 46
639 47
639 48
639 49
639 50
639 51
639 52
639 53
639 54
639 55
639 56
639 57
639 58
639 59
639 60
639 61
639 62
639 63
639 64
639 65
639 66
639 67
639 68
639 69
639 70
639 71
639 72
639 73
639 74
639 75
639 76
639 77
639 78
639 79
639 80
639 81
639 82
639 83
639 84
639 85
639 86
639 87
639 88
639 89
639 90
639 91
640 92
640 93
641 94
643 95
645 96
655 97
659 98
660 99
666 100
668 101
667 102
672 103
678 104
686 105
692 106
699 107
704 108
708 109
714 110
723 111
729 112
730 113
728 114
726 115
731 116
741 117
756 118
756 119
762 120
770 121
773 122
784 123
787 124
791 125
797 126
814 127
824 128
823 129
830 130
849 131
854 132
858 133
871 134
882 135
894 136
912 137
938 138
941 139
939 140
944 141
948 142
954 143
960 144
967 145
973 146
976 147
984 148
990 149
1006 150
1014 151
1013 152
1026 153
1034 154
1043 155
1043 156
1041 157
1041 158
1036 159
1038 160
1044 161
1047 162
1047 163
1050 164
1052 165
1052 166
1054 167
1056 168
1059 169
1063 170
1064 171
1068 172
1068 173
1070 174
1070 175
1070 176
1070 177
1066 178
1068 179
1073 180
1074 181
1073 182
1076 183
1075 184
1077 185
1077 186
1076 187
1075 188
1076 189
1077 190
1076 191
1073 192
1075 193
1077 194
1076 195
1075 196
1075 197
1077 198
1080 199
1087 200
1092 201
1102 202
1099 203
1107 204
1114 205
1120 206
1124 207
1131 208
1136 209
1144 210
1152 211
1154 212
1154 213
1154 214
1160 215
1170 216
1174 217
1176 218
1173 219
1173 220
1176 221
1177 222
1180 223
1159 224
1161 225
1161 226
1163 227
1154 228
1143 229
1117 230
1123 231
1122 232
1110 233
1094 234
1095 235
1108 236
1076 237
1039 238
1037 239
1028 240
1040 241
996 242
964 243
938 244
890 245
802 246
750 247
747 248
703 249
701 250
705 251
709 252
737 253
707 254
700 255
702 256
698 257
702 258
696 259
695 260
695 261
696 262
695 263
698 264
693 265
692 266
692 267
694 268
693 269
691 270
692 271
695 272
706 273
688 274
690 275
687 276
689 277
693 278
686 279
688 280
686 281
688 282
691 283
687 284
686 285
687 286
688 287
691 288
689 289
688 290
697 291
699 292
694 293
695 294
700 295
702 296
706 297
709 298
700 299
695 300
699 301
699 302
698 303
686 304
690 305
643 306
605 307
572 308
576 309
552 310
535 311
542 312
541 313
541 314
525 315
510 316
510 317
506 318
503 319
495 320
492 321
489 322
485 323
480 324
480 325
475 326
472 327
457 328
451 329
449 330
438 331
419 332
412 333
408 334
400 335
389 336
374 337
376 338
376 339
369 340
356 341
343 342
351 343
350 344
349 345
360 346
363 347
370 348
371 349
371 350
377 351
380 352
382 353
384 354
385 355
387 356
388 357
388 358
390 359
391 360
392 361
391 362
388 363
389 364
389 365
390 366
390 367
391 368
390 369
390 370
391 371
392 372
393 373
392 374
392 375
392 376
395 377
395 378
393 379
392 380
393 381
392 382
393 383
393 384
393 385
393 386
393 387
393 388
393 389
393 390
393 391
394 392
394 393
395 394
395 395
396 396
396 397
395 398
394 399
396 400
396 401
395 402
394 403
395 404
395 405
396 406
397 407
402 408
401 409
398 410
397 411
399 412
401 413
399 414
404 415
400 416
405 417
412 418
421 419
424 420
438 421
442 422
449 423
459 424
471 425
478 426
499 427
514 428
515 429
523 430
525 431
534 432
544 433
552 434
559 435
566 436
573 437
580 438
588 439
587 440
593 441
598 442
604 443
610 444
614 445
617 446
614 447
623 448
629 449
628 450
627 451
631 452
627 453
625 454
623 455
626 456
627 457
628 458
628 459
628 460
630 461
630 462
625 463
634 464
635 465
635 466
633 467
633 468
635 469
636 470
633 471
632 472
631 473
628 474
630 475
630 476
631 477
634 478
634 479
632 480
635 481
635 482
634 483
634 484
635 485
635 486
634 487
632 488
636 489
635 490
635 491
636 492
638 493
639 494
639 495
639 496
639 497
639 498
639 499
639 500
639 501
640 502
640 503
639 504
640 505
639 506
639 507
639 508
639 509
640 510
639 511
639 512
639 513
639 514
638 515
639 516
639 517
639 518
639 519
639 520
639 521
639 522
639 523
639 524
639 525
639 526
639 527
639 528
639 529
639 530
639 531
639 532
640 533
640 534
640 535
639 536
639 537
640 538
639 539
639 540
639 541
639 542
639 543
640 544
640 545
639 546
639 547
639 548
639 549
640 550
639 551
640 552
638 553
639 554
639 555
639 556
639 557
639 558
640 559
639 560
639 561
638 562
638 563
638 564
637 565
637 566
637 567
638 568
638 569
637 570
637 571
638 572
638 573
639 574
638 575
638 576
638 577
637 578
638 579
638 580
636 581
636 582
636 583
637 584
637 585
637 586
636 587
636 588
637 589
637 590
637 591
638 592
640 593
638 594
641 595
640 596
640 597
640 598
640 599
640 600
640 601
640 602
639 603
640 604
640 605
641 606
641 607
640 608
641 609
640 610
641 611
641 612
641 613
641 614
642 615
640 616
641 617
641 618
642 619
639 620
638 621
641 622
640 623
642 624
643 625
643 626
641 627
642 628
641 629
644 630
644 631
645 632
645 633
644 634
643 635
643 636
646 637
645 638
645 639
644 640
645 641
645 642
645 643
646 644
643 645
643 646
643 647
641 648
646 649
645 650
644 651
648 652
646 653
644 654
643 655
645 656
644 657
645 658
646 659
646 660
647 661
646 662
647 663
647 664
641 665
641 666
642 667
644 668
642 669
643 670
639 671
641 672
641 673
642 674
643 675
643 676
643 677
641 678
641 679
641 680
641 681
635 682
634 683
633 684
634 685
630 686
624 687
630 688
635 689
629 690
623 691
620 692
616 693
621 694
623 695
625 696
624 697
625 698
623 699
614 700
619 701
622 702
626 703
614 704
609 705
603 706
612 707
612 708
611 709
615 710
607 711
606 712
613 713
605 714
601 715
595 716
587 717
583 718
593 719
