639 0
639 1
639 2
639 3
639 4
639 5
639 6
639 7
639 8
639 9
639 10
639 11
639 12
639 13
639 14
639 15
639 16
639 17
639 18
639 19
639 20
639 21
639 22
639 23
639 24
639 25
639 26
639 27
639 28
639 29
639 30
639 31
639 32
639 33
639 34
639 35
639 36
639 37
639 38
639 39
639 40
639 41
639 42
639 43
639 44
639 45
639 46
639 47
639 48
639 49
639 50
639 51
639 52
639 53
639 54
639 55
639 56
639 57
639 58
639 59
639 60
639 61
639 62
639 63
639 64
639 65
639 66
639 67
639 68
639 69
639 70
639 71
639 72
639 73
639 74
639 75
639 76
639 77
639 78
639 79
639 80
639 81
639 82
639 83
639 84
639 85
639 86
639 87
639 88
639 89
639 90
639 91
639 92
640 93
641 94
642 95
645 96
654 97
665 98
668 99
672 100
670 101
666 102
669 103
681 104
688 105
692 106
692 107
698 108
702 109
708 110
713 111
720 112
723 113
727 114
724 115
730 116
740 117
747 118
750 119
753 120
759 121
765 122
770 123
769 124
773 125
777 126
786 127
788 128
789 129
792 130
805 131
810 132
813 133
815 134
822 135
831 136
845 137
859 138
864 139
874 140
875 141
876 142
876 143
876 144
880 145
886 146
890 147
893 148
894 149
896 150
898 151
898 152
903 153
907 154
908 155
910 156
912 157
914 158
915 159
913 160
917 161
922 162
927 163
936 164
936 165
939 166
941 167
946 168
946 169
946 170
946 171
948 172
952 173
955 174
964 175
967 176
982 177
998 178
1007 179
1007 180
1005 181
1010 182
1007 183
1012 184
1013 185
1015 186
1016 187
1018 188
1019 189
1025 190
1025 191
1028 192
1040 193
1049 194
1055 195
1055 196
1056 197
1058 198
1068 199
1075 200
1090 201
1102 202
1108 203
1113 204
1123 205
1126 206
1129 207
1132 208
1141 209
1144 210
1151 211
1154 212
1153 213
1154 214
1153 215
1160 216
1177 217
1179 218
1175 219
1176 220
1178 221
1180 222
1185 223
1186 224
1189 225
1191 226
1193 227
1193 228
1203 229
1205 230
1208 231
1207 232
1217 233
1218 234
1226 235
1230 236
1231 237
1235 238
1239 239
1245 240
1243 241
1249 242
1254 243
1261 244
1264 245
1229 246
1213 247
1153 248
1256 249
1270 250
1265 251
1183 252
703 253
1172 256
1279 259
1255 260
1249 261
1271 264
1279 265
1279 266
1212 267
1179 268
856 295
856 296
855 297
855 298
1243 303
4 306
7 307
11 308
14 309
21 310
23 311
28 312
31 313
36 314
37 315
39 316
52 317
53 318
132 319
88 320
83 321
105 322
148 323
160 324
163 325
163 326
168 327
192 328
198 329
199 330
195 331
197 332
205 333
209 334
207 335
210 336
219 337
223 338
223 339
221 340
247 341
249 342
251 343
266 344
272 345
279 346
280 347
282 348
288 349
293 350
293 351
294 352
300 353
300 354
304 355
306 356
307 357
313 358
316 359
319 360
322 361
323 362
331 363
337 364
338 365
338 366
338 367
335 368
324 369
309 370
309 371
311 372
312 373
311 374
310 375
314 376
322 377
328 378
343 379
345 380
349 381
367 382
370 383
373 384
374 385
376 386
380 387
382 388
383 389
383 390
383 391
384 392
384 393
383 394
385 395
384 396
383 397
380 398
372 399
372 400
369 401
361 402
357 403
350 404
349 405
356 406
355 407
358 408
356 409
359 410
364 411
379 412
392 413
398 414
411 415
414 416
423 417
424 418
426 419
432 420
440 421
443 422
446 423
454 424
467 425
486 426
500 427
513 428
521 429
525 430
526 431
535 432
547 433
551 434
560 435
565 436
565 437
571 438
578 439
580 440
592 441
597 442
599 443
604 444
609 445
612 446
612 447
615 448
624 449
622 450
622 451
619 452
616 453
616 454
614 455
621 456
623 457
620 458
623 459
622 460
626 461
627 462
621 463
623 464
624 465
625 466
625 467
626 468
626 469
627 470
628 471
625 472
628 473
625 474
626 475
628 476
628 477
626 478
628 479
627 480
626 481
627 482
627 483
629 484
628 485
629 486
628 487
630 488
630 489
630 490
631 491
631 492
631 493
634 494
633 495
632 496
632 497
633 498
635 499
635 500
635 501
636 502
636 503
637 504
638 505
638 506
635 507
636 508
636 509
636 510
635 511
634 512
635 513
635 514
635 515
635 516
635 517
636 518
637 519
637 520
637 521
636 522
635 523
635 524
634 525
635 526
635 527
634 528
634 529
635 530
634 531
634 532
634 533
633 534
634 535
635 536
634 537
635 538
636 539
636 540
636 541
636 542
635 543
637 544
636 545
635 546
635 547
635 548
635 549
636 550
636 551
635 552
636 553
636 554
638 555
638 556
638 557
639 558
639 559
639 560
639 561
639 562
640 563
639 564
639 565
639 566
639 567
639 568
639 569
638 570
639 571
638 572
638 573
639 574
638 575
638 576
637 577
638 578
639 579
639 580
639 581
639 582
639 583
639 584
638 585
639 586
638 587
639 588
639 589
638 590
637 591
638 592
639 593
638 594
638 595
638 596
638 597
638 598
636 599
633 600
633 601
635 602
635 603
635 604
634 605
634 606
634 607
634 608
634 609
633 610
630 611
630 612
633 613
636 614
634 615
635 616
635 617
636 618
638 619
638 620
638 621
638 622
638 623
638 624
638 625
638 626
638 627
638 628
638 629
639 630
637 631
637 632
639 633
639 634
638 635
637 636
638 637
638 638
639 639
638 640
638 641
638 642
634 643
634 644
634 645
637 646
636 647
634 648
634 649
633 650
632 651
634 652
635 653
635 654
635 655
636 656
636 657
635 658
636 659
634 660
634 661
631 662
632 663
634 664
637 665
635 666
636 667
635 668
635 669
634 670
632 671
627 672
631 673
632 674
634 675
636 676
633 677
633 678
634 679
635 680
633 681
633 682
633 683
632 684
629 685
630 686
622 687
628 688
632 689
625 690
627 691
629 692
627 693
622 694
627 695
623 696
624 697
621 698
616 699
621 700
621 701
623 702
617 703
615 704
613 705
607 706
615 707
614 708
623 709
616 710
607 711
607 712
609 713
612 714
612 715
605 716
601 717
598 718
599 719
