639 0
639 1
639 2
639 3
639 4
639 5
639 6
639 7
639 8
639 9
639 10
639 11
639 12
639 13
639 14
639 15
639 16
639 17
639 18
639 19
639 20
639 21
639 22
639 23
639 24
639 25
639 26
639 27
639 28
639 29
639 30
639 31
639 32
639 33
639 34
639 35
639 36
639 37
639 38
639 39
639 40
639 41
639 42
639 43
639 44
639 45
639 46
639 47
639 48
639 49
639 50
639 51
639 52
639 53
639 54
639 55
639 56
639 57
639 58
639 59
639 60
639 61
639 62
639 63
639 64
639 65
639 66
639 67
639 68
639 69
639 70
639 71
638 72
638 73
638 74
638 75
638 76
637 77
637 78
637 79
637 80
637 81
636 82
636 83
636 84
636 85
635 86
634 87
633 88
631 89
631 90
630 91
629 92
630 93
633 94
635 95
637 96
647 97
657 98
659 99
666 100
667 101
666 102
666 103
676 104
688 105
698 106
695 107
701 108
706 109
710 110
722 111
724 112
726 113
726 114
727 115
739 116
742 117
754 118
760 119
766 120
768 121
780 122
792 123
788 124
790 125
797 126
811 127
818 128
820 129
834 130
846 131
861 132
871 133
872 134
881 135
888 136
913 137
955 138
967 139
965 140
972 141
976 142
976 143
982 144
985 145
995 146
1006 147
1013 148
1015 149
1026 150
1027 151
1036 152
1044 153
1047 154
1052 155
1062 156
1062 157
1068 158
1072 159
1084 160
1085 161
1088 162
1089 163
1090 164
1092 165
1093 166
1092 167
1090 168
1096 169
1097 170
1096 171
1097 172
1097 173
1097 174
1094 175
1096 176
1095 177
1095 178
1095 179
1093 180
1094 181
1096 182
1096 183
1088 184
1089 185
1082 186
1076 187
1077 188
1076 189
1077 190
1070 191
1065 192
1066 193
1066 194
1062 195
1061 196
1063 197
1059 198
1059 199
1063 200
1064 201
1071 202
1070 203
1065 204
1063 205
1067 206
1065 207
1063 208
1067 209
1072 210
1076 211
1069 212
1069 213
1068 214
1068 215
1060 216
1055 217
1048 218
1044 219
1038 220
1035 221
1034 222
1024 223
1014 224
1009 225
1007 226
1009 227
1006 228
1000 229
994 230
982 231
979 232
971 233
961 234
954 235
944 236
932 237
928 238
922 239
910 240
889 241
854 242
842 243
813 244
791 245
744 246
730 247
739 248
718 249
726 250
717 251
712 252
715 253
716 254
715 255
737 256
726 257
721 258
729 259
737 260
734 261
732 262
737 263
744 264
738 265
738 266
749 267
741 268
733 269
731 270
731 271
729 272
727 273
727 274
727 275
723 276
723 277
722 278
723 279
723 280
722 281
722 282
722 283
722 284
723 285
723 286
724 287
727 288
726 289
732 290
736 291
740 292
740 293
736 294
740 295
739 296
735 297
735 298
737 299
736 300
737 301
739 302
737 303
732 304
728 305
701 306
676 307
669 308
655 309
633 310
611 311
616 312
585 313
590 314
564 315
551 316
551 317
546 318
542 319
528 320
532 321
528 322
519 323
516 324
521 325
512 326
511 327
500 328
501 329
493 330
493 331
487 332
484 333
479 334
475 335
471 336
468 337
464 338
458 339
454 340
427 341
406 342
406 343
406 344
405 345
405 346
407 347
406 348
406 349
406 350
405 351
407 352
407 353
407 354
407 355
407 356
409 357
408 358
408 359
408 360
410 361
410 362
412 363
413 364
414 365
415 366
416 367
415 368
414 369
414 370
414 371
409 372
413 373
414 374
417 375
415 376
415 377
414 378
416 379
416 380
418 381
423 382
424 383
423 384
420 385
419 386
418 387
418 388
420 389
418 390
419 391
417 392
418 393
418 394
419 395
418 396
415 397
415 398
420 399
422 400
423 401
421 402
420 403
420 404
420 405
422 406
421 407
421 408
421 409
421 410
421 411
422 412
424 413
426 414
425 415
427 416
427 417
428 418
434 419
442 420
449 421
452 422
464 423
473 424
485 425
495 426
511 427
522 428
529 429
533 430
536 431
544 432
549 433
551 434
560 435
566 436
562 437
572 438
577 439
584 440
595 441
602 442
603 443
613 444
619 445
621 446
626 447
628 448
631 449
632 450
627 451
625 452
625 453
629 454
625 455
629 456
629 457
629 458
628 459
627 460
626 461
626 462
624 463
628 464
630 465
631 466
631 467
632 468
631 469
629 470
630 471
629 472
630 473
631 474
632 475
630 476
629 477
631 478
632 479
634 480
633 481
632 482
635 483
637 484
638 485
638 486
638 487
636 488
638 489
639 490
639 491
639 492
639 493
639 494
639 495
639 496
639 497
639 498
639 499
639 500
639 501
639 502
638 503
639 504
639 505
639 506
640 507
639 508
639 509
639 510
639 511
639 512
639 513
639 514
639 515
639 516
639 517
639 518
640 519
641 520
639 521
639 522
639 523
639 524
639 525
639 526
638 527
639 528
639 529
639 530
639 531
639 532
639 533
639 534
639 535
640 536
639 537
639 538
639 539
639 540
639 541
639 542
639 543
638 544
639 545
639 546
639 547
639 548
639 549
639 550
639 551
638 552
639 553
638 554
638 555
637 556
637 557
636 558
635 559
635 560
635 561
635 562
635 563
635 564
634 565
633 566
634 567
636 568
636 569
637 570
637 571
639 572
637 573
638 574
637 575
638 576
638 577
638 578
637 579
639 580
638 581
638 582
638 583
639 584
638 585
639 586
639 587
638 588
638 589
639 590
640 591
639 592
639 593
639 594
640 595
639 596
639 597
640 598
640 599
640 600
641 601
640 602
640 603
641 604
641 605
641 606
642 607
640 608
642 609
643 610
641 611
640 612
642 613
643 614
643 615
641 616
642 617
642 618
642 619
642 620
643 621
642 622
641 623
642 624
642 625
642 626
642 627
642 628
642 629
638 630
642 631
641 632
641 633
640 634
640 635
643 636
642 637
642 638
642 639
640 640
641 641
640 642
639 643
639 644
638 645
635 646
634 647
640 648
641 649
642 650
640 651
640 652
640 653
637 654
638 655
639 656
638 657
639 658
641 659
640 660
637 661
641 662
642 663
644 664
640 665
638 666
637 667
637 668
638 669
639 670
640 671
638 672
641 673
640 674
639 675
642 676
641 677
637 678
635 679
635 680
641 681
640 682
634 683
633 684
634 685
633 686
630 687
627 688
627 689
622 690
628 691
621 692
618 693
621 694
615 695
617 696
620 697
616 698
611 699
606 700
610 701
619 702
613 703
607 704
608 705
602 706
594 707
604 708
608 709
607 710
603 711
612 712
605 713
602 714
609 715
605 716
603 717
606 718
615 719
