639 0
639 1
639 2
639 3
639 4
639 5
639 6
639 7
639 8
639 9
639 10
639 11
639 12
639 13
639 14
639 15
639 16
639 17
639 18
639 19
639 20
639 21
639 22
639 23
639 24
639 25
639 26
639 27
639 28
639 29
639 30
639 31
639 32
639 33
639 34
639 35
639 36
639 37
639 38
639 39
639 40
639 41
639 42
639 43
639 44
639 45
639 46
639 47
639 48
639 49
639 50
639 51
639 52
639 53
639 54
639 55
639 56
639 57
639 58
639 59
639 60
639 61
639 62
639 63
639 64
639 65
639 66
639 67
639 68
639 69
639 70
639 71
639 72
639 73
639 74
639 75
639 76
639 77
639 78
639 79
639 80
639 81
639 82
639 83
639 84
639 85
639 86
639 87
639 88
639 89
639 90
639 91
639 92
641 93
642 94
643 95
646 96
652 97
657 98
659 99
667 100
670 101
670 102
674 103
686 104
696 105
699 106
700 107
703 108
714 109
717 110
722 111
729 112
733 113
738 114
737 115
737 116
749 117
757 118
772 119
776 120
778 121
791 122
792 123
798 124
798 125
808 126
822 127
828 128
829 129
836 130
854 131
866 132
876 133
878 134
884 135
906 136
937 137
957 138
956 139
957 140
961 141
968 142
977 143
973 144
984 145
994 146
1012 147
1012 148
1018 149
1035 150
1035 151
1033 152
1037 153
1041 154
1047 155
1039 156
1033 157
1029 158
1029 159
1032 160
1041 161
1050 162
1050 163
1052 164
1057 165
1063 166
1065 167
1066 168
1067 169
1067 170
1066 171
1068 172
1066 173
1065 174
1065 175
1065 176
1066 177
1065 178
1064 179
1063 180
1063 181
1060 182
1059 183
1062 184
1060 185
1062 186
1066 187
1067 188
1066 189
1065 190
1067 191
1068 192
1069 193
1070 194
1069 195
1069 196
1069 197
1069 198
1075 199
1078 200
1091 201
1103 202
1105 203
1112 204
1115 205
1125 206
1128 207
1131 208
1142 209
1123 210
1124 211
1125 212
1119 213
1112 214
1102 215
1110 216
1100 217
1096 218
1102 219
1100 220
1093 221
1092 222
1097 223
1088 224
1087 225
1090 226
1096 227
1086 228
1076 229
1078 230
1062 231
1050 232
1043 233
1027 234
1016 235
1011 236
998 237
983 238
973 239
948 240
915 241
921 242
885 243
851 244
790 245
727 246
703 247
694 248
681 249
667 250
668 251
673 252
673 253
672 254
675 255
678 256
670 257
667 258
671 259
666 260
668 261
668 262
668 263
684 264
665 265
666 266
669 267
672 268
670 269
667 270
669 271
672 272
667 273
667 274
675 275
677 276
676 277
675 278
677 279
677 280
682 281
682 282
678 283
680 284
679 285
679 286
688 287
691 288
696 289
684 290
684 291
686 292
682 293
680 294
680 295
680 296
679 297
677 298
676 299
675 300
676 301
676 302
676 303
678 304
658 305
644 306
639 307
622 308
595 309
578 310
559 311
553 312
545 313
536 314
516 315
490 316
470 317
465 318
463 319
459 320
443 321
440 322
433 323
425 324
437 325
434 326
421 327
427 328
427 329
423 330
428 331
422 332
420 333
421 334
419 335
421 336
425 337
423 338
419 339
417 340
396 341
377 342
377 343
378 344
385 345
381 346
383 347
384 348
385 349
382 350
381 351
383 352
384 353
384 354
384 355
384 356
384 357
384 358
385 359
385 360
385 361
385 362
385 363
385 364
386 365
386 366
388 367
388 368
387 369
387 370
387 371
386 372
390 373
386 374
387 375
386 376
389 377
391 378
390 379
390 380
390 381
389 382
388 383
389 384
389 385
390 386
390 387
390 388
390 389
390 390
390 391
391 392
392 393
391 394
394 395
390 396
385 397
383 398
387 399
392 400
394 401
393 402
392 403
391 404
389 405
390 406
394 407
394 408
393 409
392 410
390 411
391 412
398 413
407 414
415 415
417 416
425 417
428 418
434 419
438 420
445 421
451 422
459 423
465 424
472 425
493 426
512 427
518 428
524 429
527 430
530 431
536 432
551 433
561 434
568 435
573 436
581 437
585 438
593 439
591 440
603 441
604 442
616 443
621 444
626 445
626 446
617 447
624 448
631 449
630 450
631 451
629 452
628 453
630 454
627 455
629 456
630 457
632 458
632 459
634 460
632 461
635 462
639 463
638 464
638 465
638 466
637 467
635 468
634 469
634 470
633 471
633 472
635 473
633 474
633 475
632 476
629 477
630 478
633 479
633 480
634 481
632 482
633 483
635 484
636 485
635 486
635 487
634 488
634 489
634 490
636 491
636 492
635 493
636 494
636 495
636 496
635 497
638 498
639 499
639 500
640 501
641 502
640 503
640 504
640 505
640 506
639 507
639 508
639 509
640 510
638 511
640 512
640 513
639 514
639 515
639 516
640 517
639 518
639 519
640 520
640 521
640 522
640 523
640 524
640 525
640 526
639 527
640 528
639 529
639 530
640 531
640 532
640 533
640 534
640 535
639 536
640 537
640 538
639 539
640 540
640 541
640 542
638 543
640 544
640 545
639 546
641 547
640 548
639 549
640 550
639 551
640 552
639 553
640 554
639 555
639 556
639 557
639 558
639 559
638 560
638 561
638 562
637 563
637 564
636 565
637 566
637 567
637 568
637 569
637 570
638 571
638 572
638 573
638 574
638 575
636 576
636 577
636 578
637 579
637 580
637 581
636 582
636 583
636 584
638 585
639 586
638 587
639 588
639 589
639 590
639 591
640 592
640 593
640 594
637 595
640 596
640 597
640 598
640 599
640 600
640 601
640 602
640 603
641 604
641 605
642 606
640 607
641 608
641 609
640 610
641 611
639 612
641 613
641 614
644 615
642 616
642 617
642 618
642 619
642 620
642 621
643 622
642 623
642 624
644 625
645 626
643 627
643 628
643 629
643 630
643 631
645 632
645 633
645 634
645 635
644 636
646 637
644 638
644 639
644 640
644 641
644 642
644 643
646 644
647 645
646 646
643 647
647 648
645 649
648 650
647 651
646 652
644 653
645 654
646 655
642 656
648 657
645 658
645 659
644 660
644 661
643 662
642 663
642 664
646 665
646 666
647 667
645 668
640 669
643 670
641 671
640 672
644 673
640 674
645 675
642 676
641 677
637 678
635 679
638 680
637 681
636 682
632 683
630 684
632 685
631 686
629 687
622 688
632 689
630 690
628 691
623 692
620 693
617 694
620 695
629 696
634 697
626 698
616 699
618 700
622 701
613 702
604 703
618 704
619 705
621 706
616 707
612 708
610 709
612 710
607 711
606 712
596 713
605 714
598 715
593 716
593 717
595 718
597 719
