639 0
639 1
639 2
639 3
639 4
639 5
639 6
639 7
639 8
639 9
639 10
639 11
639 12
639 13
639 14
639 15
639 16
639 17
639 18
639 19
639 20
639 21
639 22
639 23
639 24
639 25
639 26
639 27
639 28
639 29
639 30
639 31
639 32
639 33
639 34
639 35
639 36
639 37
639 38
639 39
639 40
639 41
639 42
639 43
639 44
639 45
639 46
639 47
639 48
639 49
639 50
639 51
639 52
639 53
639 54
639 55
639 56
639 57
639 58
639 59
639 60
639 61
639 62
639 63
639 64
639 65
639 66
639 67
639 68
639 69
639 70
639 71
639 72
639 73
639 74
639 75
639 76
639 77
639 78
639 79
639 80
639 81
639 82
639 83
640 84
640 85
639 86
639 87
639 88
639 89
639 90
640 91
640 92
641 93
641 94
644 95
646 96
652 97
663 98
668 99
669 100
672 101
668 102
670 103
675 104
691 105
705 106
706 107
707 108
714 109
721 110
730 111
734 112
735 113
740 114
746 115
750 116
751 117
761 118
769 119
774 120
779 121
785 122
795 123
798 124
805 125
808 126
826 127
829 128
828 129
839 130
850 131
865 132
877 133
884 134
888 135
904 136
923 137
968 138
975 139
969 140
972 141
980 142
986 143
994 144
995 145
1009 146
1020 147
1025 148
1017 149
1022 150
1023 151
1025 152
1026 153
1027 154
1025 155
1026 156
1029 157
1028 158
1029 159
1038 160
1042 161
1047 162
1049 163
1050 164
1052 165
1052 166
1053 167
1054 168
1054 169
1054 170
1053 171
1053 172
1050 173
1051 174
1050 175
1052 176
1052 177
1052 178
1052 179
1051 180
1050 181
1050 182
1047 183
1049 184
1053 185
1052 186
1048 187
1050 188
1054 189
1055 190
1055 191
1054 192
1055 193
1056 194
1056 195
1057 196
1057 197
1060 198
1062 199
1074 200
1092 201
1105 202
1098 203
1099 204
1103 205
1106 206
1116 207
1106 208
1115 209
1112 210
1110 211
1110 212
1107 213
1094 214
1094 215
1084 216
1080 217
1072 218
1073 219
1078 220
1081 221
1084 222
1087 223
1070 224
1072 225
1064 226
1061 227
1061 228
1060 229
1047 230
1043 231
1033 232
1017 233
1016 234
1000 235
979 236
968 237
942 238
938 239
918 240
911 241
863 242
844 243
802 244
755 245
712 246
713 247
677 248
662 249
646 250
643 251
645 252
649 253
644 254
649 255
649 256
649 257
648 258
653 259
653 260
641 261
642 262
650 263
644 264
642 265
641 266
651 267
659 268
651 269
653 270
647 271
644 272
644 273
649 274
655 275
655 276
649 277
649 278
655 279
656 280
669 281
673 282
666 283
662 284
663 285
666 286
667 287
669 288
663 289
661 290
660 291
655 292
655 293
654 294
653 295
652 296
648 297
648 298
650 299
652 300
651 301
650 302
652 303
657 304
644 305
634 306
616 307
599 308
574 309
556 310
537 311
509 312
496 313
488 314
471 315
464 316
466 317
461 318
463 319
464 320
441 321
436 322
443 323
437 324
440 325
436 326
434 327
439 328
438 329
434 330
433 331
428 332
427 333
425 334
421 335
423 336
416 337
415 338
408 339
404 340
389 341
373 342
376 343
376 344
371 345
370 346
371 347
373 348
373 349
374 350
374 351
375 352
375 353
375 354
375 355
376 356
376 357
375 358
375 359
376 360
376 361
376 362
376 363
376 364
376 365
376 366
377 367
376 368
376 369
376 370
376 371
376 372
378 373
378 374
378 375
381 376
378 377
377 378
377 379
377 380
379 381
380 382
380 383
379 384
380 385
379 386
378 387
376 388
373 389
372 390
372 391
371 392
372 393
374 394
377 395
376 396
376 397
378 398
380 399
383 400
385 401
383 402
381 403
381 404
382 405
380 406
380 407
379 408
382 409
388 410
392 411
399 412
409 413
412 414
419 415
428 416
430 417
432 418
440 419
444 420
452 421
457 422
462 423
469 424
481 425
488 426
509 427
524 428
531 429
534 430
540 431
551 432
557 433
565 434
571 435
575 436
580 437
582 438
586 439
602 440
603 441
610 442
614 443
622 444
629 445
630 446
631 447
628 448
623 449
627 450
628 451
629 452
629 453
633 454
629 455
631 456
630 457
633 458
637 459
638 460
638 461
636 462
635 463
635 464
636 465
637 466
635 467
633 468
634 469
635 470
633 471
636 472
633 473
633 474
635 475
636 476
634 477
632 478
632 479
632 480
635 481
635 482
633 483
634 484
635 485
635 486
636 487
635 488
634 489
633 490
633 491
634 492
635 493
636 494
636 495
636 496
637 497
637 498
638 499
639 500
640 501
640 502
640 503
639 504
641 505
640 506
640 507
640 508
640 509
639 510
638 511
640 512
640 513
640 514
640 515
640 516
639 517
640 518
641 519
640 520
640 521
640 522
640 523
640 524
640 525
640 526
640 527
640 528
640 529
640 530
640 531
640 532
639 533
640 534
640 535
640 536
639 537
639 538
640 539
640 540
640 541
640 542
640 543
638 544
638 545
640 546
640 547
640 548
640 549
639 550
639 551
640 552
639 553
640 554
640 555
639 556
639 557
639 558
639 559
638 560
638 561
637 562
637 563
638 564
637 565
637 566
637 567
637 568
638 569
637 570
636 571
636 572
638 573
638 574
638 575
638 576
638 577
638 578
638 579
640 580
638 581
638 582
638 583
638 584
638 585
638 586
639 587
639 588
639 589
640 590
638 591
638 592
639 593
640 594
640 595
640 596
639 597
640 598
639 599
642 600
641 601
641 602
642 603
642 604
641 605
642 606
640 607
642 608
641 609
642 610
642 611
641 612
642 613
640 614
641 615
641 616
642 617
642 618
642 619
644 620
643 621
644 622
644 623
642 624
643 625
643 626
645 627
644 628
644 629
645 630
645 631
643 632
646 633
646 634
646 635
646 636
645 637
648 638
646 639
646 640
647 641
648 642
648 643
647 644
650 645
650 646
646 647
646 648
648 649
648 650
646 651
647 652
650 653
649 654
648 655
644 656
643 657
642 658
646 659
647 660
649 661
649 662
644 663
647 664
645 665
647 666
650 667
648 668
647 669
647 670
647 671
646 672
645 673
645 674
647 675
647 676
646 677
641 678
638 679
638 680
640 681
642 682
640 683
637 684
631 685
633 686
636 687
635 688
630 689
628 690
627 691
622 692
623 693
623 694
618 695
623 696
622 697
619 698
618 699
619 700
624 701
624 702
615 703
624 704
620 705
619 706
614 707
613 708
615 709
611 710
604 711
602 712
602 713
602 714
601 715
590 716
595 717
602 718
605 719
