639 0
639 1
639 2
639 3
639 4
639 5
639 6
639 7
639 8
639 9
639 10
639 11
639 12
639 13
639 14
639 15
639 16
639 17
639 18
639 19
639 20
639 21
639 22
639 23
639 24
639 25
639 26
639 27
639 28
639 29
639 30
639 31
639 32
639 33
639 34
639 35
639 36
639 37
639 38
639 39
639 40
639 41
638 42
638 43
638 44
637 45
637 46
637 47
637 48
637 49
636 50
636 51
636 52
635 53
635 54
635 55
635 56
634 57
635 58
632 59
631 60
629 61
628 62
630 63
631 64
632 65
634 66
634 67
632 68
633 69
633 70
631 71
632 72
632 73
632 74
631 75
630 76
629 77
628 78
627 79
625 80
625 81
625 82
626 83
624 84
626 85
627 86
625 87
623 88
622 89
621 90
621 91
620 92
622 93
622 94
623 95
625 96
631 97
640 98
651 99
663 100
662 101
654 102
650 103
666 104
673 105
681 106
693 107
698 108
695 109
701 110
716 111
718 112
724 113
729 114
728 115
734 116
740 117
752 118
756 119
757 120
763 121
777 122
785 123
784 124
786 125
794 126
814 127
822 128
822 129
822 130
855 131
864 132
871 133
879 134
889 135
913 136
940 137
973 138
982 139
993 140
991 141
994 142
996 143
1000 144
1010 145
1025 146
1034 147
1043 148
1047 149
1060 150
1061 151
1069 152
1081 153
1090 154
1101 155
1111 156
1108 157
1101 158
1092 159
1102 160
1103 161
1104 162
1101 163
1105 164
1107 165
1102 166
1092 167
1089 168
1091 169
1086 170
1077 171
1079 172
1073 173
1075 174
1075 175
1072 176
1071 177
1070 178
1070 179
1063 180
1062 181
1062 182
1057 183
1055 184
1056 185
1060 186
1058 187
1057 188
1052 189
1054 190
1059 191
1056 192
1057 193
1059 194
1057 195
1050 196
1042 197
1040 198
1042 199
1040 200
1041 201
1038 202
1030 203
1031 204
1028 205
1029 206
1023 207
1029 208
1022 209
1019 210
1015 211
1010 212
1009 213
1010 214
1007 215
1005 216
995 217
988 218
988 219
988 220
986 221
983 222
983 223
979 224
973 225
971 226
964 227
962 228
961 229
948 230
946 231
941 232
937 233
930 234
918 235
910 236
902 237
896 238
890 239
888 240
869 241
845 242
825 243
819 244
796 245
782 246
771 247
752 248
748 249
746 250
760 251
755 252
766 253
757 254
768 255
774 256
763 257
766 258
772 259
763 260
759 261
753 262
756 263
748 264
742 265
741 266
742 267
738 268
737 269
736 270
737 271
736 272
736 273
737 274
733 275
734 276
741 277
735 278
737 279
735 280
733 281
733 282
736 283
738 284
740 285
739 286
744 287
737 288
740 289
742 290
742 291
745 292
746 293
749 294
750 295
752 296
751 297
749 298
748 299
750 300
753 301
746 302
744 303
742 304
739 305
729 306
710 307
695 308
669 309
660 310
649 311
634 312
618 313
620 314
610 315
588 316
581 317
581 318
572 319
564 320
557 321
550 322
544 323
545 324
532 325
532 326
530 327
526 328
522 329
517 330
516 331
514 332
511 333
507 334
504 335
498 336
495 337
489 338
484 339
479 340
454 341
427 342
425 343
425 344
424 345
425 346
425 347
425 348
426 349
427 350
427 351
425 352
424 353
425 354
427 355
426 356
426 357
425 358
427 359
428 360
426 361
427 362
428 363
429 364
429 365
429 366
432 367
431 368
432 369
433 370
439 371
441 372
441 373
443 374
448 375
445 376
444 377
438 378
441 379
440 380
438 381
439 382
434 383
432 384
432 385
436 386
434 387
437 388
440 389
440 390
438 391
438 392
438 393
439 394
444 395
443 396
439 397
436 398
435 399
436 400
433 401
435 402
435 403
431 404
431 405
431 406
433 407
434 408
433 409
433 410
432 411
432 412
431 413
431 414
431 415
431 416
433 417
440 418
438 419
440 420
442 421
450 422
459 423
462 424
473 425
485 426
504 427
512 428
522 429
527 430
531 431
538 432
545 433
555 434
563 435
567 436
571 437
575 438
579 439
583 440
588 441
597 442
606 443
606 444
608 445
609 446
615 447
620 448
628 449
631 450
633 451
631 452
630 453
629 454
630 455
635 456
635 457
630 458
628 459
623 460
623 461
627 462
627 463
628 464
631 465
629 466
627 467
627 468
628 469
630 470
628 471
625 472
632 473
632 474
633 475
634 476
631 477
632 478
626 479
626 480
629 481
631 482
630 483
631 484
631 485
632 486
633 487
632 488
633 489
634 490
637 491
639 492
638 493
639 494
639 495
637 496
639 497
639 498
639 499
639 500
639 501
639 502
639 503
639 504
639 505
639 506
639 507
639 508
639 509
639 510
639 511
638 512
639 513
639 514
639 515
639 516
639 517
638 518
639 519
639 520
639 521
639 522
639 523
639 524
637 525
639 526
639 527
639 528
639 529
639 530
639 531
639 532
639 533
639 534
639 535
640 536
639 537
639 538
639 539
639 540
639 541
639 542
639 543
638 544
639 545
639 546
639 547
639 548
639 549
639 550
638 551
638 552
639 553
638 554
638 555
638 556
637 557
637 558
637 559
637 560
637 561
637 562
637 563
636 564
636 565
636 566
637 567
637 568
637 569
636 570
635 571
638 572
638 573
638 574
637 575
638 576
637 577
638 578
638 579
638 580
638 581
638 582
638 583
637 584
637 585
637 586
635 587
635 588
636 589
638 590
637 591
638 592
638 593
638 594
639 595
639 596
640 597
640 598
639 599
639 600
639 601
639 602
640 603
641 604
641 605
642 606
642 607
641 608
640 609
642 610
643 611
641 612
639 613
642 614
640 615
641 616
643 617
644 618
645 619
644 620
645 621
645 622
643 623
645 624
646 625
645 626
644 627
645 628
644 629
643 630
645 631
647 632
646 633
646 634
646 635
647 636
647 637
647 638
645 639
640 640
641 641
645 642
646 643
645 644
645 645
646 646
646 647
646 648
643 649
644 650
644 651
645 652
643 653
646 654
644 655
645 656
645 657
643 658
642 659
639 660
642 661
642 662
640 663
645 664
641 665
645 666
646 667
644 668
642 669
640 670
639 671
640 672
641 673
642 674
643 675
641 676
638 677
638 678
638 679
640 680
638 681
638 682
642 683
639 684
630 685
630 686
638 687
637 688
635 689
636 690
631 691
630 692
628 693
632 694
630 695
634 696
629 697
631 698
633 699
628 700
627 701
628 702
628 703
622 704
624 705
619 706
613 707
616 708
617 709
619 710
618 711
610 712
610 713
613 714
613 715
602 716
599 717
602 718
610 719
