639 0
639 1
639 2
639 3
639 4
639 5
639 6
639 7
639 8
639 9
639 10
639 11
639 12
639 13
639 14
639 15
639 16
639 17
639 18
639 19
639 20
639 21
639 22
639 23
639 24
639 25
639 26
639 27
639 28
639 29
639 30
639 31
639 32
639 33
639 34
639 35
639 36
639 37
639 38
639 39
639 40
639 41
639 42
639 43
639 44
639 45
639 46
639 47
639 48
639 49
639 50
639 51
639 52
639 53
639 54
639 55
639 56
639 57
639 58
639 59
639 60
639 61
639 62
639 63
639 64
639 65
639 66
639 67
639 68
639 69
639 70
639 71
639 72
639 73
639 74
639 75
639 76
639 77
639 78
639 79
639 80
639 81
639 82
639 83
639 84
639 85
639 86
639 87
639 88
639 89
639 90
639 91
639 92
641 93
642 94
642 95
647 96
649 97
656 98
661 99
671 100
666 101
665 102
673 103
681 104
690 105
695 106
694 107
699 108
705 109
710 110
721 111
724 112
722 113
722 114
727 115
737 116
738 117
743 118
748 119
750 120
756 121
763 122
767 123
767 124
771 125
776 126
787 127
789 128
789 129
789 130
804 131
807 132
811 133
814 134
824 135
831 136
844 137
862 138
867 139
873 140
876 141
875 142
874 143
875 144
878 145
885 146
890 147
893 148
894 149
895 150
896 151
900 152
902 153
903 154
909 155
910 156
911 157
911 158
913 159
915 160
918 161
920 162
922 163
932 164
936 165
938 166
938 167
938 168
944 169
946 170
947 171
948 172
952 173
953 174
961 175
964 176
979 177
994 178
1000 179
1008 180
1010 181
1010 182
1012 183
1010 184
1013 185
1014 186
1016 187
1018 188
1020 189
1024 190
1025 191
1025 192
1037 193
1045 194
1054 195
1055 196
1052 197
1053 198
1068 199
1072 200
1089 201
1102 202
1105 203
1114 204
1123 205
1124 206
1127 207
1129 208
1139 209
1144 210
1147 211
1152 212
1154 213
1156 214
1163 215
1164 216
1177 217
1177 218
1174 219
1171 220
1175 221
1178 222
1181 223
1190 224
1189 225
1192 226
1193 227
1197 228
1203 229
1201 230
1206 231
1213 232
1218 233
1218 234
1223 235
1228 236
1234 237
1237 238
1235 239
1235 240
1244 241
1249 242
1248 243
1264 244
1251 245
1251 246
1242 247
1069 248
727 249
727 250
726 251
1089 252
910 253
1168 255
1166 256
1176 257
1168 260
1168 261
1263 263
1250 267
1269 268
1271 277
846 278
846 279
1191 289
1030 292
847 294
1019 295
1065 296
858 297
857 298
1264 304
2 305
4 306
7 307
12 308
15 309
17 310
23 311
27 312
30 313
31 314
37 315
39 316
43 317
44 318
81 319
125 320
105 321
127 322
144 323
152 324
163 325
164 326
159 327
176 328
201 329
211 330
193 331
190 332
210 333
212 334
219 335
230 336
233 337
228 338
234 339
223 340
243 341
254 342
255 343
268 344
274 345
276 346
287 347
289 348
287 349
286 350
288 351
295 352
298 353
297 354
307 355
310 356
306 357
309 358
318 359
321 360
322 361
322 362
328 363
335 364
336 365
335 366
336 367
334 368
328 369
317 370
311 371
308 372
311 373
317 374
311 375
312 376
328 377
323 378
330 379
347 380
355 381
362 382
373 383
376 384
378 385
378 386
380 387
380 388
381 389
382 390
382 391
385 392
384 393
384 394
385 395
384 396
381 397
380 398
372 399
372 400
368 401
361 402
357 403
357 404
353 405
355 406
357 407
359 408
356 409
359 410
363 411
368 412
384 413
393 414
402 415
410 416
418 417
423 418
428 419
430 420
436 421
445 422
448 423
458 424
461 425
472 426
496 427
511 428
517 429
525 430
528 431
535 432
545 433
552 434
559 435
562 436
565 437
573 438
581 439
581 440
593 441
599 442
604 443
611 444
608 445
610 446
608 447
610 448
615 449
614 450
619 451
622 452
617 453
618 454
616 455
619 456
623 457
621 458
615 459
616 460
619 461
618 462
622 463
621 464
626 465
626 466
624 467
626 468
625 469
626 470
624 471
627 472
624 473
627 474
626 475
627 476
628 477
628 478
625 479
628 480
629 481
629 482
629 483
629 484
629 485
627 486
629 487
629 488
629 489
631 490
631 491
629 492
631 493
632 494
632 495
633 496
634 497
634 498
635 499
635 500
636 501
636 502
637 503
636 504
637 505
638 506
637 507
637 508
636 509
636 510
635 511
636 512
636 513
635 514
635 515
634 516
633 517
635 518
636 519
637 520
637 521
636 522
635 523
635 524
634 525
634 526
633 527
636 528
635 529
635 530
633 531
635 532
635 533
634 534
634 535
634 536
634 537
635 538
635 539
636 540
636 541
636 542
635 543
637 544
636 545
635 546
635 547
635 548
635 549
636 550
636 551
636 552
635 553
636 554
637 555
638 556
638 557
639 558
638 559
637 560
639 561
639 562
639 563
638 564
639 565
639 566
639 567
638 568
639 569
639 570
639 571
638 572
639 573
639 574
638 575
639 576
639 577
639 578
639 579
639 580
639 581
639 582
639 583
639 584
638 585
638 586
639 587
638 588
639 589
638 590
638 591
639 592
638 593
637 594
637 595
637 596
636 597
636 598
636 599
634 600
633 601
631 602
635 603
635 604
633 605
633 606
634 607
633 608
635 609
634 610
632 611
634 612
634 613
636 614
632 615
637 616
637 617
638 618
638 619
638 620
637 621
639 622
633 623
638 624
638 625
639 626
637 627
637 628
638 629
637 630
634 631
636 632
638 633
639 634
639 635
637 636
637 637
637 638
638 639
638 640
635 641
636 642
633 643
633 644
636 645
634 646
628 647
633 648
636 649
636 650
636 651
633 652
632 653
634 654
635 655
636 656
636 657
634 658
636 659
635 660
632 661
635 662
635 663
634 664
636 665
634 666
634 667
634 668
635 669
635 670
632 671
632 672
636 673
634 674
632 675
632 676
630 677
632 678
628 679
633 680
636 681
633 682
633 683
634 684
631 685
629 686
627 687
629 688
636 689
631 690
627 691
628 692
627 693
627 694
622 695
624 696
622 697
622 698
621 699
622 700
627 701
622 702
613 703
617 704
618 705
618 706
614 707
610 708
615 709
618 710
616 711
612 712
600 713
606 714
615 715
605 716
595 717
602 718
608 719
