639 0
639 1
639 2
639 3
639 4
639 5
639 6
639 7
639 8
639 9
639 10
639 11
639 12
639 13
639 14
639 15
639 16
639 17
639 18
639 19
639 20
639 21
639 22
639 23
639 24
639 25
639 26
639 27
639 28
639 29
639 30
639 31
639 32
639 33
639 34
639 35
639 36
639 37
639 38
639 39
639 40
639 41
639 42
639 43
639 44
639 45
639 46
639 47
639 48
639 49
639 50
639 51
639 52
639 53
639 54
639 55
639 56
639 57
639 58
639 59
639 60
639 61
639 62
639 63
639 64
639 65
639 66
639 67
639 68
639 69
639 70
639 71
639 72
639 73
639 74
639 75
639 76
639 77
639 78
639 79
639 80
639 81
639 82
639 83
639 84
639 85
639 86
639 87
639 88
639 89
639 90
639 91
639 92
640 93
642 94
643 95
645 96
649 97
659 98
663 99
673 100
671 101
666 102
667 103
680 104
692 105
694 106
695 107
700 108
706 109
709 110
717 111
724 112
728 113
730 114
731 115
729 116
743 117
749 118
751 119
753 120
761 121
777 122
783 123
783 124
785 125
792 126
808 127
818 128
823 129
826 130
845 131
858 132
861 133
869 134
876 135
887 136
901 137
938 138
941 139
950 140
952 141
951 142
958 143
956 144
964 145
973 146
980 147
987 148
989 149
993 150
1001 151
1012 152
1019 153
1033 154
1044 155
1048 156
1049 157
1042 158
1038 159
1038 160
1048 161
1052 162
1052 163
1051 164
1054 165
1053 166
1055 167
1057 168
1060 169
1064 170
1065 171
1065 172
1073 173
1075 174
1072 175
1071 176
1068 177
1069 178
1070 179
1072 180
1069 181
1068 182
1071 183
1076 184
1078 185
1080 186
1080 187
1080 188
1081 189
1081 190
1081 191
1080 192
1080 193
1081 194
1080 195
1080 196
1081 197
1082 198
1089 199
1091 200
1095 201
1103 202
1107 203
1109 204
1113 205
1119 206
1120 207
1124 208
1133 209
1138 210
1144 211
1148 212
1147 213
1152 214
1162 215
1167 216
1173 217
1175 218
1171 219
1175 220
1175 221
1178 222
1190 223
1189 224
1190 225
1191 226
1196 227
1195 228
1201 229
1195 230
1185 231
1168 232
1167 233
1144 234
1115 235
1116 236
1113 237
1109 238
1085 239
1059 240
1042 241
1016 242
1012 243
947 244
880 245
818 246
767 247
799 248
800 249
770 250
772 251
736 252
721 253
712 254
728 255
710 256
712 257
710 258
708 259
705 260
718 261
707 262
707 263
708 264
698 265
695 266
710 267
698 268
700 269
698 270
696 271
697 272
696 273
696 274
698 275
698 276
720 277
697 278
710 279
691 280
690 281
692 282
700 283
694 284
693 285
694 286
700 287
697 288
694 289
695 290
695 291
693 292
701 293
698 294
693 295
695 296
700 297
702 298
705 299
708 300
710 301
707 302
706 303
709 304
708 305
695 306
592 307
561 308
481 309
484 310
474 311
455 312
440 313
430 314
452 315
459 316
478 317
484 318
490 319
492 320
486 321
486 322
481 323
480 324
480 325
476 326
466 327
458 328
454 329
450 330
444 331
439 332
424 333
411 334
403 335
396 336
393 337
390 338
386 339
386 340
381 341
361 342
357 343
356 344
363 345
365 346
368 347
373 348
373 349
372 350
372 351
374 352
379 353
381 354
382 355
384 356
383 357
388 358
391 359
389 360
393 361
392 362
390 363
393 364
395 365
396 366
396 367
395 368
393 369
392 370
393 371
393 372
394 373
395 374
394 375
394 376
395 377
395 378
395 379
396 380
397 381
398 382
397 383
397 384
397 385
396 386
396 387
398 388
397 389
396 390
397 391
396 392
398 393
398 394
398 395
396 396
396 397
397 398
397 399
398 400
399 401
399 402
399 403
398 404
399 405
397 406
399 407
399 408
399 409
400 410
400 411
401 412
401 413
402 414
403 415
406 416
412 417
414 418
422 419
432 420
437 421
444 422
451 423
453 424
461 425
481 426
492 427
509 428
519 429
523 430
523 431
537 432
544 433
549 434
555 435
559 436
565 437
574 438
585 439
591 440
595 441
600 442
602 443
604 444
611 445
614 446
611 447
620 448
626 449
628 450
632 451
629 452
624 453
627 454
623 455
627 456
628 457
630 458
631 459
628 460
630 461
632 462
631 463
633 464
631 465
632 466
633 467
633 468
630 469
632 470
632 471
632 472
635 473
634 474
632 475
632 476
634 477
635 478
633 479
635 480
634 481
633 482
634 483
634 484
635 485
635 486
632 487
635 488
635 489
635 490
635 491
636 492
637 493
638 494
639 495
639 496
639 497
638 498
639 499
640 500
639 501
639 502
639 503
640 504
640 505
639 506
639 507
639 508
639 509
639 510
638 511
639 512
639 513
639 514
639 515
639 516
639 517
639 518
639 519
639 520
639 521
639 522
639 523
637 524
639 525
639 526
639 527
639 528
638 529
639 530
639 531
639 532
639 533
639 534
638 535
640 536
640 537
639 538
639 539
639 540
639 541
639 542
640 543
640 544
640 545
640 546
639 547
639 548
639 549
639 550
640 551
639 552
639 553
639 554
639 555
640 556
639 557
639 558
640 559
639 560
639 561
639 562
638 563
638 564
637 565
637 566
637 567
637 568
637 569
637 570
637 571
637 572
636 573
638 574
639 575
638 576
638 577
638 578
638 579
638 580
637 581
636 582
637 583
637 584
638 585
638 586
638 587
638 588
638 589
638 590
638 591
637 592
638 593
638 594
636 595
637 596
638 597
638 598
639 599
640 600
640 601
640 602
639 603
640 604
641 605
639 606
641 607
640 608
641 609
641 610
641 611
640 612
639 613
641 614
640 615
639 616
641 617
641 618
641 619
642 620
642 621
642 622
642 623
642 624
642 625
642 626
642 627
641 628
642 629
644 630
641 631
642 632
644 633
643 634
644 635
643 636
643 637
644 638
642 639
642 640
642 641
644 642
643 643
644 644
643 645
643 646
646 647
644 648
646 649
645 650
646 651
645 652
645 653
644 654
646 655
643 656
642 657
643 658
646 659
647 660
645 661
646 662
642 663
639 664
639 665
643 666
644 667
642 668
644 669
642 670
643 671
640 672
642 673
636 674
637 675
641 676
639 677
642 678
637 679
639 680
641 681
636 682
626 683
626 684
636 685
639 686
632 687
630 688
624 689
623 690
622 691
619 692
618 693
625 694
624 695
614 696
617 697
618 698
620 699
621 700
614 701
613 702
616 703
615 704
616 705
607 706
608 707
608 708
599 709
603 710
602 711
595 712
596 713
598 714
601 715
593 716
589 717
595 718
602 719
