639 0
639 1
639 2
639 3
639 4
639 5
639 6
639 7
639 8
639 9
639 10
639 11
639 12
639 13
639 14
639 15
639 16
639 17
639 18
639 19
639 20
639 21
639 22
639 23
639 24
639 25
639 26
639 27
639 28
639 29
639 30
639 31
639 32
639 33
639 34
639 35
639 36
639 37
639 38
639 39
639 40
639 41
639 42
639 43
639 44
639 45
639 46
639 47
639 48
639 49
639 50
639 51
639 52
639 53
639 54
639 55
639 56
639 57
639 58
639 59
639 60
639 61
639 62
639 63
639 64
639 65
639 66
639 67
639 68
639 69
639 70
639 71
639 72
639 73
639 74
639 75
639 76
639 77
639 78
639 79
639 80
639 81
639 82
639 83
639 84
639 85
639 86
639 87
639 88
639 89
639 90
639 91
639 92
639 93
642 94
643 95
643 96
646 97
658 98
663 99
671 100
667 101
669 102
672 103
679 104
688 105
696 106
699 107
702 108
701 109
706 110
717 111
727 112
727 113
725 114
725 115
726 116
734 117
749 118
749 119
754 120
757 121
765 122
768 123
769 124
771 125
773 126
785 127
790 128
788 129
791 130
803 131
810 132
816 133
816 134
820 135
830 136
845 137
868 138
870 139
869 140
873 141
874 142
873 143
876 144
879 145
882 146
889 147
891 148
894 149
896 150
898 151
901 152
902 153
904 154
910 155
911 156
911 157
911 158
914 159
915 160
917 161
922 162
929 163
933 164
936 165
938 166
941 167
941 168
945 169
949 170
948 171
949 172
951 173
956 174
961 175
966 176
972 177
988 178
999 179
1008 180
1008 181
1008 182
1010 183
1009 184
1011 185
1014 186
1016 187
1018 188
1023 189
1025 190
1024 191
1023 192
1037 193
1046 194
1054 195
1055 196
1053 197
1056 198
1067 199
1072 200
1091 201
1105 202
1108 203
1114 204
1119 205
1124 206
1127 207
1131 208
1140 209
1143 210
1153 211
1153 212
1155 213
1151 214
1156 215
1163 216
1169 217
1174 218
1173 219
1175 220
1176 221
1178 222
1184 223
1188 224
1188 225
1192 226
1195 227
1196 228
1202 229
1203 230
1205 231
1208 232
1216 233
1219 234
1224 235
1223 236
1228 237
1233 238
1238 239
1226 240
1243 241
1250 242
1252 243
1262 244
1271 245
1274 246
1271 247
1231 248
908 249
1038 250
1163 251
1278 252
884 253
828 254
1184 255
1279 260
1278 261
1257 262
1235 263
1183 264
1250 265
1229 266
1224 271
1208 276
1271 277
1271 278
1263 280
1272 281
1272 282
849 296
855 297
855 298
1162 299
1269 302
4 306
7 307
11 308
18 309
19 310
24 311
27 312
29 313
33 314
37 315
39 316
42 317
66 318
118 319
164 320
165 321
172 322
155 323
143 324
188 325
194 326
159 327
183 328
192 329
187 330
192 331
182 332
187 333
192 334
196 335
224 336
222 337
232 338
229 339
240 340
249 341
258 342
263 343
271 344
277 345
283 346
285 347
287 348
290 349
293 350
299 351
293 352
294 353
301 354
302 355
309 356
315 357
317 358
314 359
317 360
323 361
326 362
332 363
333 364
334 365
335 366
329 367
322 368
309 369
307 370
305 371
306 372
316 373
317 374
325 375
331 376
337 377
338 378
347 379
361 380
370 381
373 382
374 383
377 384
379 385
380 386
381 387
381 388
383 389
384 390
383 391
385 392
383 393
384 394
386 395
383 396
376 397
371 398
361 399
355 400
351 401
352 402
358 403
355 404
357 405
355 406
357 407
355 408
362 409
371 410
378 411
380 412
387 413
401 414
412 415
410 416
421 417
421 418
428 419
438 420
441 421
450 422
450 423
452 424
464 425
480 426
499 427
512 428
517 429
523 430
528 431
533 432
543 433
554 434
557 435
560 436
566 437
577 438
578 439
581 440
591 441
598 442
599 443
602 444
611 445
613 446
606 447
615 448
621 449
621 450
621 451
620 452
613 453
613 454
616 455
619 456
616 457
622 458
622 459
623 460
622 461
625 462
621 463
623 464
625 465
624 466
618 467
623 468
625 469
626 470
624 471
626 472
629 473
628 474
626 475
628 476
628 477
631 478
629 479
629 480
630 481
626 482
626 483
629 484
628 485
629 486
629 487
628 488
630 489
631 490
630 491
631 492
631 493
632 494
632 495
633 496
634 497
634 498
635 499
636 500
636 501
637 502
636 503
637 504
637 505
637 506
637 507
636 508
636 509
635 510
636 511
635 512
635 513
634 514
635 515
635 516
635 517
636 518
635 519
637 520
637 521
636 522
634 523
634 524
635 525
634 526
634 527
635 528
635 529
635 530
633 531
635 532
635 533
634 534
635 535
634 536
634 537
635 538
635 539
635 540
636 541
635 542
636 543
635 544
635 545
634 546
635 547
635 548
635 549
636 550
635 551
635 552
635 553
635 554
636 555
637 556
638 557
638 558
640 559
637 560
639 561
639 562
638 563
639 564
638 565
639 566
638 567
639 568
639 569
639 570
638 571
639 572
639 573
639 574
639 575
638 576
639 577
638 578
637 579
639 580
639 581
639 582
639 583
638 584
638 585
638 586
638 587
638 588
638 589
638 590
638 591
638 592
637 593
634 594
635 595
634 596
634 597
634 598
633 599
634 600
634 601
634 602
634 603
634 604
634 605
634 606
633 607
632 608
632 609
636 610
636 611
636 612
637 613
637 614
635 615
636 616
638 617
638 618
638 619
638 620
638 621
636 622
638 623
638 624
638 625
638 626
637 627
638 628
637 629
636 630
636 631
638 632
639 633
638 634
637 635
636 636
639 637
639 638
636 639
638 640
637 641
635 642
634 643
634 644
635 645
635 646
634 647
633 648
637 649
635 650
632 651
635 652
633 653
631 654
631 655
636 656
634 657
633 658
636 659
637 660
633 661
630 662
627 663
631 664
635 665
632 666
630 667
629 668
633 669
633 670
630 671
632 672
632 673
633 674
636 675
637 676
634 677
632 678
630 679
631 680
634 681
635 682
636 683
635 684
630 685
629 686
628 687
625 688
635 689
633 690
632 691
629 692
627 693
629 694
631 695
626 696
621 697
621 698
621 699
619 700
618 701
622 702
620 703
614 704
610 705
609 706
614 707
613 708
618 709
625 710
622 711
617 712
608 713
608 714
612 715
606 716
606 717
604 718
605 719
