639 0
639 1
639 2
639 3
639 4
639 5
639 6
639 7
639 8
639 9
639 10
639 11
639 12
639 13
639 14
639 15
639 16
639 17
639 18
639 19
639 20
639 21
639 22
639 23
639 24
639 25
639 26
639 27
639 28
639 29
639 30
639 31
639 32
639 33
639 34
639 35
639 36
639 37
639 38
639 39
639 40
639 41
639 42
639 43
639 44
639 45
639 46
639 47
639 48
639 49
639 50
639 51
639 52
639 53
639 54
639 55
639 56
639 57
639 58
639 59
639 60
639 61
639 62
639 63
639 64
639 65
639 66
639 67
639 68
639 69
639 70
639 71
639 72
639 73
639 74
639 75
639 76
639 77
639 78
639 79
639 80
639 81
639 82
639 83
639 84
639 85
639 86
639 87
639 88
639 89
639 90
639 91
639 92
641 93
642 94
642 95
645 96
653 97
664 98
667 99
670 100
672 101
671 102
669 103
686 104
696 105
705 106
699 107
704 108
715 109
719 110
721 111
727 112
731 113
735 114
735 115
733 116
741 117
747 118
752 119
753 120
768 121
776 122
786 123
786 124
789 125
793 126
806 127
810 128
817 129
825 130
847 131
853 132
853 133
866 134
871 135
890 136
920 137
948 138
950 139
956 140
958 141
958 142
962 143
964 144
976 145
983 146
996 147
999 148
1003 149
1013 150
1020 151
1029 152
1039 153
1044 154
1038 155
1046 156
1041 157
1039 158
1039 159
1039 160
1048 161
1045 162
1046 163
1046 164
1049 165
1053 166
1056 167
1057 168
1060 169
1060 170
1061 171
1064 172
1068 173
1068 174
1068 175
1067 176
1072 177
1074 178
1073 179
1073 180
1075 181
1075 182
1074 183
1073 184
1072 185
1069 186
1067 187
1066 188
1065 189
1067 190
1066 191
1069 192
1073 193
1077 194
1079 195
1079 196
1080 197
1080 198
1084 199
1092 200
1096 201
1104 202
1104 203
1112 204
1120 205
1124 206
1128 207
1130 208
1134 209
1142 210
1151 211
1154 212
1154 213
1153 214
1159 215
1166 216
1169 217
1168 218
1159 219
1161 220
1165 221
1175 222
1181 223
1183 224
1189 225
1192 226
1194 227
1193 228
1198 229
1203 230
1207 231
1209 232
1214 233
1217 234
1222 235
1227 236
1231 237
1234 238
1218 239
1196 240
1204 241
1183 242
1142 243
1137 244
1026 245
807 246
881 247
962 248
798 249
783 250
775 251
719 252
712 253
712 254
712 255
703 256
710 257
713 258
712 259
711 260
712 261
723 262
721 263
709 264
755 265
764 266
721 267
731 268
708 269
706 270
707 271
706 272
706 273
706 274
703 275
702 276
702 277
708 278
709 279
703 280
705 281
700 282
700 283
702 284
696 285
699 286
702 287
695 288
692 289
693 290
694 291
695 292
695 293
691 294
693 295
698 296
698 297
700 298
694 299
692 300
692 301
692 302
693 303
692 304
692 305
672 306
622 307
602 308
568 309
548 310
540 311
513 312
495 313
496 314
477 315
453 316
423 317
403 318
409 319
400 320
361 321
337 322
319 323
328 324
324 325
312 326
315 327
316 328
328 329
364 330
399 331
415 332
415 333
428 334
428 335
428 336
427 337
426 338
420 339
413 340
400 341
379 342
383 343
377 344
380 345
374 346
375 347
366 348
367 349
366 350
364 351
362 352
359 353
357 354
354 355
348 356
347 357
350 358
348 359
355 360
357 361
354 362
353 363
362 364
367 365
369 366
373 367
375 368
377 369
383 370
386 371
390 372
393 373
391 374
389 375
393 376
392 377
393 378
390 379
391 380
393 381
395 382
394 383
392 384
393 385
393 386
393 387
393 388
393 389
393 390
393 391
394 392
395 393
395 394
395 395
396 396
394 397
395 398
395 399
396 400
396 401
396 402
397 403
396 404
396 405
396 406
396 407
396 408
397 409
396 410
397 411
397 412
397 413
397 414
402 415
407 416
411 417
416 418
424 419
432 420
437 421
439 422
449 423
459 424
467 425
484 426
501 427
512 428
520 429
524 430
526 431
537 432
545 433
551 434
561 435
565 436
567 437
567 438
575 439
578 440
592 441
595 442
601 443
610 444
617 445
617 446
618 447
625 448
632 449
631 450
625 451
624 452
627 453
625 454
627 455
627 456
634 457
631 458
629 459
629 460
631 461
629 462
628 463
629 464
633 465
631 466
629 467
627 468
626 469
629 470
630 471
632 472
633 473
634 474
637 475
635 476
632 477
636 478
635 479
633 480
634 481
634 482
633 483
635 484
634 485
635 486
635 487
634 488
635 489
636 490
637 491
639 492
638 493
638 494
639 495
639 496
639 497
639 498
639 499
639 500
639 501
639 502
639 503
638 504
639 505
639 506
639 507
639 508
639 509
639 510
639 511
639 512
639 513
639 514
639 515
639 516
639 517
639 518
639 519
639 520
639 521
639 522
639 523
639 524
639 525
639 526
639 527
639 528
640 529
639 530
639 531
639 532
639 533
639 534
640 535
639 536
639 537
639 538
639 539
639 540
639 541
639 542
639 543
638 544
639 545
639 546
639 547
640 548
639 549
639 550
640 551
639 552
640 553
640 554
639 555
639 556
638 557
639 558
639 559
638 560
639 561
639 562
638 563
638 564
637 565
637 566
638 567
637 568
637 569
636 570
637 571
638 572
638 573
638 574
638 575
638 576
638 577
638 578
638 579
638 580
638 581
638 582
638 583
638 584
639 585
639 586
639 587
638 588
638 589
638 590
637 591
639 592
639 593
639 594
639 595
639 596
639 597
639 598
640 599
639 600
640 601
640 602
639 603
641 604
640 605
640 606
640 607
638 608
639 609
639 610
640 611
638 612
638 613
640 614
641 615
640 616
642 617
642 618
641 619
641 620
642 621
643 622
642 623
641 624
643 625
644 626
643 627
644 628
644 629
644 630
643 631
642 632
644 633
643 634
643 635
642 636
640 637
644 638
643 639
643 640
643 641
642 642
643 643
642 644
643 645
645 646
644 647
646 648
646 649
647 650
648 651
647 652
646 653
646 654
648 655
647 656
647 657
645 658
645 659
647 660
646 661
646 662
646 663
645 664
646 665
642 666
643 667
647 668
648 669
645 670
643 671
641 672
637 673
640 674
636 675
642 676
642 677
644 678
634 679
638 680
635 681
634 682
634 683
633 684
634 685
630 686
631 687
630 688
626 689
620 690
621 691
628 692
625 693
623 694
613 695
617 696
620 697
617 698
615 699
621 700
624 701
619 702
609 703
610 704
610 705
611 706
602 707
606 708
619 709
619 710
611 711
597 712
597 713
600 714
585 715
594 716
586 717
592 718
601 719
