639 0
639 1
639 2
639 3
639 4
639 5
639 6
639 7
639 8
639 9
639 10
639 11
639 12
639 13
639 14
639 15
639 16
639 17
639 18
639 19
639 20
639 21
639 22
639 23
639 24
639 25
639 26
639 27
639 28
639 29
639 30
639 31
639 32
639 33
639 34
639 35
639 36
639 37
639 38
639 39
639 40
639 41
639 42
639 43
639 44
639 45
639 46
639 47
639 48
639 49
639 50
639 51
639 52
639 53
639 54
639 55
639 56
639 57
639 58
639 59
639 60
639 61
639 62
639 63
639 64
639 65
639 66
639 67
639 68
639 69
639 70
639 71
639 72
639 73
639 74
639 75
639 76
639 77
639 78
639 79
639 80
639 81
639 82
639 83
639 84
639 85
639 86
639 87
639 88
639 89
639 90
639 91
640 92
641 93
641 94
644 95
646 96
654 97
661 98
665 99
668 100
669 101
668 102
674 103
678 104
690 105
693 106
700 107
707 108
710 109
714 110
725 111
722 112
728 113
734 114
732 115
729 116
738 117
747 118
749 119
754 120
756 121
760 122
773 123
771 124
771 125
776 126
784 127
788 128
788 129
790 130
803 131
812 132
815 133
821 134
824 135
834 136
849 137
866 138
871 139
873 140
875 141
875 142
875 143
878 144
878 145
882 146
889 147
892 148
893 149
895 150
898 151
899 152
901 153
906 154
909 155
909 156
913 157
913 158
914 159
916 160
920 161
921 162
929 163
931 164
935 165
940 166
942 167
945 168
946 169
949 170
949 171
951 172
954 173
956 174
958 175
965 176
976 177
993 178
999 179
1008 180
1011 181
1013 182
1012 183
1013 184
1016 185
1020 186
1019 187
1020 188
1022 189
1026 190
1026 191
1026 192
1040 193
1046 194
1053 195
1057 196
1058 197
1061 198
1069 199
1079 200
1093 201
1106 202
1108 203
1116 204
1121 205
1124 206
1125 207
1129 208
1139 209
1143 210
1151 211
1152 212
1152 213
1158 214
1162 215
1167 216
1175 217
1176 218
1173 219
1176 220
1177 221
1178 222
1185 223
1186 224
1186 225
1191 226
1194 227
1199 228
1202 229
1203 230
1201 231
1210 232
1215 233
1214 234
1218 235
1229 236
1225 237
1233 238
1230 239
1236 240
1246 241
1253 242
1247 243
1244 244
1263 245
1271 246
1184 247
1145 248
1149 249
1111 250
989 251
946 253
967 255
978 256
989 257
1000 258
1100 259
1006 260
1081 261
1009 262
1205 263
1221 264
1221 265
1207 268
1208 269
983 270
983 271
993 272
1005 273
975 274
1255 279
1021 280
1021 281
1207 282
1077 286
1076 287
1212 290
925 298
925 299
1116 303
2 306
5 307
9 308
94 309
173 310
24 311
67 312
64 313
31 314
33 315
53 316
55 317
43 318
56 319
49 320
51 321
53 322
55 323
55 324
56 325
58 326
60 327
61 328
62 329
66 330
67 331
69 332
77 333
74 334
87 335
79 336
87 337
96 338
88 339
93 340
116 341
169 342
178 343
186 344
194 345
195 346
199 347
203 348
207 349
209 350
213 351
212 352
214 353
215 354
218 355
219 356
220 357
222 358
224 359
226 360
228 361
235 362
242 363
245 364
253 365
255 366
258 367
260 368
261 369
264 370
265 371
267 372
270 373
273 374
279 375
278 376
282 377
282 378
284 379
287 380
288 381
290 382
293 383
293 384
295 385
298 386
302 387
304 388
305 389
307 390
307 391
314 392
313 393
314 394
317 395
319 396
321 397
322 398
321 399
328 400
330 401
337 402
339 403
335 404
338 405
347 406
349 407
337 408
343 409
345 410
343 411
345 412
347 413
350 414
360 415
362 416
364 417
362 418
366 419
367 420
373 421
378 422
379 423
382 424
386 425
384 426
392 427
413 428
405 429
402 430
403 431
413 432
415 433
415 434
409 435
416 436
427 437
434 438
440 439
445 440
443 441
452 442
461 443
472 444
473 445
488 446
482 447
494 448
511 449
518 450
514 451
517 452
509 453
508 454
496 455
519 456
524 457
516 458
499 459
514 460
515 461
516 462
518 463
518 464
527 465
523 466
529 467
534 468
531 469
534 470
536 471
525 472
517 473
514 474
514 475
513 476
517 477
524 478
519 479
519 480
519 481
523 482
523 483
530 484
549 485
557 486
557 487
561 488
568 489
570 490
568 491
564 492
564 493
562 494
559 495
555 496
563 497
566 498
570 499
565 500
563 501
567 502
562 503
562 504
568 505
564 506
565 507
570 508
580 509
580 510
584 511
585 512
590 513
594 514
596 515
590 516
590 517
591 518
593 519
592 520
597 521
595 522
595 523
594 524
593 525
595 526
596 527
599 528
600 529
601 530
600 531
601 532
603 533
602 534
600 535
603 536
599 537
602 538
604 539
603 540
601 541
600 542
600 543
601 544
602 545
601 546
601 547
601 548
601 549
601 550
600 551
601 552
601 553
601 554
604 555
604 556
602 557
602 558
603 559
601 560
601 561
600 562
599 563
600 564
598 565
598 566
596 567
595 568
597 569
597 570
595 571
594 572
592 573
594 574
593 575
594 576
595 577
595 578
596 579
597 580
597 581
601 582
597 583
598 584
602 585
601 586
597 587
598 588
598 589
600 590
602 591
600 592
598 593
599 594
598 595
597 596
603 597
606 598
608 599
603 600
606 601
608 602
610 603
614 604
616 605
614 606
614 607
617 608
620 609
621 610
621 611
621 612
622 613
623 614
622 615
625 616
632 617
634 618
631 619
632 620
633 621
632 622
626 623
630 624
631 625
629 626
629 627
630 628
628 629
629 630
628 631
630 632
630 633
629 634
631 635
628 636
625 637
625 638
624 639
630 640
628 641
627 642
626 643
627 644
627 645
627 646
624 647
623 648
622 649
621 650
622 651
622 652
623 653
621 654
621 655
621 656
620 657
620 658
619 659
625 660
624 661
623 662
625 663
626 664
620 665
616 666
619 667
623 668
619 669
621 670
622 671
621 672
621 673
621 674
619 675
619 676
609 677
611 678
615 679
619 680
616 681
612 682
615 683
615 684
609 685
604 686
602 687
608 688
612 689
609 690
602 691
609 692
598 693
600 694
608 695
607 696
599 697
587 698
592 699
608 700
606 701
600 702
601 703
587 704
594 705
586 706
576 707
580 708
588 709
591 710
587 711
575 712
570 713
571 714
564 715
553 716
571 717
584 718
592 719
