639 0
639 1
639 2
639 3
639 4
639 5
639 6
639 7
639 8
639 9
639 10
639 11
639 12
639 13
639 14
639 15
639 16
639 17
639 18
639 19
639 20
639 21
639 22
639 23
639 24
639 25
639 26
639 27
639 28
639 29
639 30
639 31
639 32
639 33
639 34
639 35
639 36
639 37
639 38
639 39
639 40
639 41
639 42
639 43
639 44
639 45
639 46
639 47
639 48
639 49
639 50
639 51
639 52
639 53
639 54
639 55
639 56
639 57
639 58
639 59
639 60
639 61
639 62
639 63
639 64
639 65
639 66
639 67
639 68
639 69
639 70
639 71
639 72
639 73
639 74
639 75
639 76
639 77
639 78
639 79
639 80
639 81
639 82
639 83
639 84
639 85
639 86
639 87
639 88
639 89
639 90
639 91
639 92
640 93
642 94
643 95
644 96
651 97
661 98
663 99
668 100
666 101
667 102
670 103
679 104
690 105
695 106
696 107
702 108
708 109
718 110
717 111
718 112
725 113
730 114
730 115
733 116
740 117
749 118
752 119
754 120
766 121
771 122
783 123
786 124
786 125
791 126
804 127
812 128
812 129
821 130
845 131
852 132
852 133
864 134
871 135
881 136
903 137
934 138
940 139
948 140
960 141
965 142
964 143
963 144
972 145
983 146
994 147
999 148
1003 149
1011 150
1012 151
1021 152
1033 153
1042 154
1043 155
1045 156
1042 157
1042 158
1041 159
1037 160
1046 161
1046 162
1044 163
1045 164
1045 165
1046 166
1053 167
1052 168
1056 169
1057 170
1063 171
1067 172
1067 173
1064 174
1064 175
1063 176
1068 177
1069 178
1072 179
1073 180
1072 181
1071 182
1071 183
1069 184
1066 185
1066 186
1064 187
1064 188
1065 189
1064 190
1064 191
1067 192
1068 193
1074 194
1075 195
1076 196
1075 197
1076 198
1081 199
1087 200
1089 201
1102 202
1101 203
1112 204
1115 205
1122 206
1125 207
1126 208
1132 209
1142 210
1149 211
1149 212
1147 213
1150 214
1160 215
1166 216
1173 217
1171 218
1171 219
1167 220
1158 221
1167 222
1178 223
1181 224
1173 225
1164 226
1190 227
1194 228
1199 229
1202 230
1200 231
1199 232
1214 233
1219 234
1221 235
1225 236
1222 237
1234 238
1235 239
1230 240
1240 241
1249 242
1256 243
1236 244
1200 245
1081 246
1019 247
840 248
872 249
831 250
708 251
776 252
708 253
710 254
725 255
713 256
704 257
709 258
723 259
709 260
748 261
719 262
729 263
746 264
715 265
745 266
754 267
726 268
733 269
724 270
707 271
705 272
707 273
704 274
702 275
701 276
702 277
700 278
700 279
695 280
716 281
709 282
698 283
700 284
703 285
694 286
695 287
694 288
693 289
690 290
696 291
698 292
695 293
691 294
690 295
691 296
689 297
690 298
690 299
688 300
690 301
694 302
690 303
686 304
686 305
650 306
626 307
611 308
583 309
554 310
524 311
508 312
502 313
502 314
488 315
462 316
457 317
439 318
427 319
432 320
428 321
409 322
395 323
366 324
341 325
336 326
309 327
298 328
273 329
288 330
311 331
293 332
306 333
324 334
346 335
365 336
382 337
398 338
405 339
405 340
394 341
372 342
374 343
378 344
379 345
379 346
378 347
379 348
380 349
377 350
372 351
368 352
366 353
366 354
359 355
358 356
355 357
347 358
351 359
345 360
348 361
353 362
353 363
354 364
355 365
356 366
365 367
373 368
369 369
372 370
376 371
380 372
381 373
386 374
388 375
390 376
390 377
390 378
390 379
388 380
387 381
388 382
389 383
389 384
390 385
390 386
390 387
391 388
392 389
392 390
392 391
392 392
392 393
392 394
392 395
393 396
394 397
395 398
395 399
393 400
394 401
393 402
393 403
393 404
394 405
394 406
394 407
394 408
395 409
395 410
395 411
395 412
395 413
396 414
397 415
404 416
409 417
415 418
422 419
428 420
433 421
442 422
452 423
458 424
472 425
480 426
495 427
514 428
521 429
522 430
526 431
539 432
543 433
552 434
552 435
559 436
571 437
574 438
580 439
578 440
590 441
603 442
606 443
608 444
609 445
610 446
619 447
621 448
628 449
626 450
627 451
629 452
624 453
627 454
626 455
626 456
632 457
634 458
632 459
631 460
627 461
626 462
629 463
630 464
628 465
630 466
631 467
632 468
633 469
632 470
633 471
631 472
632 473
633 474
635 475
636 476
634 477
632 478
634 479
634 480
635 481
635 482
634 483
634 484
634 485
635 486
631 487
632 488
636 489
637 490
638 491
639 492
639 493
639 494
638 495
640 496
640 497
639 498
639 499
639 500
639 501
639 502
640 503
639 504
639 505
638 506
640 507
639 508
640 509
640 510
640 511
639 512
639 513
639 514
639 515
639 516
639 517
639 518
640 519
638 520
640 521
640 522
640 523
639 524
638 525
639 526
638 527
639 528
638 529
639 530
639 531
639 532
640 533
639 534
639 535
640 536
639 537
639 538
639 539
639 540
639 541
639 542
639 543
639 544
639 545
639 546
640 547
639 548
639 549
639 550
638 551
639 552
638 553
639 554
640 555
640 556
640 557
639 558
639 559
639 560
638 561
639 562
639 563
638 564
637 565
638 566
637 567
638 568
637 569
636 570
636 571
637 572
638 573
638 574
638 575
638 576
637 577
638 578
637 579
637 580
637 581
638 582
638 583
639 584
638 585
638 586
639 587
639 588
638 589
639 590
639 591
638 592
638 593
639 594
640 595
640 596
641 597
640 598
640 599
639 600
640 601
640 602
641 603
640 604
640 605
641 606
640 607
639 608
637 609
640 610
639 611
641 612
640 613
640 614
639 615
641 616
642 617
641 618
640 619
643 620
642 621
641 622
640 623
642 624
642 625
643 626
643 627
643 628
642 629
642 630
644 631
644 632
641 633
644 634
645 635
643 636
641 637
644 638
646 639
645 640
647 641
645 642
646 643
646 644
642 645
643 646
644 647
645 648
645 649
645 650
645 651
645 652
645 653
646 654
643 655
646 656
644 657
646 658
649 659
647 660
643 661
646 662
644 663
642 664
643 665
645 666
647 667
642 668
643 669
644 670
647 671
643 672
646 673
643 674
642 675
644 676
643 677
645 678
638 679
641 680
647 681
642 682
639 683
638 684
636 685
632 686
630 687
631 688
632 689
621 690
617 691
619 692
618 693
621 694
618 695
616 696
612 697
610 698
614 699
619 700
616 701
615 702
605 703
602 704
596 705
593 706
606 707
613 708
608 709
603 710
601 711
592 712
592 713
590 714
599 715
597 716
600 717
600 718
606 719
