639 0
639 1
639 2
639 3
639 4
639 5
639 6
639 7
639 8
639 9
639 10
639 11
639 12
639 13
639 14
639 15
639 16
639 17
639 18
639 19
639 20
639 21
639 22
639 23
639 24
639 25
639 26
639 27
639 28
639 29
639 30
639 31
639 32
639 33
639 34
639 35
639 36
639 37
639 38
639 39
639 40
639 41
639 42
639 43
639 44
639 45
639 46
639 47
639 48
639 49
639 50
639 51
639 52
639 53
639 54
639 55
639 56
639 57
639 58
639 59
639 60
639 61
639 62
639 63
639 64
639 65
639 66
639 67
639 68
639 69
639 70
639 71
639 72
639 73
639 74
639 75
639 76
639 77
639 78
639 79
639 80
639 81
639 82
639 83
639 84
639 85
639 86
639 87
639 88
639 89
639 90
639 91
639 92
640 93
641 94
644 95
650 96
659 97
664 98
667 99
676 100
670 101
666 102
671 103
682 104
690 105
695 106
694 107
696 108
705 109
715 110
722 111
728 112
730 113
735 114
733 115
732 116
747 117
751 118
751 119
759 120
769 121
778 122
785 123
787 124
788 125
798 126
812 127
810 128
813 129
820 130
840 131
853 132
866 133
866 134
873 135
891 136
921 137
950 138
957 139
960 140
962 141
958 142
966 143
969 144
977 145
989 146
995 147
1001 148
1006 149
1020 150
1022 151
1035 152
1033 153
1035 154
1046 155
1046 156
1044 157
1040 158
1036 159
1036 160
1044 161
1042 162
1045 163
1044 164
1048 165
1051 166
1054 167
1056 168
1058 169
1061 170
1068 171
1065 172
1062 173
1063 174
1064 175
1064 176
1069 177
1071 178
1073 179
1072 180
1071 181
1070 182
1069 183
1067 184
1070 185
1065 186
1064 187
1063 188
1063 189
1067 190
1066 191
1066 192
1073 193
1076 194
1076 195
1076 196
1077 197
1076 198
1084 199
1087 200
1092 201
1106 202
1105 203
1112 204
1120 205
1121 206
1123 207
1129 208
1139 209
1142 210
1149 211
1149 212
1149 213
1153 214
1158 215
1161 216
1170 217
1164 218
1167 219
1164 220
1164 221
1169 222
1175 223
1178 224
1178 225
1182 226
1191 227
1198 228
1201 229
1206 230
1201 231
1212 232
1217 233
1221 234
1220 235
1225 236
1231 237
1232 238
1223 239
1218 240
1234 241
1232 242
1208 243
1158 244
1043 245
978 246
1064 247
916 248
933 249
857 250
772 251
734 252
710 253
706 254
721 255
708 256
709 257
708 258
707 259
706 260
706 261
707 262
730 263
728 264
706 265
706 266
736 267
707 268
708 269
705 270
708 271
703 272
705 273
707 274
699 275
697 276
698 277
705 278
705 279
700 280
702 281
703 282
700 283
699 284
699 285
695 286
702 287
699 288
697 289
691 290
695 291
691 292
690 293
690 294
690 295
688 296
687 297
696 298
695 299
691 300
687 301
689 302
687 303
689 304
687 305
664 306
638 307
605 308
566 309
550 310
539 311
518 312
501 313
480 314
465 315
453 316
441 317
435 318
430 319
406 320
398 321
390 322
366 323
344 324
339 325
307 326
293 327
316 328
301 329
306 330
323 331
332 332
355 333
376 334
387 335
405 336
413 337
416 338
412 339
405 340
389 341
378 342
377 343
380 344
378 345
378 346
378 347
374 348
371 349
365 350
366 351
362 352
357 353
356 354
349 355
344 356
344 357
345 358
348 359
343 360
346 361
349 362
351 363
357 364
364 365
368 366
370 367
374 368
376 369
379 370
380 371
388 372
388 373
389 374
389 375
389 376
393 377
393 378
391 379
390 380
389 381
389 382
388 383
390 384
391 385
391 386
391 387
391 388
391 389
391 390
392 391
392 392
392 393
392 394
392 395
393 396
393 397
393 398
393 399
393 400
395 401
394 402
393 403
393 404
393 405
394 406
395 407
395 408
395 409
395 410
395 411
395 412
394 413
394 414
400 415
403 416
411 417
417 418
423 419
430 420
437 421
446 422
451 423
463 424
473 425
480 426
498 427
512 428
519 429
524 430
527 431
534 432
546 433
554 434
563 435
567 436
570 437
568 438
584 439
586 440
594 441
601 442
608 443
608 444
616 445
620 446
619 447
624 448
628 449
626 450
627 451
625 452
624 453
629 454
625 455
633 456
628 457
627 458
628 459
628 460
631 461
629 462
628 463
628 464
631 465
631 466
630 467
630 468
632 469
633 470
628 471
630 472
632 473
634 474
632 475
630 476
633 477
633 478
630 479
631 480
633 481
633 482
632 483
634 484
636 485
635 486
635 487
634 488
636 489
638 490
639 491
639 492
639 493
639 494
639 495
638 496
639 497
638 498
638 499
639 500
639 501
639 502
639 503
640 504
639 505
639 506
639 507
639 508
639 509
639 510
639 511
638 512
639 513
639 514
640 515
640 516
639 517
639 518
639 519
639 520
639 521
639 522
639 523
639 524
640 525
639 526
639 527
639 528
639 529
640 530
640 531
639 532
639 533
639 534
638 535
637 536
638 537
639 538
639 539
639 540
639 541
639 542
638 543
639 544
639 545
639 546
639 547
640 548
640 549
640 550
638 551
640 552
639 553
639 554
640 555
639 556
639 557
639 558
639 559
639 560
639 561
638 562
638 563
637 564
638 565
637 566
637 567
637 568
637 569
637 570
638 571
638 572
638 573
638 574
636 575
638 576
638 577
638 578
637 579
639 580
638 581
638 582
638 583
638 584
638 585
638 586
638 587
637 588
638 589
639 590
639 591
638 592
640 593
639 594
638 595
639 596
640 597
640 598
641 599
639 600
640 601
640 602
640 603
640 604
640 605
640 606
639 607
640 608
640 609
641 610
641 611
640 612
639 613
638 614
640 615
639 616
642 617
642 618
640 619
642 620
642 621
642 622
643 623
640 624
642 625
642 626
642 627
643 628
641 629
642 630
642 631
645 632
644 633
644 634
644 635
645 636
646 637
644 638
643 639
645 640
646 641
644 642
646 643
647 644
646 645
647 646
646 647
645 648
644 649
645 650
646 651
645 652
647 653
643 654
642 655
639 656
644 657
647 658
648 659
645 660
647 661
647 662
641 663
647 664
648 665
647 666
643 667
643 668
643 669
644 670
641 671
640 672
639 673
641 674
642 675
641 676
636 677
636 678
639 679
638 680
636 681
633 682
636 683
638 684
636 685
629 686
633 687
631 688
628 689
625 690
622 691
625 692
621 693
618 694
621 695
620 696
618 697
616 698
616 699
612 700
609 701
613 702
607 703
614 704
604 705
599 706
606 707
613 708
615 709
612 710
607 711
602 712
594 713
599 714
594 715
589 716
584 717
595 718
599 719
