639 0
639 1
639 2
639 3
639 4
639 5
639 6
639 7
639 8
639 9
639 10
639 11
639 12
639 13
639 14
639 15
639 16
639 17
639 18
639 19
639 20
639 21
639 22
639 23
639 24
639 25
639 26
639 27
639 28
639 29
639 30
639 31
639 32
639 33
639 34
639 35
639 36
639 37
639 38
639 39
639 40
639 41
639 42
639 43
639 44
639 45
639 46
639 47
639 48
639 49
639 50
639 51
639 52
639 53
639 54
639 55
639 56
639 57
639 58
639 59
639 60
639 61
639 62
639 63
639 64
639 65
639 66
639 67
639 68
639 69
639 70
639 71
639 72
639 73
639 74
639 75
639 76
639 77
639 78
639 79
639 80
639 81
639 82
639 83
639 84
639 85
639 86
639 87
639 88
639 89
639 90
639 91
639 92
641 93
641 94
644 95
646 96
654 97
663 98
670 99
670 100
674 101
667 102
669 103
680 104
694 105
697 106
697 107
704 108
708 109
713 110
722 111
733 112
727 113
731 114
732 115
740 116
749 117
755 118
757 119
763 120
767 121
780 122
786 123
783 124
791 125
796 126
810 127
814 128
814 129
824 130
840 131
855 132
860 133
865 134
874 135
887 136
910 137
942 138
958 139
960 140
957 141
962 142
964 143
966 144
970 145
984 146
994 147
1001 148
1002 149
1012 150
1019 151
1038 152
1042 153
1044 154
1044 155
1049 156
1043 157
1040 158
1040 159
1040 160
1047 161
1047 162
1043 163
1046 164
1048 165
1046 166
1052 167
1057 168
1062 169
1059 170
1068 171
1070 172
1067 173
1063 174
1066 175
1063 176
1065 177
1071 178
1074 179
1075 180
1072 181
1072 182
1073 183
1071 184
1066 185
1061 186
1064 187
1067 188
1065 189
1064 190
1062 191
1064 192
1065 193
1069 194
1075 195
1078 196
1078 197
1079 198
1085 199
1089 200
1097 201
1106 202
1106 203
1113 204
1122 205
1121 206
1125 207
1128 208
1136 209
1144 210
1150 211
1147 212
1152 213
1151 214
1162 215
1168 216
1172 217
1168 218
1169 219
1172 220
1164 221
1166 222
1179 223
1180 224
1180 225
1180 226
1186 227
1192 228
1195 229
1200 230
1203 231
1208 232
1211 233
1219 234
1222 235
1230 236
1229 237
1237 238
1240 239
1230 240
1232 241
1247 242
1256 243
1259 244
1193 245
1174 246
1032 247
953 248
755 249
753 250
839 251
870 252
746 253
708 254
747 255
722 256
714 257
707 258
707 259
709 260
714 261
710 262
728 263
708 264
709 265
717 266
716 267
719 268
731 269
710 270
711 271
710 272
707 273
709 274
710 275
706 276
713 277
714 278
703 279
706 280
704 281
708 282
698 283
703 284
703 285
699 286
702 287
694 288
696 289
694 290
699 291
706 292
692 293
693 294
690 295
693 296
691 297
691 298
692 299
693 300
698 301
701 302
701 303
692 304
680 305
636 306
613 307
603 308
567 309
556 310
531 311
524 312
496 313
494 314
478 315
459 316
446 317
442 318
433 319
418 320
405 321
395 322
396 323
381 324
350 325
337 326
316 327
290 328
294 329
306 330
311 331
310 332
312 333
335 334
350 335
383 336
394 337
405 338
408 339
402 340
381 341
374 342
376 343
378 344
379 345
377 346
376 347
365 348
364 349
364 350
363 351
358 352
364 353
353 354
345 355
350 356
345 357
344 358
351 359
360 360
355 361
355 362
355 363
358 364
361 365
368 366
373 367
378 368
377 369
378 370
384 371
387 372
386 373
386 374
390 375
390 376
392 377
391 378
391 379
392 380
393 381
391 382
391 383
391 384
392 385
393 386
393 387
393 388
392 389
392 390
393 391
393 392
393 393
393 394
393 395
393 396
393 397
394 398
394 399
394 400
394 401
394 402
394 403
394 404
394 405
394 406
394 407
395 408
395 409
395 410
396 411
396 412
397 413
397 414
398 415
403 416
411 417
416 418
422 419
428 420
432 421
442 422
455 423
461 424
467 425
476 426
496 427
509 428
519 429
522 430
522 431
537 432
547 433
547 434
556 435
564 436
567 437
565 438
577 439
584 440
592 441
600 442
601 443
602 444
608 445
613 446
620 447
618 448
624 449
632 450
632 451
629 452
629 453
628 454
624 455
632 456
635 457
632 458
629 459
631 460
628 461
628 462
627 463
629 464
632 465
632 466
631 467
630 468
630 469
631 470
629 471
631 472
630 473
634 474
635 475
633 476
633 477
635 478
633 479
634 480
632 481
633 482
634 483
635 484
636 485
635 486
635 487
636 488
636 489
638 490
640 491
639 492
639 493
639 494
639 495
639 496
639 497
639 498
639 499
639 500
639 501
639 502
639 503
639 504
639 505
640 506
638 507
639 508
639 509
639 510
638 511
638 512
639 513
639 514
639 515
639 516
639 517
639 518
639 519
639 520
639 521
640 522
639 523
638 524
639 525
639 526
639 527
639 528
639 529
639 530
639 531
638 532
639 533
639 534
639 535
639 536
639 537
639 538
639 539
639 540
639 541
639 542
639 543
639 544
639 545
639 546
639 547
638 548
639 549
639 550
640 551
639 552
640 553
640 554
639 555
639 556
640 557
639 558
640 559
639 560
638 561
639 562
639 563
638 564
638 565
637 566
635 567
638 568
637 569
636 570
638 571
637 572
639 573
638 574
639 575
639 576
638 577
638 578
639 579
639 580
637 581
638 582
637 583
638 584
639 585
639 586
638 587
638 588
638 589
639 590
637 591
638 592
640 593
639 594
640 595
640 596
639 597
639 598
641 599
638 600
641 601
640 602
640 603
640 604
640 605
641 606
639 607
641 608
641 609
640 610
640 611
640 612
640 613
640 614
640 615
639 616
641 617
641 618
641 619
642 620
641 621
641 622
642 623
641 624
642 625
641 626
643 627
643 628
641 629
642 630
641 631
642 632
643 633
645 634
645 635
642 636
643 637
646 638
644 639
644 640
645 641
643 642
647 643
648 644
647 645
645 646
645 647
643 648
643 649
647 650
648 651
647 652
647 653
645 654
644 655
641 656
645 657
644 658
642 659
644 660
645 661
647 662
641 663
646 664
645 665
648 666
648 667
644 668
640 669
639 670
641 671
638 672
643 673
645 674
642 675
638 676
639 677
639 678
638 679
640 680
632 681
630 682
642 683
637 684
634 685
637 686
637 687
629 688
628 689
617 690
623 691
619 692
622 693
622 694
616 695
622 696
628 697
619 698
614 699
619 700
619 701
617 702
612 703
611 704
605 705
601 706
594 707
596 708
599 709
600 710
593 711
606 712
592 713
601 714
604 715
584 716
591 717
598 718
598 719
