639 0
639 1
639 2
639 3
639 4
639 5
639 6
639 7
639 8
639 9
639 10
639 11
639 12
639 13
639 14
639 15
639 16
639 17
639 18
639 19
639 20
639 21
639 22
639 23
639 24
639 25
639 26
639 27
639 28
639 29
639 30
639 31
639 32
639 33
639 34
639 35
639 36
639 37
639 38
639 39
639 40
639 41
639 42
639 43
639 44
639 45
639 46
639 47
639 48
639 49
639 50
639 51
639 52
639 53
639 54
639 55
639 56
639 57
639 58
639 59
639 60
639 61
639 62
639 63
639 64
639 65
639 66
639 67
639 68
639 69
639 70
639 71
639 72
639 73
639 74
639 75
639 76
639 77
639 78
639 79
639 80
639 81
639 82
639 83
639 84
639 85
639 86
639 87
639 88
639 89
639 90
639 91
639 92
641 93
642 94
642 95
645 96
648 97
658 98
663 99
667 100
670 101
670 102
668 103
679 104
691 105
697 106
701 107
704 108
709 109
711 110
721 111
729 112
729 113
729 114
731 115
731 116
736 117
748 118
755 119
755 120
764 121
779 122
786 123
787 124
788 125
796 126
808 127
815 128
820 129
821 130
832 131
844 132
856 133
857 134
869 135
882 136
913 137
943 138
952 139
963 140
952 141
958 142
961 143
965 144
973 145
977 146
985 147
989 148
998 149
1013 150
1012 151
1029 152
1040 153
1040 154
1046 155
1049 156
1043 157
1039 158
1034 159
1046 160
1044 161
1047 162
1052 163
1051 164
1051 165
1052 166
1053 167
1057 168
1060 169
1064 170
1067 171
1066 172
1068 173
1067 174
1063 175
1065 176
1067 177
1073 178
1075 179
1074 180
1076 181
1076 182
1072 183
1070 184
1073 185
1071 186
1071 187
1071 188
1068 189
1066 190
1068 191
1067 192
1068 193
1069 194
1076 195
1078 196
1078 197
1081 198
1089 199
1090 200
1096 201
1104 202
1106 203
1111 204
1122 205
1126 206
1127 207
1129 208
1134 209
1137 210
1145 211
1145 212
1149 213
1152 214
1158 215
1174 216
1176 217
1167 218
1171 219
1174 220
1170 221
1174 222
1186 223
1185 224
1184 225
1186 226
1187 227
1189 228
1193 229
1200 230
1200 231
1212 232
1218 233
1221 234
1225 235
1229 236
1232 237
1231 238
1224 239
1218 240
1246 241
1242 242
1250 243
1242 244
1213 245
1030 246
1094 247
814 248
723 249
724 250
806 251
724 252
721 253
720 254
790 255
719 256
719 257
719 258
717 259
713 260
712 261
717 262
730 263
746 264
738 265
713 266
724 267
733 268
752 269
714 270
711 271
737 272
712 273
721 274
711 275
710 276
717 277
711 278
709 279
714 280
714 281
714 282
711 283
709 284
706 285
703 286
701 287
696 288
697 289
696 290
702 291
700 292
699 293
696 294
717 295
694 296
694 297
695 298
698 299
695 300
696 301
698 302
697 303
693 304
692 305
655 306
622 307
605 308
596 309
553 310
520 311
515 312
507 313
487 314
479 315
458 316
448 317
446 318
428 319
422 320
410 321
398 322
384 323
369 324
348 325
337 326
330 327
309 328
287 329
282 330
296 331
287 332
293 333
307 334
354 335
362 336
381 337
392 338
405 339
407 340
383 341
373 342
376 343
377 344
379 345
378 346
378 347
377 348
369 349
369 350
368 351
369 352
363 353
358 354
353 355
351 356
349 357
345 358
349 359
353 360
355 361
351 362
354 363
360 364
362 365
365 366
372 367
373 368
374 369
375 370
379 371
384 372
389 373
391 374
390 375
396 376
391 377
392 378
395 379
393 380
392 381
392 382
394 383
393 384
392 385
392 386
393 387
393 388
393 389
393 390
394 391
394 392
394 393
395 394
395 395
394 396
394 397
395 398
395 399
396 400
395 401
396 402
396 403
396 404
396 405
395 406
395 407
396 408
396 409
395 410
398 411
398 412
398 413
397 414
397 415
400 416
406 417
417 418
424 419
425 420
434 421
440 422
451 423
456 424
470 425
482 426
497 427
510 428
520 429
522 430
524 431
537 432
545 433
554 434
559 435
562 436
563 437
580 438
584 439
579 440
593 441
605 442
610 443
610 444
613 445
617 446
620 447
621 448
622 449
631 450
626 451
628 452
626 453
629 454
628 455
626 456
630 457
627 458
627 459
623 460
625 461
628 462
630 463
629 464
633 465
630 466
629 467
629 468
632 469
632 470
630 471
630 472
633 473
636 474
634 475
635 476
634 477
634 478
633 479
634 480
635 481
634 482
635 483
634 484
635 485
636 486
636 487
638 488
637 489
639 490
639 491
639 492
639 493
638 494
639 495
639 496
639 497
639 498
639 499
638 500
640 501
639 502
639 503
639 504
639 505
639 506
638 507
639 508
639 509
639 510
639 511
639 512
639 513
639 514
639 515
639 516
638 517
639 518
639 519
639 520
639 521
639 522
639 523
640 524
639 525
639 526
640 527
639 528
639 529
639 530
639 531
639 532
639 533
639 534
640 535
639 536
639 537
639 538
639 539
639 540
640 541
639 542
639 543
639 544
639 545
639 546
639 547
639 548
639 549
639 550
639 551
639 552
639 553
640 554
639 555
639 556
639 557
639 558
639 559
638 560
638 561
638 562
637 563
638 564
637 565
637 566
637 567
637 568
638 569
638 570
638 571
639 572
637 573
638 574
637 575
637 576
638 577
638 578
638 579
637 580
638 581
639 582
638 583
639 584
638 585
639 586
639 587
639 588
639 589
638 590
639 591
636 592
639 593
640 594
640 595
639 596
639 597
639 598
639 599
640 600
637 601
640 602
639 603
639 604
640 605
640 606
639 607
641 608
639 609
640 610
638 611
640 612
638 613
639 614
639 615
642 616
641 617
640 618
640 619
640 620
642 621
643 622
641 623
640 624
643 625
641 626
644 627
643 628
642 629
644 630
643 631
643 632
645 633
645 634
645 635
644 636
644 637
645 638
644 639
644 640
644 641
640 642
642 643
645 644
646 645
646 646
645 647
644 648
643 649
643 650
645 651
645 652
644 653
645 654
644 655
644 656
645 657
646 658
642 659
640 660
646 661
646 662
644 663
643 664
643 665
647 666
644 667
642 668
639 669
637 670
635 671
637 672
644 673
645 674
638 675
635 676
636 677
638 678
641 679
641 680
636 681
635 682
634 683
630 684
636 685
637 686
629 687
625 688
624 689
619 690
624 691
615 692
611 693
608 694
614 695
614 696
619 697
611 698
608 699
612 700
612 701
616 702
603 703
605 704
604 705
594 706
593 707
599 708
603 709
600 710
596 711
596 712
597 713
595 714
594 715
592 716
580 717
585 718
592 719
