639 0
639 1
639 2
639 3
639 4
639 5
639 6
639 7
639 8
639 9
639 10
639 11
639 12
639 13
639 14
639 15
639 16
639 17
639 18
639 19
639 20
639 21
639 22
639 23
639 24
639 25
639 26
639 27
639 28
639 29
639 30
639 31
639 32
639 33
639 34
639 35
639 36
639 37
639 38
639 39
639 40
639 41
639 42
639 43
639 44
639 45
639 46
639 47
639 48
639 49
639 50
639 51
639 52
639 53
639 54
639 55
639 56
639 57
639 58
639 59
639 60
639 61
639 62
639 63
639 64
639 65
639 66
639 67
639 68
639 69
639 70
639 71
639 72
639 73
639 74
639 75
639 76
639 77
639 78
639 79
639 80
639 81
639 82
639 83
639 84
639 85
639 86
639 87
639 88
639 89
639 90
639 91
639 92
641 93
642 94
644 95
646 96
652 97
662 98
665 99
668 100
669 101
665 102
670 103
687 104
690 105
697 106
693 107
699 108
713 109
717 110
722 111
732 112
728 113
730 114
734 115
735 116
747 117
755 118
758 119
761 120
770 121
779 122
786 123
786 124
791 125
797 126
809 127
813 128
817 129
822 130
848 131
852 132
863 133
865 134
878 135
893 136
911 137
941 138
957 139
960 140
960 141
965 142
971 143
971 144
975 145
984 146
996 147
1002 148
1002 149
1005 150
1011 151
1018 152
1033 153
1046 154
1046 155
1045 156
1041 157
1038 158
1038 159
1039 160
1045 161
1047 162
1045 163
1048 164
1055 165
1061 166
1065 167
1060 168
1061 169
1063 170
1074 171
1070 172
1068 173
1068 174
1066 175
1067 176
1074 177
1076 178
1072 179
1071 180
1070 181
1072 182
1070 183
1070 184
1069 185
1067 186
1065 187
1067 188
1068 189
1067 190
1070 191
1072 192
1076 193
1079 194
1080 195
1081 196
1082 197
1082 198
1088 199
1094 200
1098 201
1106 202
1108 203
1118 204
1120 205
1125 206
1127 207
1128 208
1138 209
1145 210
1151 211
1151 212
1153 213
1156 214
1163 215
1159 216
1167 217
1169 218
1173 219
1174 220
1174 221
1182 222
1184 223
1183 224
1190 225
1193 226
1196 227
1198 228
1197 229
1206 230
1211 231
1212 232
1218 233
1221 234
1224 235
1226 236
1223 237
1203 238
1187 239
1186 240
1179 241
1172 242
1161 243
1198 244
1073 245
798 246
772 247
770 248
827 249
715 250
713 251
707 252
706 253
711 254
713 255
712 256
713 257
732 258
731 259
711 260
708 261
718 262
726 263
720 264
750 265
778 266
746 267
708 268
708 269
707 270
712 271
702 272
705 273
703 274
698 275
699 276
700 277
695 278
695 279
710 280
707 281
695 282
697 283
696 284
696 285
697 286
700 287
698 288
695 289
695 290
694 291
692 292
692 293
693 294
693 295
693 296
689 297
690 298
691 299
692 300
694 301
693 302
696 303
693 304
683 305
654 306
635 307
610 308
563 309
554 310
529 311
506 312
488 313
463 314
440 315
428 316
409 317
384 318
366 319
342 320
314 321
323 322
319 323
331 324
321 325
336 326
369 327
397 328
418 329
431 330
433 331
440 332
438 333
439 334
437 335
434 336
433 337
431 338
429 339
424 340
395 341
377 342
368 343
368 344
365 345
361 346
363 347
355 348
354 349
348 350
350 351
353 352
348 353
348 354
353 355
351 356
348 357
358 358
364 359
366 360
369 361
373 362
375 363
377 364
380 365
383 366
388 367
393 368
393 369
390 370
392 371
395 372
393 373
392 374
394 375
394 376
394 377
392 378
393 379
392 380
392 381
392 382
393 383
393 384
395 385
394 386
394 387
394 388
393 389
394 390
393 391
394 392
394 393
395 394
394 395
395 396
395 397
395 398
395 399
396 400
396 401
396 402
396 403
396 404
396 405
397 406
398 407
397 408
397 409
397 410
397 411
396 412
397 413
396 414
398 415
407 416
412 417
421 418
423 419
431 420
439 421
442 422
444 423
453 424
469 425
479 426
505 427
514 428
519 429
523 430
521 431
537 432
539 433
548 434
559 435
562 436
568 437
574 438
583 439
584 440
592 441
599 442
604 443
609 444
613 445
617 446
625 447
630 448
630 449
632 450
630 451
631 452
625 453
627 454
631 455
628 456
632 457
626 458
623 459
625 460
623 461
630 462
630 463
631 464
633 465
630 466
631 467
632 468
629 469
632 470
629 471
633 472
634 473
631 474
632 475
635 476
633 477
635 478
634 479
633 480
636 481
635 482
634 483
633 484
634 485
636 486
636 487
632 488
634 489
636 490
637 491
638 492
639 493
639 494
638 495
639 496
639 497
639 498
639 499
639 500
639 501
638 502
638 503
639 504
639 505
639 506
639 507
639 508
639 509
639 510
639 511
639 512
639 513
640 514
639 515
639 516
639 517
639 518
640 519
639 520
639 521
639 522
639 523
639 524
638 525
639 526
639 527
639 528
639 529
639 530
639 531
639 532
639 533
639 534
639 535
639 536
639 537
639 538
639 539
639 540
639 541
639 542
638 543
639 544
639 545
640 546
640 547
639 548
639 549
639 550
638 551
639 552
640 553
640 554
640 555
640 556
639 557
640 558
639 559
639 560
639 561
639 562
638 563
638 564
637 565
637 566
637 567
637 568
637 569
637 570
638 571
638 572
638 573
638 574
638 575
638 576
638 577
637 578
638 579
638 580
638 581
638 582
638 583
638 584
637 585
637 586
639 587
639 588
638 589
638 590
638 591
640 592
639 593
639 594
639 595
640 596
640 597
640 598
638 599
639 600
641 601
641 602
641 603
640 604
640 605
639 606
636 607
639 608
639 609
641 610
641 611
641 612
640 613
638 614
639 615
639 616
642 617
641 618
642 619
641 620
642 621
642 622
641 623
642 624
643 625
643 626
643 627
642 628
642 629
644 630
639 631
641 632
645 633
643 634
644 635
644 636
644 637
645 638
645 639
643 640
644 641
644 642
644 643
643 644
640 645
644 646
645 647
641 648
643 649
645 650
647 651
648 652
644 653
644 654
643 655
646 656
646 657
644 658
640 659
641 660
648 661
647 662
640 663
643 664
644 665
645 666
647 667
645 668
642 669
644 670
641 671
639 672
641 673
641 674
642 675
645 676
642 677
638 678
639 679
645 680
644 681
640 682
641 683
642 684
641 685
639 686
635 687
630 688
626 689
626 690
630 691
627 692
632 693
629 694
624 695
616 696
620 697
618 698
614 699
615 700
614 701
620 702
613 703
624 704
615 705
609 706
608 707
615 708
611 709
615 710
608 711
606 712
605 713
602 714
588 715
582 716
591 717
594 718
601 719
