639 0
639 1
639 2
639 3
639 4
639 5
639 6
639 7
639 8
639 9
639 10
639 11
639 12
639 13
639 14
639 15
639 16
639 17
639 18
639 19
639 20
639 21
639 22
639 23
639 24
639 25
639 26
639 27
639 28
639 29
639 30
639 31
639 32
639 33
639 34
639 35
639 36
639 37
639 38
639 39
639 40
639 41
639 42
639 43
639 44
639 45
639 46
639 47
639 48
639 49
639 50
639 51
639 52
639 53
639 54
639 55
639 56
639 57
639 58
639 59
639 60
639 61
639 62
639 63
639 64
639 65
639 66
639 67
639 68
639 69
639 70
639 71
639 72
639 73
639 74
639 75
639 76
639 77
639 78
639 79
639 80
639 81
639 82
639 83
639 84
639 85
639 86
639 87
639 88
639 89
639 90
639 91
639 92
640 93
642 94
643 95
649 96
652 97
659 98
667 99
670 100
669 101
671 102
671 103
685 104
695 105
699 106
700 107
701 108
707 109
710 110
730 111
728 112
732 113
733 114
732 115
739 116
747 117
746 118
752 119
758 120
774 121
782 122
783 123
786 124
790 125
794 126
808 127
812 128
816 129
821 130
836 131
856 132
868 133
865 134
883 135
899 136
917 137
945 138
955 139
956 140
956 141
964 142
967 143
971 144
977 145
979 146
993 147
999 148
1007 149
1016 150
1028 151
1024 152
1037 153
1043 154
1049 155
1049 156
1041 157
1040 158
1040 159
1042 160
1048 161
1046 162
1043 163
1046 164
1053 165
1054 166
1061 167
1060 168
1058 169
1060 170
1071 171
1070 172
1069 173
1066 174
1065 175
1067 176
1071 177
1070 178
1073 179
1076 180
1074 181
1075 182
1073 183
1073 184
1071 185
1065 186
1063 187
1065 188
1064 189
1066 190
1067 191
1071 192
1075 193
1075 194
1077 195
1079 196
1080 197
1078 198
1088 199
1088 200
1094 201
1106 202
1108 203
1115 204
1121 205
1121 206
1128 207
1124 208
1135 209
1142 210
1143 211
1150 212
1150 213
1151 214
1162 215
1168 216
1173 217
1174 218
1166 219
1168 220
1174 221
1170 222
1180 223
1184 224
1188 225
1191 226
1195 227
1199 228
1205 229
1205 230
1201 231
1208 232
1216 233
1218 234
1219 235
1228 236
1225 237
1221 238
1235 239
1179 240
1249 241
1250 242
1220 243
1178 244
1089 245
984 246
948 247
873 248
756 249
718 250
719 251
716 252
743 253
711 254
726 255
765 256
706 257
708 258
724 259
710 260
709 261
710 262
747 263
709 264
709 265
709 266
716 267
717 268
715 269
710 270
706 271
707 272
709 273
707 274
700 275
704 276
700 277
701 278
711 279
700 280
700 281
696 282
696 283
695 284
700 285
699 286
695 287
690 288
691 289
693 290
694 291
699 292
696 293
691 294
691 295
689 296
689 297
690 298
696 299
697 300
696 301
692 302
692 303
692 304
685 305
655 306
635 307
614 308
593 309
571 310
538 311
514 312
501 313
508 314
472 315
450 316
440 317
424 318
419 319
386 320
379 321
347 322
339 323
328 324
315 325
307 326
305 327
313 328
320 329
336 330
361 331
389 332
393 333
409 334
418 335
422 336
419 337
422 338
425 339
418 340
392 341
380 342
381 343
385 344
378 345
368 346
368 347
366 348
362 349
358 350
351 351
353 352
354 353
348 354
345 355
344 356
344 357
349 358
357 359
357 360
367 361
367 362
364 363
368 364
373 365
375 366
381 367
383 368
384 369
386 370
388 371
389 372
392 373
390 374
388 375
389 376
391 377
391 378
392 379
393 380
391 381
391 382
391 383
391 384
394 385
393 386
393 387
392 388
392 389
392 390
393 391
393 392
394 393
394 394
394 395
394 396
395 397
394 398
395 399
394 400
394 401
394 402
395 403
395 404
395 405
394 406
394 407
396 408
396 409
396 410
397 411
397 412
397 413
396 414
397 415
403 416
407 417
416 418
424 419
428 420
432 421
442 422
449 423
459 424
475 425
484 426
494 427
513 428
519 429
525 430
526 431
540 432
545 433
555 434
560 435
559 436
563 437
576 438
580 439
582 440
588 441
598 442
601 443
604 444
615 445
623 446
620 447
624 448
626 449
625 450
627 451
630 452
629 453
633 454
630 455
630 456
633 457
633 458
631 459
626 460
623 461
624 462
628 463
626 464
632 465
632 466
629 467
630 468
628 469
631 470
630 471
629 472
632 473
632 474
632 475
632 476
634 477
635 478
634 479
635 480
635 481
635 482
635 483
635 484
635 485
635 486
634 487
634 488
636 489
637 490
639 491
639 492
639 493
639 494
639 495
638 496
639 497
639 498
639 499
639 500
639 501
639 502
638 503
639 504
639 505
640 506
640 507
639 508
639 509
639 510
639 511
639 512
639 513
639 514
638 515
639 516
640 517
639 518
638 519
639 520
639 521
639 522
639 523
639 524
639 525
639 526
639 527
639 528
639 529
639 530
639 531
639 532
639 533
639 534
639 535
639 536
639 537
639 538
639 539
639 540
639 541
639 542
639 543
639 544
639 545
639 546
639 547
639 548
639 549
637 550
639 551
639 552
639 553
639 554
639 555
640 556
639 557
639 558
639 559
638 560
639 561
638 562
637 563
638 564
638 565
637 566
636 567
635 568
638 569
637 570
638 571
638 572
637 573
638 574
638 575
638 576
638 577
637 578
636 579
638 580
638 581
638 582
638 583
637 584
638 585
638 586
638 587
638 588
639 589
638 590
638 591
639 592
639 593
639 594
639 595
639 596
640 597
640 598
640 599
640 600
640 601
640 602
639 603
639 604
640 605
640 606
640 607
638 608
639 609
639 610
639 611
641 612
640 613
641 614
641 615
641 616
642 617
642 618
642 619
640 620
641 621
641 622
642 623
643 624
643 625
642 626
643 627
642 628
644 629
645 630
644 631
643 632
643 633
644 634
645 635
646 636
644 637
644 638
642 639
644 640
643 641
645 642
646 643
644 644
645 645
645 646
642 647
645 648
646 649
646 650
647 651
647 652
646 653
645 654
644 655
643 656
649 657
646 658
642 659
640 660
644 661
641 662
641 663
645 664
644 665
646 666
644 667
639 668
644 669
642 670
639 671
645 672
646 673
645 674
637 675
639 676
645 677
646 678
640 679
639 680
642 681
638 682
636 683
632 684
627 685
629 686
632 687
630 688
633 689
634 690
625 691
621 692
621 693
626 694
624 695
619 696
623 697
622 698
614 699
608 700
614 701
621 702
610 703
606 704
597 705
584 706
596 707
609 708
599 709
603 710
595 711
597 712
592 713
578 714
586 715
588 716
594 717
595 718
598 719
