639 0
639 1
639 2
639 3
639 4
639 5
639 6
639 7
639 8
639 9
639 10
639 11
639 12
639 13
639 14
639 15
639 16
639 17
639 18
639 19
639 20
639 21
639 22
639 23
639 24
639 25
639 26
639 27
639 28
639 29
639 30
639 31
639 32
639 33
639 34
639 35
639 36
639 37
639 38
639 39
639 40
639 41
639 42
639 43
639 44
639 45
639 46
639 47
639 48
639 49
639 50
639 51
639 52
639 53
639 54
639 55
639 56
639 57
639 58
639 59
639 60
639 61
639 62
639 63
639 64
639 65
639 66
639 67
639 68
639 69
639 70
639 71
639 72
639 73
639 74
639 75
639 76
639 77
639 78
639 79
639 80
639 81
639 82
639 83
639 84
639 85
639 86
639 87
639 88
639 89
639 90
639 91
640 92
641 93
643 94
643 95
648 96
651 97
661 98
663 99
672 100
672 101
668 102
669 103
682 104
701 105
701 106
697 107
703 108
707 109
712 110
719 111
726 112
729 113
730 114
732 115
737 116
741 117
745 118
751 119
760 120
768 121
773 122
786 123
784 124
786 125
799 126
812 127
813 128
816 129
823 130
844 131
856 132
858 133
862 134
869 135
896 136
919 137
948 138
957 139
961 140
962 141
959 142
964 143
970 144
976 145
985 146
996 147
1002 148
1003 149
1011 150
1024 151
1030 152
1039 153
1041 154
1044 155
1047 156
1041 157
1040 158
1038 159
1039 160
1044 161
1040 162
1043 163
1043 164
1049 165
1059 166
1057 167
1059 168
1058 169
1059 170
1069 171
1068 172
1065 173
1065 174
1067 175
1065 176
1068 177
1073 178
1072 179
1071 180
1071 181
1073 182
1072 183
1069 184
1071 185
1070 186
1065 187
1064 188
1065 189
1065 190
1068 191
1069 192
1073 193
1076 194
1077 195
1077 196
1079 197
1078 198
1086 199
1089 200
1094 201
1107 202
1105 203
1112 204
1121 205
1120 206
1123 207
1126 208
1135 209
1141 210
1149 211
1151 212
1151 213
1156 214
1164 215
1170 216
1165 217
1161 218
1162 219
1167 220
1166 221
1174 222
1176 223
1183 224
1183 225
1190 226
1196 227
1198 228
1204 229
1201 230
1210 231
1207 232
1205 233
1216 234
1216 235
1224 236
1225 237
1216 238
1209 239
1201 240
1238 241
1212 242
1181 243
1170 244
1098 245
938 246
859 247
888 248
888 249
934 250
713 251
715 252
712 253
709 254
720 255
710 256
708 257
738 258
709 259
708 260
707 261
708 262
730 263
729 264
718 265
736 266
729 267
727 268
717 269
709 270
704 271
704 272
704 273
703 274
700 275
699 276
698 277
703 278
705 279
709 280
700 281
694 282
696 283
696 284
690 285
692 286
692 287
698 288
701 289
698 290
701 291
692 292
691 293
692 294
694 295
689 296
689 297
692 298
691 299
686 300
687 301
688 302
689 303
687 304
684 305
645 306
624 307
629 308
589 309
561 310
522 311
514 312
497 313
487 314
469 315
449 316
446 317
435 318
419 319
408 320
385 321
358 322
335 323
326 324
307 325
300 326
304 327
315 328
307 329
300 330
323 331
359 332
382 333
399 334
407 335
413 336
418 337
415 338
415 339
410 340
392 341
378 342
378 343
378 344
378 345
379 346
375 347
366 348
365 349
363 350
362 351
356 352
356 353
354 354
352 355
342 356
344 357
349 358
355 359
352 360
353 361
361 362
361 363
361 364
363 365
367 366
379 367
381 368
378 369
384 370
387 371
387 372
387 373
389 374
389 375
391 376
393 377
391 378
389 379
390 380
389 381
389 382
390 383
391 384
393 385
395 386
392 387
392 388
392 389
392 390
393 391
394 392
393 393
393 394
392 395
393 396
393 397
393 398
393 399
393 400
393 401
393 402
393 403
394 404
393 405
393 406
393 407
395 408
395 409
395 410
395 411
395 412
395 413
396 414
400 415
403 416
415 417
418 418
421 419
427 420
438 421
442 422
452 423
462 424
471 425
483 426
499 427
509 428
519 429
524 430
526 431
532 432
544 433
551 434
561 435
569 436
571 437
570 438
578 439
581 440
596 441
602 442
599 443
604 444
616 445
623 446
614 447
614 448
622 449
627 450
628 451
630 452
627 453
628 454
631 455
633 456
632 457
626 458
629 459
633 460
631 461
631 462
631 463
628 464
630 465
630 466
630 467
631 468
630 469
631 470
629 471
629 472
633 473
634 474
634 475
634 476
634 477
633 478
630 479
634 480
634 481
634 482
633 483
634 484
634 485
636 486
633 487
635 488
636 489
637 490
639 491
639 492
640 493
639 494
639 495
639 496
638 497
639 498
640 499
639 500
639 501
639 502
639 503
640 504
640 505
639 506
639 507
639 508
639 509
639 510
639 511
639 512
639 513
639 514
639 515
639 516
639 517
639 518
639 519
639 520
639 521
639 522
640 523
640 524
639 525
639 526
641 527
639 528
639 529
639 530
639 531
640 532
639 533
638 534
639 535
639 536
639 537
639 538
639 539
639 540
639 541
640 542
639 543
639 544
639 545
639 546
639 547
639 548
639 549
639 550
639 551
639 552
639 553
639 554
639 555
640 556
639 557
639 558
639 559
638 560
639 561
639 562
639 563
638 564
637 565
638 566
635 567
635 568
637 569
637 570
636 571
637 572
638 573
638 574
639 575
638 576
638 577
638 578
638 579
637 580
638 581
639 582
637 583
638 584
638 585
638 586
638 587
638 588
639 589
639 590
637 591
637 592
639 593
639 594
637 595
638 596
639 597
639 598
640 599
639 600
639 601
640 602
639 603
640 604
640 605
639 606
637 607
640 608
640 609
640 610
641 611
641 612
640 613
640 614
641 615
640 616
642 617
642 618
641 619
643 620
642 621
642 622
641 623
642 624
643 625
643 626
643 627
643 628
643 629
644 630
643 631
644 632
646 633
645 634
644 635
645 636
645 637
645 638
643 639
642 640
644 641
645 642
641 643
644 644
646 645
646 646
642 647
645 648
644 649
646 650
644 651
644 652
646 653
646 654
643 655
646 656
645 657
645 658
650 659
649 660
640 661
644 662
645 663
641 664
641 665
643 666
648 667
648 668
648 669
646 670
637 671
637 672
640 673
644 674
642 675
641 676
643 677
643 678
631 679
638 680
639 681
640 682
633 683
632 684
630 685
630 686
632 687
630 688
629 689
621 690
615 691
610 692
618 693
621 694
615 695
617 696
615 697
615 698
616 699
618 700
606 701
612 702
607 703
616 704
614 705
606 706
612 707
612 708
604 709
611 710
596 711
596 712
602 713
603 714
603 715
607 716
600 717
591 718
594 719
