639 0
639 1
639 2
639 3
639 4
639 5
639 6
639 7
639 8
639 9
639 10
639 11
639 12
639 13
639 14
639 15
639 16
639 17
639 18
639 19
639 20
639 21
639 22
639 23
639 24
639 25
639 26
639 27
639 28
639 29
639 30
639 31
639 32
639 33
639 34
639 35
639 36
639 37
639 38
639 39
639 40
639 41
639 42
639 43
639 44
639 45
639 46
639 47
639 48
639 49
639 50
639 51
639 52
639 53
639 54
639 55
639 56
639 57
639 58
639 59
639 60
639 61
639 62
639 63
639 64
639 65
639 66
639 67
639 68
639 69
639 70
639 71
639 72
639 73
639 74
639 75
639 76
639 77
639 78
639 79
639 80
639 81
639 82
639 83
639 84
639 85
639 86
639 87
639 88
639 89
639 90
639 91
639 92
640 93
642 94
645 95
646 96
653 97
663 98
667 99
668 100
668 101
670 102
672 103
679 104
690 105
695 106
694 107
701 108
707 109
714 110
718 111
721 112
726 113
725 114
727 115
734 116
739 117
749 118
755 119
763 120
763 121
775 122
788 123
787 124
788 125
791 126
805 127
815 128
816 129
826 130
842 131
849 132
858 133
863 134
875 135
890 136
907 137
943 138
948 139
961 140
955 141
958 142
967 143
969 144
972 145
979 146
989 147
997 148
1000 149
1009 150
1012 151
1025 152
1033 153
1039 154
1040 155
1046 156
1040 157
1040 158
1040 159
1047 160
1047 161
1043 162
1048 163
1050 164
1050 165
1056 166
1065 167
1059 168
1056 169
1059 170
1066 171
1070 172
1069 173
1069 174
1071 175
1070 176
1066 177
1070 178
1075 179
1073 180
1075 181
1074 182
1071 183
1068 184
1069 185
1067 186
1066 187
1065 188
1066 189
1068 190
1072 191
1075 192
1078 193
1080 194
1081 195
1082 196
1083 197
1083 198
1089 199
1094 200
1098 201
1105 202
1105 203
1114 204
1117 205
1122 206
1127 207
1126 208
1135 209
1140 210
1151 211
1153 212
1151 213
1155 214
1150 215
1164 216
1169 217
1169 218
1167 219
1167 220
1170 221
1173 222
1179 223
1183 224
1191 225
1190 226
1192 227
1192 228
1201 229
1205 230
1196 231
1209 232
1216 233
1219 234
1224 235
1209 236
1211 237
1213 238
1202 239
1195 240
1192 241
1182 242
1157 243
1112 244
983 245
823 246
912 247
766 248
762 249
783 250
769 251
715 252
716 253
718 254
716 255
717 256
716 257
713 258
711 259
712 260
710 261
712 262
732 263
722 264
713 265
727 266
725 267
712 268
712 269
705 270
705 271
707 272
705 273
702 274
699 275
704 276
703 277
697 278
693 279
697 280
698 281
693 282
694 283
695 284
695 285
696 286
699 287
695 288
696 289
697 290
696 291
697 292
696 293
696 294
704 295
693 296
693 297
695 298
696 299
695 300
695 301
694 302
693 303
701 304
679 305
656 306
637 307
620 308
573 309
552 310
524 311
510 312
491 313
464 314
426 315
400 316
378 317
372 318
338 319
346 320
344 321
350 322
352 323
346 324
370 325
402 326
410 327
445 328
457 329
447 330
442 331
450 332
445 333
446 334
445 335
441 336
436 337
430 338
426 339
417 340
397 341
369 342
365 343
358 344
358 345
355 346
361 347
358 348
351 349
349 350
351 351
351 352
349 353
350 354
353 355
350 356
356 357
358 358
364 359
364 360
371 361
374 362
377 363
377 364
387 365
389 366
393 367
392 368
390 369
389 370
390 371
389 372
392 373
395 374
395 375
395 376
393 377
393 378
392 379
393 380
393 381
393 382
393 383
394 384
394 385
394 386
394 387
394 388
394 389
394 390
395 391
395 392
395 393
396 394
396 395
396 396
395 397
395 398
395 399
395 400
395 401
395 402
396 403
396 404
396 405
396 406
396 407
396 408
396 409
396 410
397 411
397 412
397 413
398 414
398 415
404 416
413 417
418 418
423 419
428 420
435 421
442 422
449 423
457 424
466 425
485 426
496 427
510 428
517 429
521 430
527 431
531 432
543 433
555 434
558 435
561 436
572 437
574 438
577 439
584 440
594 441
600 442
598 443
608 444
616 445
616 446
617 447
618 448
620 449
626 450
628 451
629 452
631 453
632 454
627 455
630 456
632 457
631 458
629 459
629 460
629 461
631 462
629 463
629 464
631 465
629 466
623 467
630 468
632 469
633 470
630 471
631 472
633 473
634 474
634 475
634 476
635 477
635 478
635 479
634 480
635 481
634 482
635 483
636 484
635 485
636 486
635 487
636 488
635 489
636 490
636 491
638 492
639 493
639 494
639 495
639 496
639 497
639 498
639 499
639 500
639 501
640 502
640 503
640 504
640 505
639 506
639 507
639 508
639 509
640 510
640 511
639 512
639 513
639 514
639 515
639 516
639 517
639 518
639 519
639 520
639 521
639 522
639 523
639 524
640 525
639 526
639 527
638 528
639 529
639 530
639 531
639 532
639 533
639 534
639 535
639 536
639 537
639 538
639 539
640 540
640 541
639 542
639 543
639 544
639 545
638 546
639 547
639 548
639 549
639 550
638 551
639 552
640 553
639 554
640 555
639 556
639 557
639 558
639 559
639 560
639 561
639 562
638 563
637 564
637 565
637 566
636 567
636 568
637 569
637 570
637 571
637 572
636 573
638 574
638 575
638 576
638 577
638 578
638 579
636 580
637 581
638 582
637 583
638 584
638 585
638 586
638 587
637 588
639 589
639 590
639 591
639 592
639 593
639 594
640 595
640 596
639 597
640 598
641 599
641 600
640 601
639 602
640 603
640 604
639 605
639 606
639 607
639 608
641 609
641 610
639 611
640 612
640 613
640 614
639 615
639 616
639 617
641 618
641 619
641 620
641 621
642 622
641 623
643 624
642 625
642 626
643 627
643 628
644 629
643 630
642 631
644 632
646 633
645 634
645 635
643 636
644 637
646 638
646 639
644 640
645 641
644 642
645 643
646 644
645 645
645 646
645 647
644 648
646 649
643 650
644 651
640 652
639 653
641 654
644 655
644 656
647 657
646 658
645 659
646 660
643 661
637 662
637 663
635 664
643 665
643 666
644 667
642 668
640 669
641 670
640 671
640 672
645 673
644 674
642 675
640 676
641 677
643 678
638 679
644 680
640 681
638 682
633 683
632 684
626 685
627 686
628 687
625 688
626 689
629 690
628 691
626 692
624 693
629 694
627 695
625 696
624 697
615 698
614 699
610 700
609 701
612 702
615 703
609 704
608 705
615 706
608 707
605 708
606 709
608 710
607 711
602 712
608 713
603 714
604 715
597 716
593 717
597 718
604 719
