639 0
639 1
639 2
639 3
639 4
639 5
639 6
639 7
639 8
639 9
639 10
639 11
639 12
639 13
639 14
639 15
639 16
639 17
639 18
639 19
639 20
639 21
639 22
639 23
639 24
639 25
639 26
639 27
639 28
639 29
639 30
639 31
639 32
639 33
639 34
639 35
639 36
639 37
639 38
639 39
639 40
639 41
639 42
639 43
639 44
639 45
639 46
639 47
639 48
639 49
639 50
639 51
639 52
639 53
639 54
639 55
639 56
639 57
639 58
639 59
639 60
639 61
639 62
639 63
639 64
639 65
639 66
639 67
639 68
639 69
639 70
639 71
639 72
639 73
639 74
639 75
639 76
639 77
639 78
639 79
639 80
639 81
639 82
639 83
639 84
639 85
639 86
639 87
639 88
639 89
639 90
639 91
639 92
639 93
642 94
643 95
647 96
655 97
663 98
662 99
671 100
668 101
669 102
675 103
678 104
686 105
698 106
703 107
705 108
706 109
712 110
715 111
721 112
730 113
731 114
729 115
736 116
741 117
747 118
758 119
765 120
770 121
776 122
781 123
785 124
790 125
793 126
808 127
810 128
815 129
819 130
835 131
852 132
860 133
862 134
872 135
894 136
911 137
947 138
951 139
958 140
959 141
965 142
965 143
966 144
975 145
988 146
991 147
996 148
1001 149
1008 150
1015 151
1029 152
1042 153
1046 154
1050 155
1049 156
1044 157
1042 158
1041 159
1040 160
1043 161
1045 162
1050 163
1049 164
1049 165
1049 166
1055 167
1059 168
1056 169
1056 170
1060 171
1066 172
1067 173
1066 174
1064 175
1064 176
1064 177
1068 178
1076 179
1077 180
1076 181
1073 182
1072 183
1070 184
1072 185
1070 186
1069 187
1068 188
1066 189
1066 190
1066 191
1066 192
1070 193
1075 194
1074 195
1076 196
1079 197
1080 198
1086 199
1091 200
1096 201
1104 202
1106 203
1113 204
1121 205
1123 206
1126 207
1129 208
1138 209
1142 210
1148 211
1151 212
1154 213
1155 214
1160 215
1170 216
1175 217
1172 218
1172 219
1175 220
1171 221
1164 222
1176 223
1178 224
1183 225
1188 226
1193 227
1192 228
1196 229
1206 230
1207 231
1199 232
1217 233
1221 234
1227 235
1224 236
1233 237
1225 238
1230 239
1234 240
1244 241
1228 242
1216 243
1228 244
1199 245
1145 246
1016 247
928 248
848 249
847 250
824 251
720 252
759 253
719 254
728 255
723 256
712 257
711 258
711 259
712 260
711 261
711 262
713 263
743 264
759 265
774 266
729 267
710 268
710 269
711 270
715 271
706 272
708 273
707 274
706 275
708 276
712 277
709 278
707 279
712 280
702 281
702 282
700 283
698 284
703 285
704 286
700 287
698 288
697 289
701 290
698 291
697 292
697 293
696 294
696 295
695 296
692 297
694 298
694 299
693 300
700 301
703 302
698 303
696 304
694 305
669 306
639 307
603 308
586 309
571 310
543 311
521 312
498 313
501 314
487 315
464 316
445 317
437 318
425 319
416 320
406 321
391 322
376 323
349 324
327 325
317 326
287 327
307 328
309 329
299 330
312 331
313 332
335 333
364 334
380 335
401 336
409 337
409 338
416 339
414 340
393 341
377 342
377 343
381 344
379 345
377 346
367 347
369 348
367 349
361 350
363 351
360 352
364 353
350 354
347 355
342 356
346 357
347 358
350 359
358 360
357 361
358 362
363 363
368 364
368 365
372 366
380 367
383 368
385 369
382 370
382 371
385 372
387 373
388 374
388 375
392 376
392 377
391 378
392 379
394 380
396 381
394 382
392 383
394 384
391 385
393 386
394 387
394 388
394 389
394 390
394 391
393 392
393 393
393 394
394 395
394 396
394 397
395 398
395 399
395 400
395 401
395 402
395 403
395 404
396 405
396 406
396 407
397 408
396 409
398 410
397 411
396 412
396 413
397 414
398 415
405 416
412 417
416 418
421 419
426 420
434 421
442 422
451 423
459 424
467 425
479 426
497 427
509 428
514 429
521 430
525 431
537 432
545 433
551 434
557 435
560 436
569 437
574 438
579 439
583 440
592 441
596 442
602 443
610 444
607 445
612 446
619 447
617 448
622 449
622 450
630 451
629 452
624 453
628 454
629 455
631 456
635 457
634 458
632 459
628 460
626 461
624 462
623 463
630 464
630 465
630 466
630 467
630 468
632 469
631 470
628 471
628 472
632 473
634 474
635 475
635 476
636 477
636 478
635 479
635 480
634 481
635 482
634 483
634 484
635 485
635 486
633 487
636 488
636 489
637 490
638 491
639 492
639 493
639 494
639 495
638 496
639 497
639 498
639 499
639 500
638 501
640 502
638 503
636 504
639 505
639 506
639 507
639 508
639 509
639 510
640 511
639 512
639 513
639 514
639 515
639 516
639 517
639 518
639 519
639 520
639 521
639 522
640 523
640 524
640 525
639 526
638 527
639 528
639 529
639 530
640 531
639 532
639 533
639 534
640 535
639 536
639 537
639 538
639 539
639 540
639 541
639 542
639 543
639 544
639 545
639 546
639 547
639 548
639 549
639 550
640 551
639 552
639 553
639 554
639 555
640 556
639 557
639 558
639 559
638 560
639 561
639 562
638 563
637 564
637 565
637 566
636 567
636 568
637 569
638 570
637 571
638 572
639 573
639 574
640 575
638 576
638 577
638 578
638 579
638 580
638 581
638 582
638 583
638 584
637 585
636 586
637 587
638 588
638 589
639 590
639 591
639 592
639 593
640 594
639 595
638 596
641 597
639 598
636 599
638 600
640 601
641 602
640 603
640 604
639 605
640 606
641 607
639 608
640 609
638 610
640 611
640 612
639 613
638 614
639 615
637 616
641 617
641 618
639 619
640 620
642 621
641 622
640 623
641 624
641 625
643 626
643 627
643 628
640 629
643 630
645 631
642 632
644 633
644 634
645 635
646 636
645 637
646 638
644 639
645 640
646 641
645 642
640 643
643 644
647 645
643 646
645 647
646 648
646 649
646 650
643 651
644 652
646 653
648 654
648 655
645 656
646 657
645 658
646 659
648 660
643 661
646 662
645 663
643 664
641 665
641 666
640 667
642 668
645 669
645 670
638 671
641 672
642 673
641 674
642 675
648 676
649 677
649 678
644 679
640 680
636 681
635 682
635 683
630 684
631 685
632 686
630 687
629 688
625 689
624 690
629 691
620 692
609 693
617 694
621 695
612 696
615 697
613 698
618 699
609 700
607 701
615 702
604 703
615 704
616 705
603 706
597 707
603 708
609 709
604 710
594 711
585 712
585 713
583 714
592 715
597 716
596 717
594 718
607 719
