639 0
639 1
639 2
639 3
639 4
639 5
639 6
639 7
639 8
639 9
639 10
639 11
639 12
639 13
639 14
639 15
639 16
639 17
639 18
639 19
639 20
639 21
639 22
639 23
639 24
639 25
639 26
639 27
639 28
639 29
639 30
639 31
639 32
639 33
639 34
639 35
639 36
639 37
639 38
639 39
639 40
639 41
639 42
639 43
639 44
639 45
639 46
639 47
639 48
639 49
639 50
639 51
639 52
639 53
639 54
639 55
639 56
639 57
639 58
639 59
639 60
639 61
639 62
639 63
639 64
639 65
639 66
639 67
639 68
639 69
639 70
639 71
639 72
639 73
639 74
639 75
639 76
639 77
639 78
639 79
639 80
639 81
639 82
639 83
639 84
639 85
639 86
639 87
639 88
639 89
639 90
639 91
639 92
639 93
641 94
640 95
641 96
647 97
653 98
659 99
671 100
672 101
668 102
672 103
678 104
687 105
690 106
695 107
701 108
708 109
712 110
712 111
716 112
718 113
719 114
726 115
727 116
733 117
742 118
748 119
755 120
751 121
763 122
768 123
769 124
770 125
772 126
784 127
788 128
786 129
790 130
799 131
803 132
807 133
815 134
820 135
828 136
835 137
854 138
867 139
867 140
873 141
875 142
879 143
876 144
879 145
879 146
886 147
892 148
894 149
896 150
893 151
898 152
901 153
905 154
908 155
910 156
912 157
910 158
915 159
916 160
916 161
917 162
926 163
933 164
936 165
938 166
941 167
945 168
947 169
948 170
951 171
952 172
952 173
955 174
960 175
966 176
979 177
999 178
1007 179
1014 180
1015 181
1014 182
1015 183
1016 184
1018 185
1021 186
1019 187
1020 188
1024 189
1028 190
1028 191
1024 192
1033 193
1046 194
1053 195
1054 196
1055 197
1056 198
1061 199
1067 200
1083 201
1091 202
1098 203
1103 204
1113 205
1119 206
1123 207
1126 208
1131 209
1137 210
1148 211
1147 212
1151 213
1152 214
1152 215
1163 216
1171 217
1173 218
1175 219
1173 220
1176 221
1177 222
1185 223
1186 224
1190 225
1189 226
1192 227
1197 228
1199 229
1204 230
1210 231
1211 232
1213 233
1211 234
1212 235
1203 236
1206 237
1209 238
1211 239
1228 240
1231 241
1235 242
1255 243
1238 244
1236 245
1252 246
1221 247
1260 248
1267 249
1272 250
1275 251
1279 252
1239 253
610 255
1197 257
1197 258
986 262
1198 263
1271 266
1064 271
978 278
1120 279
1175 283
1175 284
963 288
971 289
981 290
980 291
980 292
974 293
961 294
966 295
850 299
850 300
878 303
2 306
4 307
74 308
116 309
19 310
80 311
146 312
207 313
219 314
193 315
167 316
194 317
235 318
238 319
224 320
235 321
242 322
242 323
251 324
255 325
244 326
235 327
239 328
254 329
256 330
265 331
275 332
281 333
291 334
293 335
275 336
283 337
287 338
287 339
290 340
300 341
300 342
305 343
302 344
307 345
312 346
315 347
315 348
317 349
323 350
326 351
330 352
329 353
330 354
338 355
338 356
336 357
345 358
348 359
348 360
343 361
346 362
350 363
354 364
356 365
356 366
355 367
353 368
350 369
347 370
349 371
341 372
339 373
338 374
338 375
338 376
340 377
344 378
346 379
352 380
358 381
364 382
374 383
385 384
389 385
406 386
413 387
418 388
420 389
418 390
415 391
411 392
410 393
405 394
406 395
408 396
410 397
408 398
403 399
402 400
398 401
400 402
399 403
396 404
395 405
398 406
403 407
408 408
406 409
409 410
408 411
409 412
411 413
415 414
423 415
422 416
425 417
428 418
432 419
434 420
433 421
435 422
434 423
437 424
444 425
455 426
469 427
490 428
496 429
503 430
505 431
511 432
520 433
524 434
532 435
541 436
547 437
549 438
549 439
553 440
567 441
575 442
578 443
585 444
589 445
588 446
592 447
596 448
602 449
603 450
599 451
598 452
609 453
610 454
609 455
611 456
610 457
609 458
612 459
613 460
608 461
609 462
609 463
606 464
613 465
613 466
611 467
610 468
611 469
611 470
608 471
608 472
612 473
612 474
608 475
607 476
610 477
612 478
607 479
610 480
612 481
613 482
614 483
616 484
615 485
615 486
615 487
615 488
617 489
617 490
618 491
618 492
619 493
619 494
619 495
618 496
619 497
621 498
621 499
621 500
622 501
623 502
622 503
621 504
621 505
623 506
623 507
623 508
625 509
625 510
625 511
627 512
627 513
627 514
627 515
630 516
630 517
632 518
631 519
632 520
632 521
632 522
633 523
633 524
632 525
632 526
631 527
634 528
633 529
632 530
632 531
633 532
634 533
634 534
634 535
635 536
636 537
635 538
636 539
637 540
636 541
637 542
636 543
638 544
638 545
638 546
638 547
638 548
638 549
638 550
637 551
636 552
638 553
638 554
638 555
639 556
638 557
638 558
639 559
638 560
638 561
639 562
638 563
638 564
638 565
637 566
637 567
638 568
638 569
637 570
638 571
637 572
636 573
637 574
637 575
638 576
637 577
637 578
637 579
636 580
637 581
637 582
637 583
637 584
636 585
637 586
637 587
637 588
637 589
638 590
635 591
637 592
637 593
637 594
637 595
637 596
637 597
637 598
636 599
635 600
635 601
635 602
634 603
635 604
636 605
636 606
633 607
634 608
634 609
635 610
634 611
635 612
633 613
634 614
633 615
630 616
632 617
632 618
629 619
629 620
624 621
624 622
623 623
620 624
625 625
626 626
627 627
626 628
627 629
630 630
630 631
631 632
633 633
633 634
633 635
632 636
631 637
632 638
631 639
630 640
632 641
633 642
633 643
631 644
633 645
633 646
632 647
632 648
632 649
632 650
630 651
632 652
630 653
632 654
630 655
630 656
628 657
629 658
633 659
633 660
632 661
632 662
630 663
631 664
629 665
632 666
632 667
633 668
634 669
632 670
631 671
624 672
630 673
632 674
630 675
631 676
627 677
627 678
626 679
628 680
625 681
623 682
625 683
620 684
616 685
617 686
617 687
623 688
619 689
614 690
615 691
614 692
604 693
605 694
608 695
612 696
611 697
607 698
606 699
603 700
610 701
612 702
602 703
594 704
593 705
595 706
591 707
589 708
573 709
585 710
600 711
591 712
582 713
576 714
575 715
571 716
578 717
587 718
596 719
