639 0
639 1
639 2
639 3
639 4
639 5
639 6
639 7
639 8
639 9
639 10
639 11
639 12
639 13
639 14
639 15
639 16
639 17
639 18
639 19
639 20
639 21
639 22
639 23
639 24
639 25
639 26
639 27
639 28
639 29
639 30
639 31
639 32
639 33
639 34
639 35
639 36
639 37
639 38
639 39
639 40
639 41
639 42
639 43
639 44
639 45
639 46
639 47
639 48
639 49
639 50
639 51
639 52
639 53
639 54
639 55
639 56
639 57
639 58
639 59
639 60
639 61
639 62
639 63
639 64
639 65
639 66
639 67
639 68
639 69
639 70
639 71
639 72
639 73
639 74
639 75
639 76
639 77
639 78
639 79
639 80
639 81
639 82
639 83
639 84
639 85
639 86
639 87
639 88
639 89
639 90
639 91
639 92
640 93
641 94
642 95
644 96
650 97
663 98
667 99
667 100
668 101
668 102
667 103
669 104
688 105
695 106
692 107
694 108
700 109
708 110
714 111
715 112
720 113
725 114
723 115
731 116
740 117
742 118
748 119
747 120
752 121
760 122
768 123
769 124
770 125
771 126
784 127
785 128
788 129
790 130
794 131
809 132
812 133
813 134
820 135
826 136
843 137
859 138
866 139
873 140
875 141
873 142
873 143
877 144
879 145
883 146
887 147
892 148
893 149
895 150
898 151
901 152
902 153
907 154
908 155
910 156
911 157
912 158
912 159
915 160
919 161
921 162
921 163
933 164
935 165
937 166
941 167
943 168
947 169
947 170
947 171
950 172
950 173
954 174
959 175
962 176
978 177
995 178
1002 179
1008 180
1010 181
1010 182
1008 183
1012 184
1015 185
1016 186
1018 187
1017 188
1020 189
1023 190
1027 191
1026 192
1037 193
1044 194
1054 195
1056 196
1056 197
1056 198
1066 199
1073 200
1086 201
1102 202
1104 203
1117 204
1120 205
1124 206
1128 207
1132 208
1136 209
1141 210
1151 211
1154 212
1155 213
1154 214
1154 215
1158 216
1168 217
1170 218
1168 219
1172 220
1170 221
1168 222
1182 223
1183 224
1190 225
1185 226
1192 227
1195 228
1196 229
1199 230
1202 231
1209 232
1204 233
1205 234
1213 235
1215 236
1216 237
1216 238
1225 239
1219 240
1238 241
1239 242
1257 243
1259 244
1232 245
1260 246
1259 247
1207 248
997 249
997 250
895 252
991 253
807 258
736 261
735 262
1007 263
1082 264
820 265
1218 267
1173 268
973 269
822 270
1022 271
823 272
1031 273
825 274
826 275
1247 276
719 286
968 295
1190 300
967 304
0 305
3 306
7 307
11 308
14 309
18 310
24 311
25 312
29 313
32 314
49 315
38 316
42 317
55 318
67 319
48 320
51 321
53 322
53 323
56 324
57 325
65 326
68 327
62 328
63 329
65 330
67 331
69 332
73 333
75 334
76 335
79 336
108 337
96 338
89 339
98 340
146 341
174 342
186 343
189 344
195 345
202 346
222 347
234 348
235 349
243 350
247 351
258 352
262 353
262 354
268 355
261 356
269 357
274 358
270 359
271 360
275 361
283 362
283 363
288 364
296 365
308 366
316 367
315 368
314 369
318 370
326 371
326 372
327 373
331 374
336 375
346 376
346 377
350 378
355 379
361 380
364 381
365 382
364 383
368 384
370 385
375 386
378 387
380 388
382 389
381 390
380 391
384 392
389 393
388 394
385 395
388 396
388 397
389 398
386 399
388 400
388 401
387 402
383 403
383 404
380 405
376 406
373 407
378 408
373 409
366 410
361 411
360 412
358 413
359 414
360 415
363 416
363 417
366 418
379 419
388 420
395 421
405 422
405 423
413 424
417 425
435 426
454 427
474 428
474 429
493 430
493 431
503 432
509 433
522 434
535 435
540 436
541 437
541 438
551 439
555 440
563 441
571 442
577 443
579 444
585 445
593 446
592 447
600 448
604 449
602 450
591 451
597 452
599 453
608 454
611 455
612 456
620 457
620 458
619 459
618 460
614 461
616 462
615 463
617 464
618 465
614 466
611 467
614 468
614 469
614 470
608 471
613 472
613 473
612 474
610 475
614 476
613 477
614 478
613 479
612 480
614 481
615 482
613 483
614 484
615 485
617 486
616 487
615 488
617 489
617 490
616 491
617 492
618 493
617 494
615 495
615 496
614 497
617 498
616 499
616 500
616 501
616 502
616 503
615 504
616 505
616 506
615 507
618 508
616 509
616 510
616 511
618 512
617 513
618 514
617 515
616 516
617 517
617 518
618 519
617 520
618 521
616 522
619 523
619 524
621 525
621 526
622 527
619 528
620 529
620 530
621 531
621 532
620 533
620 534
618 535
621 536
622 537
623 538
623 539
622 540
624 541
623 542
625 543
626 544
626 545
626 546
628 547
627 548
627 549
628 550
631 551
633 552
634 553
634 554
634 555
634 556
634 557
634 558
634 559
635 560
634 561
634 562
634 563
634 564
635 565
635 566
636 567
637 568
638 569
637 570
636 571
638 572
637 573
637 574
637 575
639 576
638 577
637 578
635 579
635 580
635 581
637 582
636 583
638 584
638 585
638 586
638 587
638 588
638 589
639 590
639 591
638 592
638 593
637 594
636 595
638 596
638 597
637 598
638 599
636 600
637 601
638 602
637 603
638 604
638 605
638 606
636 607
638 608
638 609
637 610
637 611
638 612
638 613
638 614
634 615
634 616
638 617
638 618
638 619
637 620
637 621
638 622
637 623
635 624
637 625
638 626
637 627
637 628
636 629
635 630
637 631
636 632
637 633
637 634
635 635
635 636
636 637
637 638
636 639
637 640
636 641
633 642
635 643
637 644
633 645
634 646
627 647
629 648
632 649
630 650
632 651
630 652
633 653
634 654
629 655
627 656
631 657
633 658
634 659
632 660
632 661
631 662
627 663
625 664
629 665
629 666
629 667
625 668
623 669
623 670
618 671
616 672
621 673
626 674
630 675
628 676
629 677
631 678
628 679
629 680
633 681
627 682
625 683
626 684
623 685
625 686
629 687
626 688
623 689
622 690
625 691
625 692
624 693
623 694
617 695
619 696
628 697
630 698
627 699
621 700
617 701
620 702
615 703
616 704
621 705
618 706
610 707
614 708
612 709
612 710
613 711
614 712
605 713
608 714
622 715
616 716
613 717
619 718
617 719
