639 0
639 1
639 2
639 3
639 4
639 5
639 6
639 7
639 8
639 9
639 10
639 11
639 12
639 13
639 14
639 15
639 16
639 17
639 18
639 19
639 20
639 21
639 22
639 23
639 24
639 25
639 26
639 27
639 28
639 29
639 30
639 31
639 32
639 33
639 34
639 35
639 36
639 37
639 38
639 39
639 40
639 41
639 42
639 43
639 44
639 45
639 46
639 47
639 48
639 49
639 50
639 51
639 52
639 53
639 54
639 55
639 56
639 57
639 58
639 59
639 60
639 61
639 62
639 63
639 64
639 65
639 66
639 67
639 68
639 69
639 70
639 71
639 72
639 73
639 74
639 75
639 76
639 77
639 78
639 79
639 80
639 81
639 82
639 83
639 84
639 85
639 86
639 87
639 88
639 89
639 90
639 91
639 92
641 93
641 94
641 95
645 96
650 97
658 98
669 99
672 100
665 101
665 102
670 103
678 104
692 105
699 106
697 107
699 108
701 109
706 110
710 111
717 112
722 113
723 114
724 115
727 116
730 117
742 118
747 119
748 120
757 121
766 122
769 123
770 124
770 125
772 126
783 127
787 128
788 129
792 130
801 131
808 132
813 133
812 134
822 135
827 136
842 137
863 138
871 139
872 140
873 141
873 142
875 143
877 144
878 145
884 146
888 147
893 148
894 149
896 150
898 151
899 152
901 153
906 154
909 155
911 156
911 157
912 158
914 159
915 160
920 161
923 162
926 163
935 164
936 165
942 166
942 167
943 168
946 169
946 170
947 171
949 172
953 173
955 174
961 175
965 176
980 177
990 178
1001 179
1009 180
1010 181
1009 182
1012 183
1011 184
1016 185
1016 186
1015 187
1018 188
1022 189
1027 190
1027 191
1025 192
1037 193
1044 194
1054 195
1055 196
1056 197
1060 198
1067 199
1073 200
1089 201
1106 202
1106 203
1113 204
1120 205
1124 206
1129 207
1130 208
1138 209
1142 210
1152 211
1153 212
1151 213
1155 214
1162 215
1166 216
1172 217
1169 218
1176 219
1175 220
1172 221
1173 222
1182 223
1182 224
1189 225
1188 226
1194 227
1198 228
1198 229
1196 230
1200 231
1203 232
1187 233
1211 234
1216 235
1203 236
1214 237
1230 238
1224 239
1236 240
1241 241
1251 242
1249 243
1262 244
1247 245
1237 246
1200 247
1151 248
1107 249
1275 252
1220 256
1203 261
1271 262
819 264
819 265
820 266
1008 267
974 268
969 269
822 270
822 271
822 272
823 273
824 274
824 275
1182 279
1032 293
121 306
7 307
10 308
14 309
18 310
19 311
48 312
30 313
31 314
34 315
40 316
41 317
54 318
56 319
50 320
51 321
69 322
70 323
56 324
58 325
59 326
61 327
68 328
63 329
66 330
67 331
70 332
71 333
73 334
78 335
81 336
82 337
90 338
95 339
113 340
145 341
181 342
183 343
195 344
207 345
221 346
225 347
228 348
241 349
247 350
247 351
254 352
251 353
257 354
266 355
265 356
270 357
273 358
278 359
274 360
278 361
283 362
287 363
300 364
312 365
315 366
313 367
317 368
322 369
325 370
326 371
335 372
337 373
341 374
348 375
348 376
351 377
356 378
357 379
358 380
362 381
369 382
369 383
369 384
374 385
375 386
379 387
381 388
381 389
381 390
378 391
382 392
383 393
387 394
388 395
386 396
386 397
383 398
381 399
384 400
382 401
380 402
375 403
375 404
376 405
371 406
367 407
367 408
362 409
364 410
363 411
363 412
363 413
367 414
368 415
367 416
370 417
384 418
392 419
405 420
412 421
410 422
410 423
411 424
425 425
426 426
440 427
464 428
474 429
490 430
500 431
503 432
516 433
519 434
527 435
532 436
533 437
540 438
550 439
550 440
560 441
566 442
576 443
583 444
584 445
590 446
599 447
600 448
604 449
606 450
606 451
606 452
599 453
603 454
608 455
614 456
619 457
618 458
617 459
614 460
618 461
617 462
615 463
615 464
616 465
613 466
614 467
614 468
613 469
614 470
607 471
611 472
613 473
614 474
611 475
612 476
611 477
614 478
610 479
615 480
612 481
614 482
614 483
614 484
615 485
616 486
617 487
617 488
615 489
618 490
618 491
618 492
619 493
617 494
617 495
616 496
618 497
617 498
615 499
615 500
616 501
616 502
615 503
614 504
617 505
617 506
616 507
616 508
615 509
616 510
617 511
617 512
617 513
617 514
617 515
618 516
617 517
616 518
616 519
618 520
619 521
620 522
621 523
621 524
621 525
621 526
621 527
622 528
623 529
622 530
620 531
620 532
621 533
622 534
621 535
622 536
623 537
623 538
622 539
623 540
624 541
625 542
625 543
625 544
625 545
627 546
630 547
631 548
628 549
630 550
631 551
632 552
634 553
635 554
635 555
636 556
635 557
635 558
634 559
635 560
635 561
635 562
634 563
634 564
634 565
634 566
635 567
636 568
637 569
637 570
638 571
638 572
638 573
638 574
637 575
637 576
636 577
637 578
637 579
637 580
638 581
639 582
638 583
636 584
638 585
638 586
638 587
638 588
638 589
638 590
639 591
638 592
639 593
639 594
639 595
638 596
638 597
639 598
635 599
638 600
637 601
636 602
639 603
638 604
638 605
637 606
638 607
636 608
637 609
637 610
637 611
638 612
639 613
636 614
638 615
638 616
638 617
638 618
638 619
638 620
638 621
638 622
637 623
634 624
635 625
637 626
637 627
636 628
637 629
636 630
636 631
637 632
637 633
637 634
637 635
637 636
637 637
638 638
636 639
632 640
634 641
632 642
633 643
632 644
632 645
632 646
634 647
633 648
634 649
633 650
633 651
632 652
633 653
633 654
629 655
627 656
629 657
627 658
630 659
633 660
631 661
628 662
627 663
625 664
626 665
625 666
622 667
624 668
627 669
627 670
620 671
626 672
630 673
629 674
628 675
628 676
630 677
630 678
629 679
632 680
632 681
628 682
628 683
628 684
625 685
628 686
626 687
629 688
627 689
627 690
623 691
615 692
618 693
625 694
627 695
627 696
630 697
620 698
618 699
618 700
621 701
623 702
623 703
624 704
622 705
614 706
620 707
616 708
616 709
617 710
608 711
612 712
614 713
606 714
611 715
611 716
604 717
607 718
612 719
