639 0
639 1
639 2
639 3
639 4
639 5
639 6
639 7
639 8
639 9
639 10
639 11
639 12
639 13
639 14
639 15
639 16
639 17
639 18
639 19
639 20
639 21
639 22
639 23
639 24
639 25
639 26
639 27
639 28
639 29
639 30
639 31
639 32
639 33
639 34
639 35
639 36
639 37
639 38
639 39
639 40
639 41
639 42
639 43
639 44
639 45
639 46
639 47
639 48
639 49
639 50
639 51
639 52
639 53
639 54
639 55
639 56
639 57
639 58
639 59
639 60
639 61
639 62
639 63
639 64
639 65
639 66
639 67
639 68
639 69
639 70
639 71
639 72
639 73
639 74
639 75
639 76
639 77
639 78
639 79
639 80
639 81
639 82
639 83
639 84
639 85
639 86
639 87
639 88
639 89
639 90
639 91
639 92
640 93
641 94
642 95
644 96
649 97
658 98
660 99
665 100
669 101
667 102
664 103
673 104
684 105
695 106
698 107
700 108
701 109
704 110
716 111
720 112
720 113
721 114
725 115
726 116
730 117
744 118
746 119
748 120
749 121
758 122
769 123
769 124
770 125
772 126
783 127
786 128
787 129
791 130
804 131
808 132
812 133
819 134
819 135
831 136
840 137
867 138
868 139
871 140
872 141
874 142
878 143
874 144
878 145
883 146
888 147
893 148
894 149
894 150
898 151
899 152
903 153
905 154
908 155
912 156
911 157
914 158
912 159
913 160
917 161
920 162
926 163
933 164
936 165
938 166
940 167
943 168
947 169
948 170
947 171
950 172
952 173
953 174
958 175
963 176
975 177
993 178
999 179
1008 180
1010 181
1010 182
1011 183
1012 184
1013 185
1013 186
1015 187
1018 188
1021 189
1024 190
1027 191
1026 192
1036 193
1044 194
1054 195
1056 196
1054 197
1054 198
1065 199
1072 200
1085 201
1103 202
1104 203
1109 204
1119 205
1122 206
1126 207
1130 208
1136 209
1142 210
1151 211
1149 212
1149 213
1155 214
1156 215
1168 216
1172 217
1175 218
1173 219
1175 220
1176 221
1178 222
1182 223
1186 224
1184 225
1190 226
1191 227
1193 228
1196 229
1204 230
1205 231
1203 232
1209 233
1208 234
1213 235
1217 236
1223 237
1232 238
1232 239
1231 240
1229 241
1230 242
1238 243
1238 244
1260 245
1257 246
993 247
1182 248
1227 249
1139 250
1139 251
909 253
1143 254
965 256
1088 257
821 263
1137 264
962 265
1039 266
904 267
881 268
824 269
824 270
826 271
1272 279
816 280
1216 282
959 284
959 285
1215 286
1215 287
952 291
952 292
1044 295
1264 303
0 305
4 306
84 307
7 308
15 309
16 310
20 311
26 312
30 313
29 314
34 315
37 316
53 317
54 318
72 319
47 320
50 321
52 322
53 323
56 324
58 325
59 326
75 327
62 328
64 329
65 330
66 331
70 332
73 333
74 334
78 335
80 336
82 337
90 338
89 339
94 340
132 341
177 342
188 343
197 344
204 345
216 346
226 347
232 348
235 349
244 350
248 351
259 352
252 353
257 354
265 355
266 356
268 357
269 358
271 359
274 360
276 361
279 362
285 363
293 364
300 365
308 366
312 367
314 368
314 369
319 370
324 371
325 372
333 373
334 374
341 375
347 376
348 377
355 378
355 379
357 380
364 381
367 382
368 383
371 384
372 385
374 386
377 387
380 388
382 389
382 390
384 391
385 392
381 393
387 394
390 395
388 396
391 397
389 398
386 399
389 400
388 401
386 402
385 403
385 404
381 405
379 406
378 407
376 408
369 409
359 410
356 411
351 412
361 413
365 414
362 415
365 416
369 417
375 418
383 419
388 420
394 421
407 422
413 423
414 424
418 425
433 426
461 427
473 428
478 429
483 430
488 431
503 432
516 433
525 434
528 435
530 436
531 437
544 438
556 439
551 440
557 441
570 442
573 443
584 444
591 445
589 446
593 447
602 448
604 449
599 450
600 451
601 452
607 453
607 454
609 455
611 456
618 457
616 458
612 459
613 460
615 461
614 462
611 463
615 464
617 465
616 466
615 467
611 468
612 469
613 470
610 471
612 472
613 473
613 474
611 475
610 476
612 477
615 478
610 479
613 480
612 481
615 482
613 483
612 484
617 485
617 486
615 487
617 488
617 489
617 490
617 491
616 492
616 493
618 494
617 495
615 496
616 497
617 498
616 499
615 500
616 501
616 502
615 503
614 504
615 505
615 506
615 507
616 508
616 509
616 510
616 511
618 512
617 513
617 514
619 515
618 516
618 517
618 518
617 519
617 520
617 521
619 522
620 523
620 524
620 525
621 526
622 527
621 528
621 529
620 530
619 531
621 532
623 533
621 534
621 535
622 536
623 537
622 538
622 539
624 540
624 541
625 542
624 543
624 544
625 545
625 546
627 547
628 548
630 549
630 550
631 551
633 552
633 553
634 554
635 555
635 556
632 557
632 558
633 559
634 560
634 561
634 562
634 563
634 564
635 565
634 566
635 567
637 568
639 569
638 570
638 571
637 572
638 573
638 574
638 575
638 576
638 577
637 578
634 579
635 580
635 581
639 582
638 583
639 584
638 585
638 586
638 587
639 588
639 589
639 590
638 591
637 592
637 593
638 594
639 595
639 596
638 597
638 598
638 599
639 600
638 601
638 602
638 603
638 604
638 605
637 606
638 607
637 608
637 609
637 610
636 611
637 612
638 613
637 614
637 615
638 616
637 617
638 618
634 619
635 620
638 621
638 622
637 623
636 624
638 625
637 626
637 627
636 628
637 629
638 630
637 631
637 632
636 633
637 634
636 635
636 636
637 637
638 638
634 639
637 640
638 641
638 642
634 643
632 644
633 645
634 646
634 647
632 648
632 649
632 650
633 651
632 652
634 653
634 654
634 655
627 656
631 657
630 658
628 659
628 660
630 661
627 662
624 663
628 664
626 665
628 666
628 667
626 668
620 669
624 670
621 671
621 672
624 673
626 674
626 675
631 676
630 677
629 678
627 679
625 680
635 681
630 682
627 683
629 684
624 685
623 686
626 687
628 688
625 689
624 690
626 691
623 692
621 693
627 694
626 695
617 696
626 697
626 698
615 699
617 700
627 701
624 702
620 703
616 704
622 705
615 706
607 707
615 708
621 709
622 710
617 711
622 712
615 713
620 714
619 715
607 716
612 717
618 718
620 719
