639 0
639 1
639 2
639 3
639 4
639 5
639 6
639 7
639 8
639 9
639 10
639 11
639 12
639 13
639 14
639 15
639 16
639 17
639 18
639 19
639 20
639 21
639 22
639 23
639 24
639 25
639 26
639 27
639 28
639 29
639 30
639 31
639 32
639 33
639 34
639 35
639 36
639 37
639 38
639 39
639 40
639 41
639 42
639 43
639 44
639 45
639 46
639 47
639 48
639 49
639 50
639 51
639 52
639 53
639 54
639 55
639 56
639 57
639 58
639 59
639 60
639 61
639 62
639 63
639 64
639 65
639 66
639 67
639 68
639 69
639 70
639 71
639 72
639 73
639 74
639 75
639 76
639 77
639 78
639 79
639 80
639 81
639 82
639 83
639 84
639 85
639 86
639 87
639 88
639 89
639 90
639 91
639 92
640 93
642 94
643 95
643 96
651 97
654 98
660 99
670 100
671 101
667 102
668 103
680 104
695 105
694 106
692 107
697 108
704 109
706 110
713 111
720 112
724 113
729 114
732 115
734 116
738 117
743 118
746 119
750 120
757 121
764 122
768 123
767 124
771 125
775 126
781 127
788 128
787 129
790 130
798 131
812 132
814 133
817 134
823 135
826 136
842 137
861 138
870 139
871 140
871 141
873 142
876 143
876 144
879 145
882 146
887 147
892 148
893 149
894 150
896 151
899 152
901 153
902 154
909 155
911 156
912 157
911 158
913 159
917 160
919 161
915 162
925 163
935 164
935 165
939 166
939 167
944 168
945 169
946 170
948 171
949 172
953 173
954 174
958 175
965 176
980 177
990 178
999 179
1007 180
1005 181
1012 182
1010 183
1011 184
1011 185
1012 186
1015 187
1017 188
1021 189
1025 190
1028 191
1027 192
1033 193
1046 194
1053 195
1055 196
1055 197
1056 198
1065 199
1066 200
1081 201
1098 202
1104 203
1112 204
1118 205
1123 206
1126 207
1130 208
1137 209
1142 210
1151 211
1153 212
1150 213
1155 214
1163 215
1165 216
1175 217
1178 218
1165 219
1174 220
1176 221
1177 222
1172 223
1185 224
1191 225
1189 226
1194 227
1197 228
1187 229
1195 230
1204 231
1193 232
1198 233
1202 234
1209 235
1221 236
1232 237
1234 238
1229 239
1223 240
1243 241
1250 242
1241 243
1236 244
1236 245
1226 246
1097 247
1171 248
1164 249
1239 250
1207 251
1180 252
1181 253
1174 256
1239 262
1039 264
814 265
814 266
816 267
816 268
953 269
815 270
922 271
815 272
816 273
818 274
818 275
818 276
1134 277
712 278
1243 279
1243 287
807 290
944 291
944 292
895 294
0 305
3 306
5 307
10 308
14 309
64 310
62 311
76 312
73 313
45 314
34 315
38 316
42 317
43 318
46 319
48 320
51 321
52 322
55 323
56 324
64 325
60 326
61 327
62 328
63 329
65 330
67 331
68 332
71 333
73 334
79 335
84 336
88 337
86 338
90 339
102 340
141 341
183 342
193 343
213 344
223 345
235 346
232 347
231 348
253 349
258 350
255 351
260 352
262 353
263 354
266 355
268 356
271 357
277 358
282 359
280 360
292 361
288 362
290 363
305 364
315 365
319 366
314 367
318 368
321 369
327 370
326 371
332 372
335 373
340 374
349 375
352 376
352 377
354 378
362 379
363 380
363 381
365 382
368 383
372 384
375 385
376 386
378 387
379 388
377 389
379 390
379 391
386 392
385 393
385 394
383 395
383 396
383 397
381 398
380 399
380 400
379 401
377 402
371 403
368 404
366 405
359 406
354 407
358 408
353 409
354 410
363 411
361 412
363 413
370 414
373 415
383 416
391 417
394 418
403 419
406 420
410 421
412 422
413 423
414 424
413 425
427 426
458 427
477 428
479 429
492 430
492 431
510 432
520 433
520 434
526 435
531 436
544 437
543 438
542 439
556 440
564 441
568 442
577 443
583 444
579 445
581 446
594 447
603 448
611 449
607 450
609 451
608 452
607 453
606 454
614 455
615 456
614 457
613 458
615 459
615 460
617 461
615 462
615 463
619 464
618 465
615 466
618 467
615 468
612 469
614 470
611 471
612 472
614 473
612 474
612 475
612 476
612 477
613 478
613 479
614 480
616 481
616 482
617 483
615 484
617 485
618 486
618 487
618 488
618 489
619 490
619 491
619 492
617 493
617 494
618 495
616 496
616 497
616 498
616 499
616 500
617 501
617 502
615 503
616 504
616 505
619 506
617 507
616 508
616 509
617 510
616 511
618 512
618 513
617 514
618 515
617 516
617 517
618 518
617 519
619 520
620 521
621 522
623 523
621 524
621 525
622 526
621 527
619 528
622 529
623 530
620 531
621 532
623 533
623 534
621 535
624 536
623 537
623 538
623 539
624 540
624 541
625 542
625 543
627 544
627 545
627 546
627 547
629 548
629 549
631 550
632 551
633 552
632 553
634 554
635 555
635 556
635 557
634 558
634 559
634 560
634 561
634 562
634 563
634 564
634 565
634 566
634 567
635 568
638 569
638 570
639 571
638 572
638 573
636 574
636 575
636 576
636 577
637 578
637 579
638 580
638 581
638 582
639 583
639 584
638 585
638 586
638 587
639 588
638 589
638 590
638 591
638 592
638 593
638 594
639 595
639 596
638 597
638 598
638 599
638 600
638 601
639 602
638 603
638 604
635 605
637 606
637 607
636 608
636 609
637 610
638 611
638 612
638 613
638 614
635 615
637 616
638 617
638 618
637 619
636 620
638 621
637 622
635 623
637 624
638 625
637 626
638 627
638 628
637 629
638 630
636 631
635 632
636 633
637 634
638 635
637 636
636 637
638 638
637 639
636 640
636 641
636 642
635 643
634 644
633 645
634 646
634 647
634 648
635 649
634 650
631 651
633 652
634 653
632 654
630 655
631 656
633 657
630 658
631 659
632 660
629 661
631 662
623 663
616 664
623 665
625 666
624 667
628 668
626 669
631 670
622 671
624 672
633 673
631 674
630 675
630 676
629 677
630 678
626 679
629 680
631 681
631 682
631 683
631 684
629 685
630 686
622 687
628 688
628 689
622 690
622 691
620 692
618 693
622 694
619 695
615 696
617 697
616 698
623 699
623 700
624 701
624 702
620 703
621 704
622 705
616 706
610 707
618 708
617 709
614 710
613 711
616 712
618 713
620 714
618 715
616 716
615 717
616 718
615 719
