639 0
639 1
639 2
639 3
639 4
639 5
639 6
639 7
639 8
639 9
639 10
639 11
639 12
639 13
639 14
639 15
639 16
639 17
639 18
639 19
639 20
639 21
639 22
639 23
639 24
639 25
639 26
639 27
639 28
639 29
639 30
639 31
639 32
639 33
639 34
639 35
639 36
639 37
639 38
639 39
639 40
639 41
639 42
639 43
639 44
639 45
639 46
639 47
639 48
639 49
639 50
639 51
639 52
639 53
639 54
639 55
639 56
639 57
639 58
639 59
639 60
639 61
639 62
639 63
639 64
639 65
639 66
639 67
639 68
639 69
639 70
639 71
639 72
639 73
639 74
639 75
639 76
639 77
639 78
639 79
639 80
639 81
639 82
639 83
639 84
639 85
639 86
639 87
639 88
639 89
639 90
639 91
639 92
641 93
642 94
643 95
642 96
647 97
657 98
665 99
666 100
669 101
668 102
669 103
670 104
682 105
690 106
694 107
696 108
700 109
704 110
710 111
720 112
721 113
725 114
722 115
730 116
735 117
744 118
750 119
748 120
756 121
761 122
771 123
769 124
769 125
772 126
781 127
786 128
788 129
789 130
799 131
803 132
810 133
812 134
818 135
827 136
838 137
865 138
870 139
872 140
872 141
875 142
876 143
878 144
877 145
881 146
887 147
893 148
893 149
895 150
897 151
900 152
901 153
905 154
908 155
909 156
911 157
910 158
915 159
917 160
918 161
921 162
925 163
933 164
936 165
937 166
941 167
943 168
945 169
948 170
949 171
951 172
950 173
952 174
960 175
963 176
971 177
994 178
1001 179
1007 180
1008 181
1009 182
1012 183
1010 184
1012 185
1016 186
1016 187
1017 188
1022 189
1025 190
1024 191
1022 192
1035 193
1046 194
1054 195
1056 196
1056 197
1055 198
1067 199
1073 200
1090 201
1101 202
1104 203
1107 204
1119 205
1124 206
1128 207
1130 208
1136 209
1141 210
1149 211
1149 212
1152 213
1155 214
1159 215
1165 216
1176 217
1175 218
1170 219
1168 220
1174 221
1173 222
1177 223
1182 224
1177 225
1184 226
1194 227
1196 228
1199 229
1204 230
1207 231
1195 232
1208 233
1204 234
1203 235
1203 236
1225 237
1233 238
1230 239
1238 240
1248 241
1252 242
1253 243
1257 244
1257 245
1269 246
1263 247
1202 248
1250 249
1239 250
1273 251
1243 252
1160 253
1028 254
991 255
1275 256
1279 258
1245 263
1261 264
822 265
822 266
990 267
1058 268
822 269
824 270
827 271
826 272
826 273
826 274
827 275
1271 280
1240 285
815 293
970 294
951 295
1 305
4 306
4 307
8 308
14 309
18 310
24 311
26 312
30 313
32 314
36 315
37 316
42 317
45 318
54 319
57 320
59 321
61 322
77 323
93 324
64 325
81 326
75 327
62 328
63 329
65 330
67 331
69 332
72 333
74 334
78 335
79 336
82 337
86 338
90 339
92 340
120 341
170 342
178 343
197 344
198 345
207 346
214 347
227 348
233 349
234 350
238 351
248 352
258 353
259 354
260 355
268 356
268 357
267 358
267 359
271 360
280 361
281 362
281 363
297 364
305 365
309 366
315 367
322 368
319 369
317 370
322 371
324 372
329 373
333 374
337 375
340 376
340 377
349 378
359 379
363 380
364 381
365 382
367 383
368 384
372 385
374 386
379 387
381 388
379 389
384 390
382 391
383 392
383 393
385 394
387 395
387 396
387 397
387 398
389 399
388 400
389 401
390 402
386 403
382 404
384 405
380 406
377 407
381 408
379 409
366 410
359 411
368 412
363 413
363 414
365 415
367 416
367 417
367 418
370 419
380 420
390 421
395 422
409 423
413 424
416 425
435 426
459 427
478 428
479 429
479 430
482 431
495 432
496 433
513 434
534 435
538 436
540 437
543 438
550 439
555 440
557 441
562 442
569 443
579 444
585 445
593 446
588 447
590 448
590 449
605 450
609 451
606 452
603 453
604 454
601 455
606 456
614 457
611 458
611 459
615 460
610 461
610 462
611 463
617 464
615 465
609 466
614 467
610 468
607 469
612 470
610 471
610 472
613 473
611 474
607 475
611 476
611 477
613 478
611 479
615 480
615 481
614 482
611 483
615 484
612 485
615 486
614 487
617 488
617 489
618 490
618 491
618 492
617 493
616 494
616 495
616 496
618 497
617 498
616 499
615 500
615 501
614 502
614 503
613 504
614 505
613 506
615 507
615 508
614 509
615 510
616 511
615 512
616 513
617 514
616 515
615 516
617 517
617 518
617 519
618 520
617 521
616 522
618 523
620 524
622 525
622 526
622 527
623 528
622 529
620 530
620 531
620 532
622 533
622 534
621 535
621 536
622 537
621 538
621 539
622 540
622 541
624 542
624 543
625 544
625 545
624 546
625 547
627 548
628 549
630 550
630 551
631 552
633 553
634 554
634 555
634 556
635 557
634 558
632 559
632 560
634 561
634 562
633 563
633 564
634 565
634 566
633 567
635 568
636 569
638 570
638 571
639 572
638 573
639 574
639 575
638 576
638 577
639 578
637 579
635 580
636 581
637 582
636 583
638 584
637 585
637 586
638 587
638 588
638 589
638 590
638 591
638 592
639 593
637 594
638 595
639 596
638 597
638 598
638 599
638 600
639 601
638 602
638 603
638 604
638 605
638 606
636 607
638 608
636 609
637 610
636 611
638 612
637 613
638 614
638 615
637 616
639 617
638 618
637 619
636 620
635 621
636 622
637 623
637 624
636 625
637 626
637 627
636 628
636 629
636 630
636 631
637 632
638 633
636 634
636 635
638 636
634 637
638 638
635 639
636 640
637 641
636 642
635 643
637 644
634 645
633 646
633 647
632 648
634 649
630 650
630 651
630 652
631 653
631 654
632 655
628 656
627 657
629 658
633 659
630 660
630 661
628 662
626 663
625 664
626 665
628 666
627 667
625 668
623 669
622 670
620 671
621 672
622 673
625 674
629 675
628 676
631 677
627 678
616 679
625 680
627 681
623 682
622 683
626 684
625 685
626 686
628 687
630 688
627 689
627 690
625 691
621 692
626 693
628 694
619 695
624 696
627 697
625 698
624 699
619 700
625 701
619 702
617 703
616 704
622 705
617 706
611 707
623 708
618 709
615 710
616 711
612 712
608 713
612 714
611 715
612 716
604 717
605 718
614 719
