639 0
639 1
639 2
639 3
639 4
639 5
639 6
639 7
639 8
639 9
639 10
639 11
639 12
639 13
639 14
639 15
639 16
639 17
639 18
639 19
639 20
639 21
639 22
639 23
639 24
639 25
639 26
639 27
639 28
639 29
639 30
639 31
639 32
639 33
639 34
639 35
639 36
639 37
639 38
639 39
639 40
639 41
639 42
639 43
639 44
639 45
639 46
639 47
639 48
639 49
639 50
639 51
639 52
639 53
639 54
639 55
639 56
639 57
639 58
639 59
639 60
639 61
639 62
639 63
639 64
639 65
639 66
639 67
639 68
639 69
639 70
639 71
639 72
639 73
639 74
639 75
639 76
639 77
639 78
639 79
639 80
639 81
639 82
639 83
639 84
639 85
639 86
639 87
639 88
639 89
639 90
639 91
639 92
640 93
641 94
641 95
644 96
651 97
657 98
663 99
670 100
674 101
671 102
670 103
683 104
691 105
697 106
700 107
705 108
704 109
712 110
720 111
724 112
728 113
734 114
732 115
733 116
743 117
750 118
752 119
754 120
760 121
763 122
770 123
770 124
772 125
776 126
786 127
790 128
791 129
793 130
807 131
817 132
816 133
822 134
823 135
830 136
845 137
863 138
869 139
874 140
875 141
876 142
878 143
880 144
880 145
883 146
890 147
892 148
893 149
894 150
898 151
899 152
901 153
905 154
908 155
910 156
911 157
912 158
914 159
915 160
919 161
922 162
928 163
935 164
936 165
938 166
942 167
942 168
948 169
950 170
949 171
950 172
953 173
954 174
960 175
964 176
976 177
991 178
1003 179
1007 180
1009 181
1009 182
1012 183
1017 184
1017 185
1019 186
1019 187
1020 188
1022 189
1026 190
1027 191
1025 192
1035 193
1048 194
1055 195
1059 196
1059 197
1060 198
1071 199
1079 200
1095 201
1105 202
1111 203
1118 204
1118 205
1119 206
1125 207
1129 208
1136 209
1142 210
1149 211
1154 212
1152 213
1152 214
1156 215
1169 216
1175 217
1178 218
1175 219
1170 220
1177 221
1176 222
1184 223
1188 224
1191 225
1190 226
1192 227
1196 228
1197 229
1203 230
1210 231
1213 232
1217 233
1210 234
1216 235
1223 236
1228 237
1236 238
1233 239
1228 240
1243 241
1251 242
1257 243
1263 244
1235 245
1209 246
1235 247
1055 248
944 249
926 250
1186 251
998 253
1088 254
1089 255
1004 256
1004 257
1227 258
1278 259
1278 260
1024 261
1159 263
1257 264
1242 265
1230 266
1243 267
1252 268
1232 269
1033 271
978 273
978 274
1023 279
1208 287
1063 288
1196 296
1196 297
923 298
1121 304
1121 305
563 306
284 307
232 308
92 309
53 310
74 311
122 312
69 313
48 314
39 315
43 316
64 317
65 318
57 319
58 320
49 321
53 322
53 323
55 324
57 325
60 326
60 327
62 328
63 329
64 330
81 331
101 332
95 333
84 334
98 335
90 336
94 337
87 338
90 339
92 340
113 341
171 342
177 343
184 344
192 345
197 346
199 347
201 348
203 349
209 350
210 351
212 352
214 353
215 354
217 355
218 356
219 357
223 358
225 359
225 360
229 361
235 362
242 363
245 364
253 365
256 366
258 367
261 368
262 369
262 370
267 371
268 372
270 373
271 374
271 375
276 376
278 377
281 378
287 379
287 380
289 381
291 382
290 383
296 384
297 385
299 386
300 387
303 388
305 389
306 390
309 391
309 392
314 393
313 394
314 395
315 396
319 397
320 398
325 399
330 400
329 401
332 402
336 403
337 404
335 405
338 406
348 407
340 408
346 409
349 410
347 411
345 412
348 413
349 414
349 415
356 416
356 417
358 418
363 419
369 420
374 421
382 422
380 423
382 424
384 425
386 426
397 427
406 428
409 429
406 430
408 431
412 432
412 433
416 434
416 435
415 436
420 437
420 438
439 439
437 440
444 441
460 442
461 443
466 444
463 445
471 446
492 447
490 448
511 449
515 450
515 451
505 452
507 453
517 454
506 455
511 456
510 457
512 458
509 459
510 460
518 461
521 462
526 463
523 464
528 465
527 466
523 467
523 468
527 469
526 470
531 471
529 472
522 473
518 474
516 475
507 476
507 477
514 478
516 479
515 480
522 481
524 482
531 483
539 484
548 485
556 486
559 487
561 488
564 489
567 490
570 491
571 492
571 493
567 494
563 495
565 496
571 497
571 498
569 499
570 500
571 501
566 502
564 503
562 504
563 505
564 506
566 507
570 508
575 509
580 510
583 511
584 512
585 513
593 514
594 515
592 516
590 517
591 518
589 519
590 520
594 521
592 522
593 523
592 524
590 525
593 526
596 527
598 528
599 529
602 530
602 531
602 532
600 533
602 534
604 535
601 536
602 537
603 538
601 539
600 540
599 541
600 542
600 543
601 544
602 545
601 546
600 547
601 548
600 549
601 550
602 551
601 552
599 553
599 554
600 555
602 556
602 557
600 558
602 559
598 560
599 561
600 562
597 563
597 564
599 565
601 566
601 567
599 568
597 569
596 570
594 571
594 572
593 573
592 574
591 575
591 576
594 577
595 578
596 579
596 580
596 581
597 582
600 583
598 584
596 585
595 586
599 587
598 588
602 589
600 590
599 591
599 592
596 593
599 594
600 595
597 596
599 597
603 598
606 599
607 600
609 601
609 602
611 603
614 604
615 605
619 606
620 607
620 608
619 609
619 610
621 611
620 612
622 613
622 614
620 615
624 616
632 617
635 618
633 619
632 620
632 621
631 622
627 623
632 624
630 625
631 626
633 627
630 628
629 629
630 630
630 631
632 632
630 633
631 634
630 635
629 636
623 637
623 638
623 639
628 640
626 641
627 642
625 643
627 644
627 645
629 646
626 647
623 648
625 649
625 650
623 651
622 652
616 653
619 654
617 655
618 656
623 657
623 658
617 659
623 660
623 661
626 662
620 663
621 664
626 665
624 666
624 667
622 668
624 669
623 670
619 671
618 672
625 673
622 674
624 675
621 676
620 677
617 678
616 679
618 680
616 681
616 682
612 683
608 684
606 685
613 686
610 687
614 688
616 689
612 690
609 691
604 692
602 693
607 694
599 695
601 696
595 697
588 698
589 699
596 700
601 701
602 702
594 703
594 704
597 705
597 706
593 707
590 708
592 709
588 710
584 711
574 712
573 713
579 714
579 715
567 716
569 717
581 718
580 719
