639 0
639 1
639 2
639 3
639 4
639 5
639 6
639 7
639 8
639 9
639 10
639 11
639 12
639 13
639 14
639 15
639 16
639 17
639 18
639 19
639 20
639 21
639 22
639 23
639 24
639 25
639 26
639 27
639 28
639 29
639 30
639 31
639 32
639 33
639 34
639 35
639 36
639 37
639 38
639 39
639 40
639 41
639 42
639 43
639 44
639 45
639 46
639 47
639 48
639 49
639 50
639 51
639 52
639 53
639 54
639 55
639 56
639 57
639 58
639 59
639 60
639 61
639 62
639 63
639 64
639 65
639 66
639 67
639 68
639 69
639 70
639 71
639 72
639 73
639 74
639 75
639 76
639 77
639 78
639 79
639 80
639 81
639 82
639 83
639 84
639 85
639 86
639 87
639 88
639 89
639 90
639 91
639 92
640 93
642 94
642 95
642 96
647 97
663 98
665 99
671 100
666 101
663 102
662 103
681 104
691 105
697 106
700 107
702 108
702 109
714 110
720 111
721 112
722 113
721 114
719 115
728 116
737 117
746 118
752 119
754 120
756 121
764 122
770 123
768 124
770 125
773 126
783 127
787 128
788 129
792 130
801 131
809 132
813 133
815 134
818 135
829 136
838 137
866 138
868 139
870 140
872 141
874 142
876 143
877 144
879 145
882 146
887 147
892 148
893 149
894 150
898 151
900 152
901 153
905 154
909 155
911 156
911 157
912 158
912 159
917 160
919 161
918 162
925 163
934 164
936 165
937 166
940 167
942 168
945 169
948 170
949 171
950 172
951 173
954 174
958 175
968 176
980 177
990 178
1001 179
1009 180
1009 181
1011 182
1013 183
1012 184
1014 185
1017 186
1015 187
1018 188
1022 189
1023 190
1025 191
1024 192
1040 193
1050 194
1055 195
1056 196
1056 197
1056 198
1066 199
1072 200
1087 201
1101 202
1106 203
1110 204
1121 205
1124 206
1128 207
1128 208
1137 209
1142 210
1151 211
1152 212
1152 213
1151 214
1163 215
1167 216
1173 217
1175 218
1172 219
1168 220
1174 221
1177 222
1181 223
1180 224
1189 225
1189 226
1195 227
1196 228
1199 229
1205 230
1200 231
1207 232
1206 233
1201 234
1207 235
1216 236
1212 237
1211 238
1205 239
1217 240
1226 241
1232 242
1244 243
1263 244
1270 245
1272 246
1239 247
1161 248
1039 249
1124 250
1032 253
1159 260
824 264
824 265
825 266
933 267
845 268
896 269
910 270
931 271
940 272
830 273
829 274
829 275
832 277
832 278
940 279
1196 284
1191 296
1200 303
1179 304
2 305
2 306
7 307
12 308
14 309
18 310
22 311
46 312
45 313
32 314
36 315
62 316
63 317
64 318
76 319
56 320
51 321
52 322
61 323
72 324
73 325
59 326
61 327
62 328
63 329
65 330
68 331
69 332
72 333
75 334
78 335
80 336
83 337
87 338
90 339
96 340
130 341
175 342
183 343
193 344
206 345
204 346
204 347
217 348
228 349
230 350
241 351
246 352
248 353
265 354
264 355
265 356
264 357
271 358
276 359
274 360
279 361
286 362
286 363
297 364
300 365
304 366
319 367
316 368
317 369
317 370
323 371
323 372
330 373
332 374
337 375
338 376
350 377
349 378
357 379
365 380
364 381
365 382
369 383
370 384
370 385
372 386
376 387
378 388
378 389
377 390
377 391
382 392
387 393
389 394
386 395
390 396
390 397
392 398
390 399
389 400
389 401
387 402
389 403
387 404
386 405
381 406
378 407
377 408
375 409
372 410
365 411
363 412
365 413
370 414
364 415
365 416
365 417
365 418
371 419
372 420
379 421
388 422
396 423
408 424
409 425
433 426
450 427
467 428
471 429
478 430
479 431
490 432
501 433
522 434
529 435
535 436
539 437
540 438
543 439
548 440
559 441
564 442
573 443
578 444
581 445
580 446
594 447
598 448
601 449
599 450
606 451
606 452
607 453
609 454
603 455
608 456
608 457
610 458
614 459
612 460
613 461
619 462
616 463
619 464
617 465
614 466
615 467
614 468
613 469
614 470
610 471
612 472
613 473
613 474
611 475
612 476
613 477
612 478
612 479
613 480
613 481
612 482
613 483
614 484
614 485
614 486
614 487
616 488
616 489
614 490
616 491
617 492
617 493
617 494
617 495
616 496
615 497
617 498
616 499
615 500
614 501
615 502
612 503
615 504
614 505
616 506
615 507
615 508
614 509
613 510
616 511
615 512
615 513
616 514
617 515
616 516
615 517
616 518
615 519
617 520
616 521
615 522
617 523
617 524
619 525
621 526
623 527
621 528
621 529
622 530
621 531
620 532
621 533
621 534
621 535
621 536
621 537
621 538
622 539
623 540
623 541
624 542
623 543
624 544
624 545
625 546
625 547
626 548
627 549
627 550
628 551
628 552
630 553
632 554
634 555
634 556
633 557
634 558
633 559
633 560
634 561
634 562
634 563
634 564
633 565
634 566
633 567
634 568
634 569
637 570
638 571
637 572
635 573
637 574
637 575
638 576
637 577
638 578
638 579
636 580
635 581
636 582
635 583
636 584
638 585
638 586
637 587
638 588
638 589
639 590
637 591
636 592
638 593
637 594
638 595
638 596
638 597
638 598
637 599
638 600
639 601
638 602
637 603
638 604
637 605
637 606
639 607
637 608
638 609
638 610
638 611
639 612
636 613
636 614
639 615
637 616
638 617
638 618
637 619
637 620
636 621
638 622
636 623
637 624
638 625
636 626
635 627
635 628
635 629
635 630
635 631
635 632
636 633
636 634
637 635
636 636
638 637
636 638
636 639
634 640
636 641
635 642
635 643
635 644
633 645
633 646
629 647
634 648
632 649
631 650
632 651
631 652
630 653
635 654
635 655
630 656
631 657
631 658
630 659
630 660
631 661
630 662
631 663
630 664
629 665
630 666
626 667
624 668
627 669
626 670
622 671
620 672
619 673
621 674
625 675
629 676
629 677
631 678
620 679
625 680
632 681
633 682
630 683
628 684
624 685
621 686
625 687
628 688
627 689
623 690
623 691
622 692
621 693
627 694
617 695
626 696
625 697
616 698
624 699
626 700
621 701
615 702
607 703
613 704
617 705
617 706
612 707
621 708
623 709
621 710
613 711
609 712
609 713
614 714
612 715
606 716
608 717
609 718
612 719
