639 0
639 1
639 2
639 3
639 4
639 5
639 6
639 7
639 8
639 9
639 10
639 11
639 12
639 13
639 14
639 15
639 16
639 17
639 18
639 19
639 20
639 21
639 22
639 23
639 24
639 25
639 26
639 27
639 28
639 29
639 30
639 31
639 32
639 33
639 34
639 35
639 36
639 37
639 38
639 39
639 40
639 41
639 42
639 43
639 44
639 45
639 46
639 47
639 48
639 49
639 50
639 51
639 52
639 53
639 54
639 55
639 56
639 57
639 58
639 59
639 60
639 61
639 62
639 63
639 64
639 65
639 66
639 67
639 68
639 69
639 70
639 71
639 72
639 73
639 74
639 75
639 76
639 77
639 78
639 79
639 80
639 81
639 82
639 83
639 84
639 85
639 86
639 87
639 88
639 89
639 90
639 91
639 92
640 93
641 94
642 95
643 96
652 97
659 98
659 99
668 100
672 101
669 102
677 103
673 104
686 105
692 106
698 107
701 108
701 109
708 110
715 111
717 112
722 113
722 114
724 115
726 116
731 117
742 118
748 119
749 120
756 121
762 122
768 123
769 124
769 125
772 126
782 127
787 128
788 129
791 130
806 131
811 132
813 133
816 134
822 135
834 136
842 137
860 138
866 139
870 140
875 141
876 142
877 143
879 144
877 145
880 146
888 147
891 148
893 149
897 150
898 151
899 152
901 153
904 154
906 155
912 156
913 157
911 158
915 159
916 160
918 161
919 162
924 163
932 164
935 165
937 166
939 167
944 168
947 169
948 170
947 171
948 172
951 173
956 174
961 175
964 176
973 177
993 178
999 179
1007 180
1009 181
1010 182
1010 183
1011 184
1012 185
1015 186
1017 187
1018 188
1020 189
1024 190
1025 191
1025 192
1037 193
1048 194
1053 195
1054 196
1054 197
1058 198
1067 199
1073 200
1088 201
1098 202
1100 203
1110 204
1117 205
1125 206
1128 207
1130 208
1138 209
1141 210
1149 211
1151 212
1149 213
1149 214
1158 215
1168 216
1175 217
1166 218
1159 219
1176 220
1176 221
1178 222
1175 223
1185 224
1190 225
1191 226
1193 227
1192 228
1191 229
1200 230
1208 231
1201 232
1211 233
1215 234
1211 235
1219 236
1220 237
1224 238
1225 239
1208 240
1220 241
1233 242
1247 243
1247 244
1222 245
1236 246
1227 247
1238 248
1166 249
1116 250
1019 251
1044 252
1174 253
1055 255
1106 256
1136 257
1208 261
1025 266
827 267
978 268
919 269
829 270
945 271
830 272
1220 273
1225 274
1223 277
727 279
949 299
975 304
487 305
2 306
5 307
10 308
14 309
17 310
22 311
24 312
29 313
45 314
36 315
39 316
42 317
44 318
59 319
67 320
59 321
52 322
79 323
72 324
73 325
59 326
69 327
69 328
70 329
65 330
74 331
74 332
72 333
75 334
83 335
91 336
82 337
87 338
89 339
94 340
145 341
179 342
191 343
199 344
212 345
224 346
229 347
232 348
242 349
252 350
256 351
258 352
254 353
257 354
261 355
261 356
266 357
273 358
275 359
279 360
281 361
287 362
286 363
298 364
306 365
315 366
312 367
313 368
317 369
325 370
326 371
325 372
330 373
334 374
338 375
345 376
348 377
354 378
366 379
368 380
366 381
368 382
369 383
373 384
375 385
377 386
380 387
380 388
383 389
385 390
387 391
386 392
386 393
391 394
391 395
391 396
389 397
387 398
387 399
387 400
387 401
387 402
382 403
380 404
381 405
379 406
374 407
372 408
367 409
361 410
363 411
367 412
365 413
365 414
367 415
375 416
374 417
371 418
379 419
396 420
407 421
419 422
417 423
417 424
418 425
436 426
449 427
461 428
476 429
480 430
483 431
496 432
508 433
516 434
529 435
533 436
537 437
536 438
545 439
554 440
557 441
567 442
580 443
579 444
582 445
590 446
599 447
588 448
601 449
605 450
607 451
606 452
606 453
604 454
598 455
603 456
607 457
613 458
615 459
611 460
613 461
613 462
617 463
616 464
619 465
617 466
616 467
616 468
616 469
615 470
614 471
611 472
609 473
610 474
611 475
612 476
612 477
613 478
612 479
609 480
611 481
611 482
614 483
614 484
612 485
615 486
614 487
615 488
615 489
615 490
617 491
616 492
615 493
615 494
615 495
617 496
617 497
616 498
616 499
614 500
615 501
615 502
613 503
616 504
615 505
614 506
614 507
613 508
614 509
614 510
615 511
616 512
615 513
615 514
615 515
615 516
614 517
616 518
614 519
616 520
616 521
617 522
619 523
619 524
620 525
620 526
621 527
620 528
620 529
620 530
620 531
622 532
622 533
620 534
619 535
621 536
622 537
623 538
623 539
622 540
621 541
622 542
624 543
624 544
623 545
623 546
623 547
625 548
626 549
628 550
630 551
632 552
630 553
632 554
634 555
632 556
634 557
634 558
634 559
634 560
634 561
634 562
632 563
632 564
633 565
634 566
633 567
634 568
634 569
635 570
637 571
638 572
638 573
638 574
637 575
638 576
637 577
635 578
635 579
636 580
637 581
639 582
637 583
637 584
636 585
638 586
638 587
638 588
638 589
638 590
639 591
638 592
638 593
637 594
639 595
639 596
638 597
639 598
638 599
638 600
638 601
638 602
639 603
638 604
638 605
638 606
638 607
637 608
638 609
637 610
637 611
638 612
636 613
638 614
636 615
636 616
637 617
638 618
637 619
638 620
638 621
637 622
637 623
637 624
638 625
638 626
637 627
636 628
638 629
638 630
638 631
638 632
637 633
637 634
636 635
636 636
637 637
638 638
638 639
636 640
638 641
636 642
632 643
633 644
636 645
633 646
631 647
633 648
632 649
631 650
633 651
632 652
631 653
632 654
629 655
629 656
632 657
631 658
630 659
631 660
630 661
631 662
622 663
625 664
628 665
626 666
628 667
626 668
622 669
623 670
617 671
624 672
628 673
632 674
632 675
631 676
626 677
622 678
620 679
626 680
629 681
629 682
629 683
623 684
620 685
622 686
623 687
623 688
625 689
622 690
622 691
622 692
624 693
629 694
624 695
623 696
628 697
626 698
624 699
617 700
614 701
621 702
616 703
614 704
619 705
612 706
612 707
616 708
626 709
624 710
616 711
613 712
616 713
613 714
614 715
615 716
603 717
605 718
610 719
