639 0
639 1
639 2
639 3
639 4
639 5
639 6
639 7
639 8
639 9
639 10
639 11
639 12
639 13
639 14
639 15
639 16
639 17
639 18
639 19
639 20
639 21
639 22
639 23
639 24
639 25
639 26
639 27
639 28
639 29
639 30
639 31
639 32
639 33
639 34
639 35
639 36
639 37
639 38
639 39
639 40
639 41
639 42
639 43
639 44
639 45
639 46
639 47
639 48
639 49
639 50
639 51
639 52
639 53
639 54
639 55
639 56
639 57
639 58
639 59
639 60
639 61
639 62
639 63
639 64
639 65
639 66
639 67
639 68
639 69
639 70
639 71
639 72
639 73
639 74
639 75
639 76
639 77
639 78
639 79
639 80
639 81
639 82
639 83
639 84
639 85
639 86
639 87
639 88
639 89
639 90
639 91
640 92
640 93
641 94
642 95
647 96
652 97
664 98
662 99
669 100
670 101
666 102
670 103
675 104
686 105
692 106
695 107
700 108
705 109
708 110
715 111
715 112
719 113
726 114
727 115
726 116
738 117
744 118
742 119
747 120
751 121
761 122
767 123
768 124
770 125
771 126
778 127
788 128
788 129
792 130
803 131
807 132
811 133
819 134
820 135
832 136
840 137
859 138
866 139
868 140
871 141
875 142
874 143
875 144
879 145
883 146
889 147
892 148
894 149
895 150
897 151
899 152
903 153
906 154
909 155
911 156
912 157
912 158
915 159
915 160
917 161
918 162
925 163
934 164
936 165
938 166
942 167
942 168
945 169
948 170
946 171
949 172
951 173
956 174
959 175
965 176
969 177
987 178
996 179
1003 180
1008 181
1010 182
1010 183
1013 184
1013 185
1017 186
1016 187
1017 188
1021 189
1027 190
1026 191
1027 192
1038 193
1046 194
1055 195
1056 196
1055 197
1054 198
1063 199
1069 200
1093 201
1103 202
1105 203
1111 204
1120 205
1123 206
1128 207
1131 208
1137 209
1142 210
1150 211
1149 212
1155 213
1154 214
1155 215
1168 216
1175 217
1176 218
1174 219
1175 220
1176 221
1175 222
1179 223
1171 224
1190 225
1191 226
1193 227
1195 228
1201 229
1204 230
1192 231
1199 232
1197 233
1194 234
1209 235
1218 236
1229 237
1235 238
1238 239
1242 240
1236 241
1233 242
1239 243
1262 244
1261 245
1243 246
1151 247
1178 248
1273 249
1269 250
1264 251
1175 255
1241 256
1225 257
1256 258
1256 259
1032 263
1247 264
1237 265
951 266
825 267
825 268
908 269
824 270
828 272
826 273
826 274
1081 275
830 276
827 277
1262 278
712 290
982 292
987 293
969 294
969 295
943 301
942 302
4 306
7 307
12 308
15 309
17 310
22 311
60 312
44 313
31 314
36 315
39 316
41 317
44 318
46 319
49 320
51 321
53 322
56 323
56 324
57 325
60 326
60 327
61 328
63 329
66 330
68 331
69 332
77 333
79 334
86 335
85 336
98 337
99 338
93 339
97 340
141 341
173 342
184 343
207 344
208 345
220 346
229 347
235 348
244 349
250 350
254 351
262 352
257 353
259 354
260 355
267 356
272 357
274 358
270 359
282 360
276 361
283 362
292 363
298 364
306 365
316 366
318 367
320 368
320 369
320 370
324 371
332 372
340 373
345 374
345 375
352 376
351 377
356 378
359 379
364 380
365 381
367 382
373 383
372 384
373 385
377 386
379 387
380 388
380 389
383 390
386 391
387 392
388 393
390 394
393 395
390 396
388 397
385 398
382 399
388 400
385 401
385 402
382 403
377 404
378 405
376 406
371 407
369 408
371 409
362 410
365 411
361 412
365 413
366 414
372 415
377 416
378 417
388 418
394 419
405 420
408 421
409 422
413 423
415 424
414 425
430 426
453 427
472 428
473 429
477 430
485 431
502 432
514 433
522 434
529 435
534 436
541 437
543 438
546 439
549 440
554 441
568 442
581 443
576 444
581 445
599 446
599 447
599 448
601 449
600 450
605 451
602 452
602 453
603 454
611 455
614 456
617 457
620 458
615 459
616 460
618 461
614 462
613 463
615 464
613 465
612 466
617 467
615 468
612 469
613 470
610 471
615 472
611 473
614 474
615 475
612 476
612 477
612 478
611 479
611 480
615 481
614 482
614 483
614 484
616 485
617 486
616 487
616 488
617 489
617 490
616 491
618 492
618 493
618 494
617 495
615 496
616 497
615 498
615 499
614 500
613 501
614 502
615 503
615 504
615 505
616 506
616 507
616 508
616 509
616 510
615 511
616 512
616 513
615 514
616 515
617 516
616 517
616 518
617 519
617 520
617 521
619 522
619 523
621 524
621 525
621 526
621 527
622 528
620 529
619 530
619 531
620 532
622 533
623 534
622 535
623 536
623 537
622 538
622 539
623 540
624 541
625 542
625 543
626 544
625 545
625 546
626 547
627 548
631 549
633 550
631 551
632 552
635 553
635 554
634 555
635 556
636 557
634 558
633 559
634 560
634 561
635 562
635 563
635 564
635 565
634 566
635 567
636 568
638 569
638 570
638 571
637 572
638 573
637 574
636 575
635 576
636 577
635 578
637 579
639 580
638 581
638 582
638 583
639 584
637 585
638 586
638 587
638 588
638 589
639 590
638 591
638 592
638 593
638 594
638 595
639 596
638 597
639 598
637 599
637 600
639 601
638 602
638 603
638 604
638 605
638 606
638 607
638 608
636 609
637 610
637 611
637 612
638 613
638 614
636 615
638 616
639 617
638 618
637 619
637 620
638 621
636 622
636 623
638 624
638 625
638 626
637 627
636 628
637 629
637 630
635 631
636 632
637 633
636 634
637 635
637 636
635 637
637 638
637 639
637 640
635 641
636 642
635 643
633 644
633 645
634 646
629 647
632 648
634 649
634 650
634 651
633 652
631 653
631 654
630 655
630 656
633 657
633 658
631 659
629 660
629 661
630 662
627 663
627 664
624 665
622 666
624 667
628 668
622 669
621 670
618 671
623 672
630 673
632 674
630 675
628 676
628 677
627 678
627 679
631 680
632 681
626 682
629 683
628 684
625 685
629 686
630 687
629 688
631 689
627 690
621 691
624 692
626 693
624 694
623 695
612 696
622 697
622 698
623 699
624 700
628 701
629 702
618 703
624 704
623 705
616 706
624 707
626 708
626 709
624 710
617 711
619 712
619 713
619 714
616 715
614 716
607 717
606 718
610 719
