639 0
639 1
639 2
639 3
639 4
639 5
639 6
639 7
639 8
639 9
639 10
639 11
639 12
639 13
639 14
639 15
639 16
639 17
639 18
639 19
639 20
639 21
639 22
639 23
639 24
639 25
639 26
639 27
639 28
639 29
639 30
639 31
639 32
639 33
639 34
639 35
639 36
639 37
639 38
639 39
639 40
639 41
639 42
639 43
639 44
639 45
639 46
639 47
639 48
639 49
639 50
639 51
639 52
639 53
639 54
639 55
639 56
639 57
639 58
639 59
639 60
639 61
639 62
639 63
639 64
639 65
639 66
639 67
639 68
639 69
639 70
639 71
639 72
639 73
639 74
639 75
639 76
639 77
639 78
639 79
639 80
639 81
639 82
639 83
639 84
639 85
639 86
639 87
639 88
639 89
639 90
639 91
639 92
641 93
642 94
643 95
646 96
654 97
661 98
664 99
675 100
672 101
668 102
667 103
683 104
691 105
695 106
691 107
695 108
702 109
704 110
719 111
720 112
726 113
722 114
720 115
727 116
743 117
746 118
746 119
748 120
760 121
762 122
770 123
770 124
771 125
772 126
782 127
785 128
787 129
789 130
802 131
810 132
809 133
814 134
819 135
829 136
846 137
865 138
869 139
871 140
870 141
875 142
877 143
877 144
879 145
884 146
889 147
891 148
893 149
895 150
898 151
900 152
901 153
907 154
910 155
910 156
910 157
912 158
914 159
916 160
916 161
920 162
925 163
932 164
936 165
937 166
939 167
941 168
945 169
948 170
946 171
948 172
951 173
957 174
959 175
966 176
973 177
990 178
997 179
1007 180
1010 181
1009 182
1011 183
1012 184
1016 185
1016 186
1015 187
1016 188
1022 189
1025 190
1028 191
1026 192
1036 193
1047 194
1054 195
1056 196
1056 197
1058 198
1064 199
1071 200
1088 201
1100 202
1111 203
1114 204
1122 205
1125 206
1127 207
1131 208
1136 209
1143 210
1146 211
1148 212
1152 213
1154 214
1167 215
1169 216
1174 217
1175 218
1172 219
1173 220
1176 221
1178 222
1176 223
1186 224
1189 225
1190 226
1195 227
1198 228
1198 229
1206 230
1206 231
1200 232
1204 233
1201 234
1188 235
1200 236
1215 237
1231 238
1217 239
1207 240
1222 241
1245 242
1251 243
1259 244
1260 245
1261 246
1109 247
1174 248
1034 249
1034 250
994 251
1039 252
1178 255
1094 256
1186 257
1232 258
772 261
1272 262
1232 263
1018 264
822 265
823 266
1027 267
960 268
891 269
824 270
917 271
825 272
825 273
825 274
1150 275
828 276
828 277
829 278
1196 280
1261 283
1258 284
1238 285
951 288
951 289
4 306
6 307
11 308
15 309
19 310
23 311
28 312
29 313
30 314
36 315
40 316
41 317
44 318
55 319
48 320
51 321
52 322
63 323
63 324
73 325
59 326
61 327
61 328
63 329
65 330
68 331
69 332
72 333
75 334
77 335
79 336
83 337
87 338
89 339
98 340
155 341
178 342
183 343
198 344
200 345
204 346
215 347
227 348
230 349
239 350
248 351
256 352
259 353
265 354
266 355
266 356
266 357
273 358
275 359
277 360
280 361
285 362
288 363
297 364
302 365
304 366
311 367
312 368
312 369
319 370
320 371
326 372
331 373
336 374
339 375
340 376
350 377
355 378
360 379
366 380
367 381
366 382
365 383
370 384
372 385
374 386
375 387
378 388
376 389
376 390
382 391
385 392
382 393
385 394
388 395
387 396
387 397
386 398
385 399
385 400
384 401
384 402
386 403
385 404
379 405
378 406
379 407
374 408
372 409
363 410
356 411
354 412
358 413
365 414
363 415
367 416
367 417
376 418
374 419
385 420
390 421
407 422
413 423
407 424
411 425
428 426
459 427
475 428
488 429
495 430
490 431
500 432
507 433
513 434
529 435
534 436
532 437
542 438
544 439
548 440
558 441
568 442
575 443
586 444
584 445
588 446
595 447
593 448
601 449
600 450
595 451
599 452
595 453
605 454
604 455
615 456
617 457
616 458
614 459
617 460
619 461
617 462
615 463
619 464
620 465
616 466
615 467
615 468
612 469
613 470
612 471
613 472
614 473
614 474
612 475
613 476
612 477
609 478
613 479
613 480
614 481
612 482
614 483
613 484
614 485
616 486
615 487
615 488
617 489
617 490
617 491
617 492
618 493
618 494
616 495
615 496
615 497
615 498
615 499
614 500
613 501
615 502
614 503
615 504
614 505
615 506
615 507
615 508
615 509
616 510
616 511
617 512
616 513
616 514
615 515
617 516
618 517
618 518
618 519
618 520
616 521
617 522
619 523
620 524
620 525
621 526
620 527
622 528
623 529
623 530
621 531
621 532
620 533
619 534
621 535
621 536
622 537
622 538
622 539
622 540
622 541
623 542
624 543
625 544
626 545
626 546
626 547
627 548
629 549
630 550
629 551
632 552
634 553
635 554
633 555
632 556
634 557
635 558
634 559
632 560
635 561
635 562
634 563
634 564
635 565
634 566
633 567
637 568
638 569
638 570
638 571
638 572
639 573
638 574
638 575
638 576
638 577
637 578
635 579
635 580
635 581
637 582
638 583
639 584
639 585
638 586
638 587
637 588
638 589
639 590
637 591
639 592
639 593
638 594
638 595
639 596
639 597
638 598
638 599
638 600
639 601
637 602
637 603
637 604
637 605
638 606
637 607
637 608
637 609
638 610
638 611
639 612
638 613
638 614
637 615
638 616
638 617
638 618
636 619
636 620
636 621
637 622
637 623
635 624
637 625
638 626
636 627
637 628
635 629
636 630
634 631
635 632
634 633
633 634
637 635
635 636
635 637
636 638
636 639
636 640
636 641
635 642
635 643
634 644
632 645
631 646
624 647
630 648
632 649
632 650
632 651
629 652
634 653
635 654
633 655
631 656
632 657
631 658
630 659
628 660
631 661
633 662
629 663
625 664
627 665
629 666
629 667
626 668
621 669
622 670
622 671
622 672
623 673
624 674
629 675
628 676
625 677
628 678
630 679
631 680
629 681
628 682
631 683
628 684
622 685
621 686
620 687
623 688
627 689
624 690
623 691
625 692
629 693
627 694
620 695
627 696
630 697
620 698
623 699
627 700
622 701
621 702
623 703
622 704
621 705
619 706
616 707
610 708
611 709
613 710
606 711
616 712
607 713
604 714
614 715
615 716
609 717
609 718
619 719
