639 0
639 1
639 2
639 3
639 4
639 5
639 6
639 7
639 8
639 9
639 10
639 11
639 12
639 13
639 14
639 15
639 16
639 17
639 18
639 19
639 20
639 21
639 22
639 23
639 24
639 25
639 26
639 27
639 28
639 29
639 30
639 31
639 32
639 33
639 34
639 35
639 36
639 37
639 38
639 39
639 40
639 41
639 42
639 43
639 44
639 45
639 46
639 47
639 48
639 49
639 50
639 51
639 52
639 53
639 54
639 55
639 56
639 57
639 58
639 59
639 60
639 61
639 62
639 63
639 64
639 65
639 66
639 67
639 68
639 69
639 70
639 71
639 72
639 73
639 74
639 75
639 76
639 77
639 78
639 79
639 80
639 81
639 82
639 83
639 84
639 85
639 86
639 87
639 88
639 89
639 90
639 91
639 92
642 93
643 94
642 95
645 96
654 97
667 98
667 99
676 100
673 101
670 102
674 103
682 104
693 105
707 106
709 107
703 108
700 109
711 110
722 111
727 112
730 113
729 114
731 115
735 116
738 117
741 118
744 119
751 120
753 121
761 122
770 123
771 124
771 125
773 126
781 127
787 128
789 129
790 130
805 131
814 132
815 133
821 134
826 135
834 136
847 137
867 138
869 139
870 140
872 141
876 142
876 143
878 144
880 145
883 146
890 147
892 148
894 149
895 150
897 151
899 152
902 153
906 154
907 155
911 156
913 157
914 158
915 159
916 160
920 161
924 162
928 163
934 164
936 165
938 166
941 167
946 168
948 169
949 170
950 171
950 172
952 173
955 174
959 175
965 176
973 177
992 178
1001 179
1009 180
1012 181
1012 182
1012 183
1012 184
1015 185
1019 186
1016 187
1020 188
1023 189
1024 190
1028 191
1025 192
1039 193
1048 194
1055 195
1056 196
1059 197
1061 198
1071 199
1075 200
1096 201
1108 202
1111 203
1115 204
1119 205
1125 206
1125 207
1129 208
1136 209
1142 210
1150 211
1153 212
1153 213
1154 214
1158 215
1170 216
1176 217
1179 218
1174 219
1175 220
1175 221
1177 222
1187 223
1192 224
1189 225
1192 226
1193 227
1197 228
1200 229
1203 230
1208 231
1209 232
1217 233
1215 234
1221 235
1228 236
1232 237
1236 238
1236 239
1242 240
1250 241
1250 242
1252 243
1242 244
1239 245
1216 246
1066 247
1025 248
1101 249
1178 250
1275 251
910 252
964 255
966 256
971 257
963 258
1260 260
1256 264
1024 266
1050 269
1049 270
1050 271
987 272
977 274
1274 276
1151 287
1111 291
959 292
1087 293
1119 299
1119 300
1073 303
0 305
1 306
91 307
148 308
115 309
96 310
112 311
117 312
61 313
30 314
35 315
37 316
43 317
44 318
47 319
59 320
50 321
62 322
70 323
73 324
66 325
75 326
68 327
61 328
63 329
66 330
67 331
82 332
79 333
80 334
77 335
79 336
94 337
96 338
90 339
94 340
123 341
171 342
183 343
185 344
191 345
195 346
199 347
204 348
206 349
208 350
214 351
212 352
214 353
217 354
217 355
219 356
220 357
222 358
230 359
226 360
231 361
235 362
239 363
248 364
250 365
254 366
257 367
261 368
262 369
263 370
264 371
267 372
272 373
271 374
274 375
277 376
279 377
281 378
285 379
286 380
288 381
290 382
292 383
298 384
295 385
298 386
301 387
301 388
304 389
305 390
310 391
313 392
314 393
313 394
314 395
316 396
318 397
320 398
323 399
323 400
331 401
337 402
336 403
340 404
340 405
340 406
344 407
345 408
343 409
345 410
347 411
347 412
347 413
348 414
358 415
358 416
358 417
365 418
367 419
370 420
378 421
378 422
378 423
381 424
384 425
390 426
393 427
396 428
406 429
412 430
416 431
416 432
414 433
419 434
415 435
414 436
429 437
439 438
420 439
437 440
444 441
456 442
470 443
475 444
475 445
473 446
476 447
498 448
515 449
516 450
519 451
513 452
510 453
508 454
517 455
528 456
526 457
521 458
514 459
521 460
524 461
527 462
516 463
518 464
518 465
518 466
523 467
523 468
532 469
535 470
525 471
521 472
526 473
523 474
511 475
506 476
514 477
520 478
520 479
512 480
519 481
520 482
526 483
533 484
537 485
552 486
553 487
560 488
566 489
569 490
570 491
567 492
567 493
566 494
566 495
567 496
571 497
572 498
567 499
570 500
565 501
564 502
566 503
563 504
565 505
563 506
565 507
566 508
575 509
580 510
582 511
583 512
584 513
589 514
595 515
598 516
592 517
592 518
593 519
594 520
593 521
593 522
592 523
592 524
591 525
592 526
596 527
600 528
599 529
599 530
599 531
600 532
601 533
602 534
603 535
602 536
603 537
602 538
602 539
603 540
602 541
602 542
600 543
602 544
600 545
602 546
602 547
601 548
600 549
600 550
600 551
599 552
599 553
600 554
604 555
606 556
606 557
600 558
599 559
599 560
601 561
600 562
600 563
602 564
604 565
602 566
601 567
601 568
598 569
598 570
598 571
594 572
593 573
595 574
594 575
596 576
596 577
595 578
595 579
594 580
594 581
597 582
596 583
602 584
599 585
603 586
602 587
602 588
602 589
600 590
595 591
597 592
598 593
601 594
601 595
601 596
603 597
602 598
602 599
608 600
605 601
605 602
606 603
614 604
616 605
617 606
619 607
616 608
619 609
620 610
621 611
623 612
621 613
624 614
623 615
625 616
634 617
635 618
633 619
633 620
633 621
633 622
633 623
632 624
632 625
631 626
632 627
631 628
629 629
631 630
631 631
632 632
627 633
629 634
629 635
624 636
625 637
625 638
623 639
629 640
630 641
628 642
627 643
626 644
624 645
624 646
623 647
627 648
626 649
622 650
623 651
619 652
618 653
622 654
622 655
620 656
624 657
622 658
622 659
624 660
625 661
624 662
618 663
621 664
623 665
620 666
619 667
622 668
625 669
621 670
613 671
613 672
620 673
624 674
626 675
626 676
622 677
621 678
614 679
614 680
612 681
614 682
613 683
612 684
603 685
606 686
608 687
603 688
606 689
607 690
603 691
604 692
597 693
598 694
608 695
610 696
603 697
596 698
595 699
596 700
596 701
596 702
601 703
592 704
596 705
582 706
578 707
583 708
595 709
591 710
582 711
588 712
579 713
583 714
579 715
565 716
569 717
586 718
587 719
