639 0
639 1
639 2
639 3
639 4
639 5
639 6
639 7
639 8
639 9
639 10
639 11
639 12
639 13
639 14
639 15
639 16
639 17
639 18
639 19
639 20
639 21
639 22
639 23
639 24
639 25
639 26
639 27
639 28
639 29
639 30
639 31
639 32
639 33
639 34
639 35
639 36
639 37
639 38
639 39
639 40
639 41
639 42
639 43
639 44
639 45
639 46
639 47
639 48
639 49
639 50
639 51
639 52
639 53
639 54
639 55
639 56
639 57
639 58
639 59
639 60
639 61
639 62
639 63
639 64
639 65
639 66
639 67
639 68
639 69
639 70
639 71
639 72
639 73
639 74
639 75
639 76
639 77
639 78
639 79
639 80
639 81
639 82
639 83
639 84
639 85
639 86
639 87
639 88
639 89
639 90
639 91
639 92
640 93
641 94
642 95
645 96
650 97
656 98
661 99
666 100
666 101
666 102
669 103
675 104
684 105
692 106
697 107
699 108
700 109
706 110
718 111
722 112
721 113
720 114
723 115
727 116
736 117
741 118
746 119
745 120
750 121
756 122
762 123
769 124
770 125
774 126
778 127
788 128
788 129
792 130
797 131
810 132
811 133
811 134
822 135
823 136
845 137
868 138
870 139
868 140
875 141
877 142
875 143
877 144
881 145
883 146
889 147
891 148
894 149
894 150
894 151
896 152
902 153
906 154
910 155
912 156
913 157
913 158
915 159
912 160
918 161
917 162
925 163
933 164
937 165
936 166
940 167
944 168
943 169
947 170
948 171
947 172
953 173
955 174
961 175
965 176
974 177
994 178
1004 179
1008 180
1008 181
1010 182
1012 183
1009 184
1015 185
1016 186
1017 187
1016 188
1020 189
1024 190
1026 191
1024 192
1034 193
1047 194
1054 195
1056 196
1053 197
1055 198
1063 199
1072 200
1091 201
1104 202
1104 203
1113 204
1118 205
1124 206
1128 207
1130 208
1135 209
1142 210
1150 211
1152 212
1154 213
1153 214
1156 215
1171 216
1175 217
1171 218
1172 219
1171 220
1174 221
1178 222
1186 223
1189 224
1172 225
1177 226
1190 227
1197 228
1197 229
1200 230
1203 231
1199 232
1217 233
1210 234
1223 235
1216 236
1217 237
1233 238
1235 239
1244 240
1240 241
1251 242
1248 243
1255 244
1267 245
1202 246
1166 247
1107 248
1111 249
1109 250
1086 251
1181 252
863 253
874 254
1147 255
896 256
1235 258
1110 264
803 265
803 266
805 267
878 268
915 269
806 270
805 271
805 272
805 273
805 274
807 275
810 276
810 277
1271 278
1243 279
1272 283
1272 284
1214 287
900 289
901 290
699 293
954 304
239 305
4 306
69 307
10 308
14 309
42 310
60 311
43 312
59 313
60 314
60 315
41 316
68 317
55 318
66 319
58 320
51 321
61 322
71 323
72 324
58 325
60 326
83 327
61 328
63 329
66 330
68 331
70 332
71 333
76 334
77 335
79 336
82 337
84 338
89 339
96 340
146 341
180 342
195 343
195 344
210 345
223 346
228 347
230 348
234 349
242 350
248 351
251 352
259 353
264 354
260 355
261 356
260 357
268 358
273 359
274 360
277 361
282 362
286 363
296 364
301 365
308 366
312 367
314 368
313 369
317 370
323 371
321 372
329 373
336 374
336 375
343 376
350 377
350 378
357 379
359 380
361 381
362 382
365 383
365 384
370 385
372 386
375 387
374 388
370 389
375 390
376 391
376 392
379 393
378 394
381 395
385 396
386 397
382 398
383 399
385 400
381 401
382 402
378 403
377 404
371 405
371 406
366 407
364 408
356 409
349 410
343 411
343 412
347 413
351 414
353 415
364 416
372 417
383 418
384 419
397 420
415 421
423 422
417 423
423 424
445 425
450 426
472 427
491 428
500 429
502 430
491 431
503 432
519 433
521 434
529 435
534 436
532 437
535 438
541 439
547 440
561 441
569 442
575 443
578 444
579 445
584 446
591 447
593 448
601 449
610 450
613 451
616 452
616 453
616 454
610 455
614 456
618 457
615 458
614 459
614 460
616 461
615 462
610 463
614 464
615 465
614 466
612 467
614 468
613 469
614 470
611 471
611 472
613 473
615 474
616 475
616 476
617 477
615 478
613 479
614 480
618 481
618 482
616 483
616 484
617 485
618 486
617 487
617 488
618 489
619 490
617 491
615 492
616 493
617 494
616 495
616 496
616 497
617 498
617 499
616 500
616 501
617 502
619 503
617 504
618 505
619 506
618 507
618 508
619 509
619 510
618 511
619 512
619 513
620 514
620 515
620 516
620 517
621 518
621 519
621 520
620 521
620 522
620 523
622 524
622 525
623 526
621 527
623 528
623 529
623 530
623 531
624 532
624 533
623 534
624 535
623 536
623 537
623 538
625 539
626 540
626 541
626 542
627 543
628 544
630 545
631 546
632 547
634 548
633 549
634 550
634 551
635 552
635 553
634 554
634 555
634 556
634 557
633 558
633 559
634 560
634 561
634 562
634 563
636 564
638 565
639 566
639 567
638 568
639 569
638 570
638 571
638 572
638 573
638 574
638 575
637 576
638 577
637 578
636 579
636 580
637 581
638 582
639 583
639 584
639 585
636 586
638 587
638 588
638 589
638 590
639 591
637 592
639 593
638 594
639 595
638 596
638 597
637 598
637 599
637 600
639 601
639 602
638 603
638 604
639 605
637 606
638 607
635 608
637 609
637 610
638 611
638 612
637 613
636 614
635 615
637 616
639 617
637 618
636 619
637 620
636 621
636 622
635 623
635 624
638 625
638 626
637 627
637 628
636 629
637 630
636 631
636 632
637 633
637 634
637 635
638 636
638 637
638 638
636 639
636 640
638 641
637 642
635 643
634 644
635 645
632 646
628 647
633 648
633 649
632 650
632 651
634 652
631 653
632 654
630 655
632 656
631 657
630 658
632 659
629 660
630 661
631 662
631 663
625 664
626 665
625 666
625 667
627 668
624 669
628 670
624 671
620 672
626 673
629 674
631 675
627 676
624 677
629 678
626 679
625 680
630 681
626 682
626 683
625 684
623 685
627 686
626 687
626 688
625 689
628 690
623 691
628 692
623 693
622 694
625 695
623 696
622 697
625 698
622 699
615 700
619 701
620 702
613 703
617 704
625 705
620 706
614 707
620 708
618 709
613 710
622 711
619 712
615 713
621 714
618 715
605 716
611 717
617 718
620 719
