639 0
639 1
639 2
639 3
639 4
639 5
639 6
639 7
639 8
639 9
639 10
639 11
639 12
639 13
639 14
639 15
639 16
639 17
639 18
639 19
639 20
639 21
639 22
639 23
639 24
639 25
639 26
639 27
639 28
639 29
639 30
639 31
639 32
639 33
639 34
639 35
639 36
639 37
639 38
639 39
639 40
639 41
639 42
639 43
639 44
639 45
639 46
639 47
639 48
639 49
639 50
639 51
639 52
639 53
639 54
639 55
639 56
639 57
639 58
639 59
639 60
639 61
639 62
639 63
639 64
639 65
639 66
639 67
639 68
639 69
639 70
639 71
639 72
639 73
639 74
639 75
639 76
639 77
639 78
639 79
639 80
639 81
639 82
639 83
639 84
639 85
639 86
639 87
639 88
639 89
639 90
639 91
639 92
641 93
641 94
641 95
645 96
649 97
659 98
659 99
666 100
670 101
667 102
667 103
679 104
690 105
693 106
691 107
699 108
699 109
703 110
710 111
717 112
720 113
728 114
728 115
733 116
732 117
742 118
752 119
751 120
754 121
763 122
767 123
769 124
771 125
774 126
783 127
788 128
788 129
790 130
801 131
810 132
812 133
815 134
816 135
834 136
844 137
868 138
864 139
866 140
874 141
875 142
875 143
876 144
880 145
883 146
887 147
890 148
892 149
895 150
898 151
897 152
901 153
906 154
909 155
911 156
911 157
912 158
914 159
916 160
919 161
920 162
926 163
934 164
935 165
938 166
939 167
944 168
947 169
946 170
947 171
949 172
953 173
956 174
961 175
965 176
974 177
998 178
1001 179
1009 180
1009 181
1008 182
1011 183
1012 184
1013 185
1016 186
1015 187
1018 188
1020 189
1026 190
1026 191
1026 192
1034 193
1046 194
1055 195
1055 196
1055 197
1055 198
1062 199
1071 200
1087 201
1100 202
1105 203
1115 204
1121 205
1124 206
1127 207
1129 208
1137 209
1139 210
1151 211
1154 212
1152 213
1156 214
1160 215
1165 216
1171 217
1176 218
1173 219
1172 220
1176 221
1178 222
1184 223
1190 224
1189 225
1189 226
1192 227
1198 228
1198 229
1203 230
1197 231
1196 232
1202 233
1206 234
1212 235
1213 236
1207 237
1218 238
1221 239
1228 240
1245 241
1225 242
1249 243
1238 244
1238 245
1219 246
1213 247
1148 248
1263 249
1269 250
1264 251
1264 252
1279 253
1178 254
1180 255
1139 256
1223 258
863 259
1209 262
1272 263
948 264
802 265
1231 266
1230 267
805 269
805 270
1025 271
1120 272
807 273
807 274
928 275
808 276
808 277
704 282
1207 283
1207 284
952 290
951 291
1192 295
951 298
953 303
4 306
5 307
13 308
13 309
66 310
81 311
42 312
29 313
32 314
37 315
40 316
59 317
46 318
47 319
59 320
85 321
69 322
55 323
64 324
58 325
59 326
61 327
63 328
64 329
66 330
67 331
70 332
72 333
74 334
77 335
80 336
83 337
105 338
101 339
93 340
136 341
178 342
191 343
195 344
204 345
212 346
224 347
231 348
233 349
241 350
247 351
255 352
264 353
264 354
261 355
265 356
268 357
272 358
271 359
282 360
278 361
284 362
285 363
291 364
308 365
311 366
313 367
321 368
320 369
320 370
323 371
329 372
327 373
330 374
335 375
342 376
349 377
356 378
357 379
361 380
361 381
364 382
367 383
368 384
369 385
372 386
375 387
377 388
373 389
375 390
377 391
380 392
378 393
378 394
380 395
380 396
382 397
383 398
386 399
384 400
385 401
382 402
379 403
378 404
376 405
375 406
373 407
362 408
357 409
351 410
342 411
341 412
345 413
353 414
350 415
352 416
365 417
382 418
388 419
392 420
411 421
419 422
417 423
429 424
439 425
456 426
480 427
495 428
503 429
504 430
507 431
512 432
525 433
530 434
531 435
538 436
536 437
546 438
549 439
553 440
558 441
569 442
580 443
583 444
589 445
589 446
593 447
592 448
596 449
607 450
605 451
614 452
614 453
616 454
603 455
615 456
619 457
618 458
616 459
608 460
610 461
612 462
611 463
610 464
612 465
611 466
610 467
611 468
615 469
616 470
611 471
615 472
615 473
613 474
615 475
614 476
615 477
616 478
616 479
613 480
615 481
616 482
617 483
618 484
618 485
618 486
618 487
617 488
618 489
617 490
617 491
617 492
618 493
618 494
614 495
615 496
615 497
617 498
617 499
617 500
617 501
618 502
618 503
618 504
617 505
617 506
619 507
620 508
619 509
620 510
620 511
619 512
619 513
620 514
620 515
619 516
618 517
620 518
621 519
621 520
621 521
622 522
622 523
624 524
623 525
622 526
625 527
623 528
623 529
625 530
622 531
625 532
625 533
624 534
623 535
623 536
624 537
625 538
625 539
626 540
627 541
628 542
628 543
628 544
629 545
629 546
631 547
633 548
633 549
633 550
634 551
633 552
634 553
634 554
634 555
634 556
633 557
633 558
632 559
634 560
635 561
635 562
635 563
638 564
638 565
638 566
638 567
638 568
639 569
639 570
638 571
638 572
639 573
639 574
638 575
638 576
638 577
637 578
638 579
635 580
635 581
638 582
639 583
638 584
638 585
637 586
638 587
638 588
638 589
639 590
638 591
639 592
639 593
639 594
639 595
638 596
638 597
638 598
638 599
637 600
639 601
638 602
638 603
639 604
638 605
637 606
638 607
638 608
638 609
638 610
639 611
637 612
637 613
638 614
637 615
636 616
637 617
638 618
636 619
638 620
636 621
637 622
635 623
637 624
637 625
635 626
636 627
635 628
636 629
636 630
636 631
637 632
635 633
636 634
637 635
638 636
638 637
638 638
636 639
635 640
636 641
633 642
635 643
633 644
634 645
634 646
631 647
631 648
630 649
629 650
628 651
631 652
632 653
633 654
632 655
631 656
634 657
632 658
631 659
632 660
632 661
633 662
630 663
627 664
626 665
630 666
627 667
624 668
626 669
628 670
625 671
625 672
631 673
632 674
634 675
632 676
631 677
628 678
625 679
627 680
626 681
622 682
619 683
625 684
624 685
623 686
626 687
630 688
629 689
627 690
624 691
625 692
625 693
625 694
625 695
631 696
626 697
618 698
622 699
625 700
618 701
616 702
618 703
619 704
618 705
623 706
620 707
617 708
620 709
619 710
612 711
615 712
612 713
614 714
611 715
608 716
616 717
621 718
619 719
