639 0
639 1
639 2
639 3
639 4
639 5
639 6
639 7
639 8
639 9
639 10
639 11
639 12
639 13
639 14
639 15
639 16
639 17
639 18
639 19
639 20
639 21
639 22
639 23
639 24
639 25
639 26
639 27
639 28
639 29
639 30
639 31
639 32
639 33
639 34
639 35
639 36
639 37
639 38
639 39
639 40
639 41
639 42
639 43
639 44
639 45
639 46
639 47
639 48
639 49
639 50
639 51
639 52
639 53
639 54
639 55
639 56
639 57
639 58
639 59
639 60
639 61
639 62
639 63
639 64
639 65
639 66
639 67
639 68
639 69
639 70
639 71
639 72
639 73
639 74
639 75
639 76
639 77
639 78
639 79
639 80
639 81
639 82
639 83
639 84
639 85
639 86
639 87
639 88
639 89
639 90
639 91
639 92
640 93
640 94
643 95
642 96
649 97
660 98
662 99
666 100
669 101
664 102
666 103
676 104
690 105
693 106
698 107
701 108
707 109
715 110
715 111
720 112
726 113
727 114
726 115
728 116
736 117
742 118
745 119
748 120
753 121
760 122
771 123
770 124
770 125
772 126
780 127
789 128
790 129
792 130
799 131
806 132
812 133
815 134
816 135
828 136
840 137
867 138
868 139
872 140
874 141
874 142
874 143
878 144
877 145
881 146
886 147
892 148
894 149
896 150
898 151
898 152
903 153
905 154
909 155
910 156
912 157
912 158
914 159
917 160
921 161
920 162
925 163
933 164
933 165
938 166
940 167
941 168
947 169
946 170
946 171
949 172
951 173
954 174
958 175
964 176
975 177
991 178
996 179
1007 180
1009 181
1011 182
1011 183
1011 184
1014 185
1017 186
1019 187
1017 188
1022 189
1027 190
1027 191
1024 192
1037 193
1046 194
1053 195
1056 196
1055 197
1055 198
1064 199
1073 200
1088 201
1103 202
1102 203
1111 204
1120 205
1124 206
1128 207
1129 208
1134 209
1141 210
1150 211
1154 212
1154 213
1154 214
1155 215
1162 216
1171 217
1164 218
1167 219
1170 220
1177 221
1178 222
1187 223
1187 224
1188 225
1189 226
1194 227
1196 228
1202 229
1205 230
1209 231
1199 232
1208 233
1208 234
1211 235
1224 236
1230 237
1233 238
1233 239
1241 240
1249 241
1244 242
1255 243
1264 244
1225 245
1246 246
1233 247
1246 248
1270 249
1270 250
1176 252
1176 253
1199 255
792 258
720 263
1252 264
1230 267
809 269
808 270
808 271
911 272
810 273
811 274
811 275
811 276
812 277
812 278
1218 279
1206 288
911 296
1262 298
956 304
955 305
241 306
125 307
99 308
102 309
65 310
63 311
62 312
29 313
31 314
34 315
51 316
42 317
43 318
47 319
84 320
84 321
70 322
56 323
56 324
73 325
80 326
68 327
61 328
64 329
66 330
67 331
68 332
73 333
75 334
76 335
80 336
81 337
86 338
91 339
96 340
137 341
180 342
188 343
194 344
205 345
217 346
222 347
226 348
237 349
245 350
251 351
257 352
256 353
256 354
263 355
265 356
269 357
271 358
268 359
276 360
281 361
281 362
289 363
299 364
308 365
312 366
320 367
313 368
320 369
319 370
320 371
329 372
332 373
333 374
332 375
339 376
343 377
348 378
356 379
361 380
366 381
365 382
366 383
368 384
368 385
374 386
376 387
378 388
376 389
378 390
381 391
377 392
377 393
377 394
381 395
384 396
384 397
385 398
387 399
381 400
381 401
382 402
382 403
380 404
376 405
372 406
367 407
354 408
355 409
354 410
344 411
345 412
350 413
350 414
354 415
359 416
372 417
378 418
387 419
398 420
405 421
411 422
415 423
424 424
437 425
448 426
471 427
483 428
496 429
501 430
497 431
508 432
515 433
517 434
516 435
525 436
532 437
546 438
539 439
555 440
555 441
568 442
573 443
585 444
596 445
586 446
590 447
594 448
601 449
608 450
611 451
610 452
609 453
616 454
609 455
618 456
619 457
617 458
617 459
612 460
609 461
613 462
613 463
612 464
615 465
614 466
612 467
612 468
616 469
615 470
608 471
611 472
615 473
616 474
615 475
614 476
615 477
616 478
614 479
615 480
616 481
616 482
613 483
617 484
618 485
619 486
619 487
615 488
619 489
619 490
618 491
618 492
616 493
617 494
618 495
615 496
617 497
617 498
617 499
618 500
618 501
617 502
616 503
618 504
617 505
618 506
618 507
618 508
619 509
619 510
619 511
620 512
619 513
619 514
619 515
620 516
620 517
620 518
621 519
621 520
622 521
621 522
622 523
623 524
623 525
623 526
623 527
622 528
620 529
621 530
623 531
622 532
623 533
623 534
623 535
623 536
624 537
624 538
624 539
626 540
625 541
626 542
626 543
628 544
629 545
629 546
629 547
630 548
633 549
635 550
634 551
634 552
635 553
635 554
635 555
634 556
633 557
633 558
633 559
633 560
634 561
635 562
634 563
635 564
637 565
638 566
638 567
639 568
639 569
638 570
638 571
638 572
638 573
638 574
638 575
637 576
638 577
635 578
635 579
634 580
636 581
637 582
635 583
637 584
638 585
639 586
638 587
638 588
638 589
638 590
638 591
639 592
639 593
639 594
638 595
638 596
638 597
639 598
639 599
638 600
639 601
639 602
639 603
638 604
639 605
638 606
639 607
637 608
637 609
638 610
638 611
638 612
638 613
637 614
638 615
638 616
638 617
638 618
637 619
638 620
636 621
637 622
638 623
637 624
638 625
637 626
638 627
637 628
637 629
637 630
636 631
635 632
636 633
637 634
636 635
637 636
637 637
638 638
635 639
633 640
634 641
634 642
635 643
633 644
634 645
633 646
631 647
629 648
633 649
633 650
634 651
634 652
632 653
633 654
630 655
630 656
632 657
632 658
632 659
633 660
632 661
631 662
629 663
629 664
627 665
626 666
624 667
624 668
627 669
626 670
623 671
621 672
628 673
627 674
630 675
629 676
630 677
633 678
630 679
627 680
631 681
623 682
627 683
629 684
623 685
618 686
626 687
629 688
625 689
625 690
623 691
622 692
622 693
625 694
618 695
621 696
621 697
611 698
615 699
621 700
622 701
619 702
619 703
619 704
618 705
619 706
619 707
627 708
624 709
619 710
618 711
621 712
616 713
617 714
620 715
619 716
603 717
608 718
612 719
