639 0
639 1
639 2
639 3
639 4
639 5
639 6
639 7
639 8
639 9
639 10
639 11
639 12
639 13
639 14
639 15
639 16
639 17
639 18
639 19
639 20
639 21
639 22
639 23
639 24
639 25
639 26
639 27
639 28
639 29
639 30
639 31
639 32
639 33
639 34
639 35
639 36
639 37
639 38
639 39
639 40
639 41
639 42
639 43
639 44
639 45
639 46
639 47
639 48
639 49
639 50
639 51
639 52
639 53
639 54
639 55
639 56
639 57
639 58
639 59
639 60
639 61
639 62
639 63
639 64
639 65
639 66
639 67
639 68
639 69
639 70
639 71
639 72
639 73
639 74
639 75
639 76
639 77
639 78
639 79
639 80
639 81
639 82
639 83
639 84
639 85
639 86
639 87
639 88
639 89
639 90
639 91
639 92
640 93
641 94
643 95
645 96
653 97
657 98
661 99
671 100
668 101
665 102
669 103
679 104
692 105
699 106
700 107
701 108
700 109
702 110
710 111
722 112
725 113
726 114
728 115
730 116
733 117
743 118
747 119
748 120
755 121
761 122
768 123
769 124
770 125
773 126
784 127
788 128
788 129
788 130
797 131
807 132
811 133
817 134
822 135
828 136
844 137
861 138
868 139
867 140
872 141
873 142
874 143
876 144
879 145
882 146
888 147
891 148
894 149
895 150
895 151
896 152
900 153
906 154
909 155
909 156
910 157
912 158
912 159
915 160
916 161
917 162
923 163
931 164
935 165
938 166
940 167
942 168
942 169
947 170
946 171
951 172
953 173
956 174
959 175
964 176
977 177
988 178
996 179
1008 180
1009 181
1011 182
1011 183
1011 184
1011 185
1013 186
1016 187
1016 188
1021 189
1027 190
1029 191
1025 192
1035 193
1044 194
1054 195
1056 196
1056 197
1053 198
1062 199
1073 200
1087 201
1101 202
1103 203
1111 204
1115 205
1125 206
1129 207
1130 208
1135 209
1142 210
1151 211
1152 212
1151 213
1154 214
1164 215
1168 216
1174 217
1177 218
1176 219
1175 220
1176 221
1177 222
1183 223
1184 224
1185 225
1189 226
1194 227
1196 228
1196 229
1201 230
1210 231
1204 232
1206 233
1208 234
1214 235
1215 236
1222 237
1215 238
1220 239
1232 240
1246 241
1248 242
1234 243
1244 244
1248 245
1255 246
1234 247
1269 248
1274 249
1274 250
1274 251
992 255
925 256
802 257
1246 259
816 264
946 267
898 268
816 269
817 270
921 271
944 272
819 273
818 274
818 275
821 276
821 277
935 278
973 279
1197 280
884 282
900 286
966 292
704 295
1194 297
1273 302
1163 304
2 306
6 307
9 308
14 309
17 310
60 311
27 312
29 313
30 314
35 315
38 316
40 317
42 318
56 319
67 320
49 321
51 322
55 323
57 324
58 325
58 326
60 327
68 328
63 329
65 330
67 331
76 332
72 333
74 334
76 335
90 336
92 337
85 338
89 339
96 340
144 341
183 342
187 343
191 344
199 345
207 346
214 347
223 348
232 349
236 350
250 351
256 352
260 353
266 354
267 355
270 356
272 357
274 358
273 359
271 360
273 361
280 362
284 363
293 364
301 365
308 366
311 367
315 368
314 369
313 370
320 371
323 372
332 373
334 374
334 375
340 376
344 377
352 378
355 379
361 380
365 381
367 382
367 383
367 384
369 385
375 386
378 387
380 388
377 389
377 390
381 391
382 392
383 393
382 394
384 395
385 396
386 397
387 398
390 399
387 400
384 401
384 402
386 403
382 404
380 405
379 406
370 407
367 408
364 409
356 410
360 411
362 412
352 413
354 414
367 415
366 416
365 417
365 418
376 419
387 420
389 421
404 422
412 423
412 424
431 425
447 426
470 427
482 428
483 429
492 430
494 431
506 432
517 433
524 434
536 435
536 436
539 437
543 438
547 439
549 440
559 441
571 442
575 443
588 444
594 445
588 446
597 447
594 448
604 449
603 450
599 451
602 452
605 453
608 454
610 455
618 456
618 457
616 458
616 459
615 460
614 461
614 462
615 463
616 464
616 465
613 466
613 467
614 468
611 469
612 470
612 471
612 472
614 473
614 474
612 475
609 476
612 477
615 478
612 479
606 480
614 481
616 482
616 483
616 484
616 485
617 486
617 487
617 488
618 489
619 490
617 491
619 492
617 493
616 494
614 495
616 496
615 497
614 498
615 499
615 500
615 501
615 502
614 503
616 504
616 505
616 506
616 507
617 508
617 509
617 510
617 511
617 512
619 513
618 514
618 515
618 516
618 517
618 518
619 519
618 520
617 521
619 522
621 523
621 524
621 525
622 526
619 527
618 528
621 529
622 530
622 531
621 532
620 533
622 534
621 535
621 536
621 537
621 538
622 539
623 540
625 541
625 542
625 543
628 544
628 545
628 546
628 547
629 548
630 549
631 550
633 551
634 552
635 553
636 554
634 555
635 556
634 557
633 558
632 559
633 560
634 561
635 562
635 563
634 564
635 565
635 566
637 567
638 568
638 569
639 570
639 571
638 572
638 573
639 574
639 575
638 576
637 577
637 578
636 579
635 580
636 581
635 582
637 583
637 584
638 585
637 586
637 587
638 588
638 589
638 590
638 591
639 592
638 593
639 594
639 595
639 596
639 597
639 598
640 599
639 600
639 601
637 602
637 603
638 604
638 605
637 606
637 607
637 608
638 609
637 610
638 611
638 612
637 613
638 614
637 615
638 616
638 617
638 618
638 619
638 620
638 621
637 622
636 623
636 624
636 625
637 626
637 627
638 628
637 629
637 630
637 631
637 632
636 633
637 634
636 635
637 636
637 637
637 638
635 639
636 640
636 641
635 642
634 643
630 644
632 645
632 646
631 647
630 648
630 649
633 650
632 651
631 652
632 653
634 654
630 655
633 656
633 657
632 658
629 659
631 660
631 661
631 662
628 663
629 664
628 665
628 666
626 667
628 668
621 669
624 670
624 671
628 672
630 673
628 674
631 675
628 676
622 677
626 678
627 679
622 680
628 681
630 682
622 683
620 684
623 685
626 686
621 687
628 688
623 689
618 690
622 691
621 692
619 693
621 694
622 695
620 696
622 697
619 698
616 699
619 700
624 701
623 702
620 703
617 704
609 705
606 706
621 707
617 708
610 709
613 710
611 711
617 712
611 713
613 714
617 715
615 716
611 717
606 718
609 719
