639 0
639 1
639 2
639 3
639 4
639 5
639 6
639 7
639 8
639 9
639 10
639 11
639 12
639 13
639 14
639 15
639 16
639 17
639 18
639 19
639 20
639 21
639 22
639 23
639 24
639 25
639 26
639 27
639 28
639 29
639 30
639 31
639 32
639 33
639 34
639 35
639 36
639 37
639 38
639 39
639 40
639 41
639 42
639 43
639 44
639 45
639 46
639 47
639 48
639 49
639 50
639 51
639 52
639 53
639 54
639 55
639 56
639 57
639 58
639 59
639 60
639 61
639 62
639 63
639 64
639 65
639 66
639 67
639 68
639 69
639 70
639 71
639 72
639 73
639 74
639 75
639 76
639 77
639 78
639 79
639 80
639 81
639 82
639 83
639 84
639 85
639 86
639 87
639 88
639 89
639 90
639 91
639 92
640 93
643 94
644 95
643 96
647 97
655 98
666 99
670 100
670 101
667 102
671 103
680 104
688 105
691 106
688 107
691 108
701 109
705 110
712 111
719 112
727 113
725 114
720 115
731 116
738 117
742 118
748 119
749 120
756 121
759 122
770 123
769 124
771 125
772 126
782 127
788 128
789 129
790 130
799 131
808 132
812 133
811 134
823 135
831 136
844 137
866 138
868 139
869 140
873 141
873 142
871 143
875 144
879 145
883 146
887 147
890 148
893 149
898 150
896 151
900 152
902 153
906 154
909 155
911 156
913 157
912 158
914 159
914 160
918 161
922 162
925 163
934 164
937 165
938 166
941 167
943 168
945 169
948 170
948 171
948 172
952 173
956 174
958 175
966 176
974 177
992 178
1001 179
1008 180
1008 181
1008 182
1010 183
1013 184
1014 185
1016 186
1020 187
1018 188
1021 189
1025 190
1025 191
1024 192
1036 193
1044 194
1054 195
1056 196
1054 197
1056 198
1065 199
1075 200
1088 201
1104 202
1104 203
1111 204
1120 205
1125 206
1127 207
1129 208
1133 209
1142 210
1150 211
1153 212
1150 213
1152 214
1162 215
1168 216
1171 217
1172 218
1170 219
1173 220
1173 221
1172 222
1178 223
1181 224
1188 225
1178 226
1192 227
1193 228
1198 229
1202 230
1209 231
1201 232
1208 233
1207 234
1200 235
1213 236
1222 237
1230 238
1218 239
1227 240
1239 241
1249 242
1241 243
1248 244
1249 245
1210 246
1229 247
1196 248
896 249
791 250
1184 256
1217 259
1191 263
1105 264
1022 265
1102 266
810 267
811 268
811 269
811 270
877 271
810 272
811 273
1038 275
1021 276
814 277
1243 279
876 282
1183 285
963 288
1213 296
1196 297
1202 299
957 303
0 305
3 306
79 307
55 308
75 309
71 310
42 311
45 312
28 313
29 314
37 315
37 316
42 317
44 318
47 319
49 320
76 321
69 322
63 323
56 324
58 325
59 326
61 327
69 328
63 329
65 330
66 331
68 332
71 333
76 334
77 335
79 336
86 337
90 338
92 339
98 340
134 341
181 342
189 343
191 344
200 345
211 346
224 347
227 348
232 349
240 350
245 351
252 352
254 353
254 354
257 355
263 356
263 357
275 358
275 359
276 360
281 361
278 362
282 363
288 364
301 365
305 366
303 367
311 368
314 369
319 370
323 371
326 372
330 373
332 374
341 375
345 376
345 377
351 378
357 379
359 380
365 381
367 382
366 383
369 384
374 385
377 386
376 387
377 388
379 389
379 390
376 391
378 392
384 393
383 394
383 395
385 396
385 397
387 398
388 399
384 400
384 401
384 402
379 403
378 404
375 405
372 406
372 407
364 408
356 409
351 410
349 411
348 412
354 413
355 414
353 415
359 416
359 417
378 418
379 419
392 420
403 421
410 422
413 423
417 424
430 425
453 426
476 427
483 428
492 429
498 430
501 431
505 432
520 433
520 434
525 435
535 436
533 437
545 438
548 439
558 440
563 441
571 442
579 443
587 444
597 445
595 446
589 447
592 448
597 449
599 450
608 451
614 452
613 453
615 454
611 455
616 456
619 457
618 458
614 459
619 460
616 461
616 462
610 463
612 464
613 465
614 466
612 467
615 468
613 469
612 470
607 471
614 472
615 473
613 474
614 475
612 476
616 477
615 478
614 479
617 480
616 481
617 482
618 483
618 484
619 485
618 486
616 487
618 488
614 489
616 490
618 491
618 492
617 493
617 494
616 495
615 496
615 497
616 498
616 499
616 500
615 501
616 502
617 503
616 504
617 505
618 506
618 507
618 508
618 509
618 510
617 511
619 512
619 513
619 514
619 515
616 516
619 517
620 518
621 519
621 520
621 521
622 522
621 523
622 524
622 525
624 526
622 527
623 528
623 529
623 530
622 531
622 532
622 533
623 534
623 535
623 536
623 537
624 538
624 539
626 540
626 541
626 542
626 543
629 544
629 545
631 546
632 547
632 548
632 549
634 550
633 551
635 552
633 553
632 554
634 555
634 556
634 557
634 558
633 559
633 560
634 561
634 562
635 563
636 564
636 565
639 566
639 567
638 568
638 569
638 570
638 571
638 572
638 573
638 574
638 575
639 576
638 577
637 578
636 579
635 580
635 581
637 582
637 583
638 584
638 585
638 586
638 587
637 588
637 589
638 590
638 591
638 592
639 593
638 594
639 595
639 596
638 597
639 598
638 599
637 600
637 601
638 602
638 603
638 604
637 605
638 606
638 607
637 608
638 609
638 610
638 611
636 612
638 613
638 614
636 615
637 616
637 617
638 618
637 619
638 620
636 621
636 622
636 623
636 624
638 625
638 626
638 627
636 628
634 629
636 630
636 631
636 632
636 633
636 634
636 635
634 636
636 637
636 638
634 639
636 640
636 641
633 642
631 643
632 644
633 645
633 646
630 647
631 648
631 649
631 650
632 651
631 652
634 653
635 654
633 655
627 656
628 657
632 658
633 659
633 660
631 661
632 662
625 663
620 664
623 665
627 666
627 667
623 668
622 669
622 670
623 671
629 672
632 673
629 674
627 675
626 676
629 677
628 678
621 679
621 680
630 681
631 682
628 683
627 684
630 685
629 686
627 687
627 688
628 689
627 690
624 691
621 692
623 693
625 694
626 695
624 696
628 697
622 698
617 699
620 700
624 701
624 702
623 703
621 704
623 705
619 706
615 707
619 708
616 709
623 710
618 711
616 712
619 713
625 714
621 715
619 716
607 717
605 718
612 719
