639 0
639 1
639 2
639 3
639 4
639 5
639 6
639 7
639 8
639 9
639 10
639 11
639 12
639 13
639 14
639 15
639 16
639 17
639 18
639 19
639 20
639 21
639 22
639 23
639 24
639 25
639 26
639 27
639 28
639 29
639 30
639 31
639 32
639 33
639 34
639 35
639 36
639 37
639 38
639 39
639 40
639 41
639 42
639 43
639 44
639 45
639 46
639 47
639 48
639 49
639 50
639 51
639 52
639 53
639 54
639 55
639 56
639 57
639 58
639 59
639 60
639 61
639 62
639 63
639 64
639 65
639 66
639 67
639 68
639 69
639 70
639 71
639 72
639 73
639 74
639 75
639 76
639 77
639 78
639 79
639 80
639 81
639 82
639 83
639 84
639 85
639 86
639 87
639 88
639 89
639 90
639 91
639 92
640 93
642 94
643 95
646 96
654 97
658 98
663 99
665 100
670 101
668 102
666 103
679 104
689 105
695 106
698 107
704 108
701 109
706 110
719 111
720 112
718 113
722 114
727 115
728 116
735 117
741 118
748 119
751 120
755 121
765 122
767 123
768 124
770 125
772 126
784 127
786 128
789 129
791 130
799 131
805 132
813 133
813 134
822 135
825 136
841 137
861 138
869 139
869 140
874 141
875 142
874 143
876 144
876 145
882 146
887 147
891 148
894 149
895 150
896 151
899 152
901 153
904 154
908 155
911 156
911 157
912 158
915 159
916 160
919 161
923 162
925 163
934 164
936 165
938 166
941 167
943 168
945 169
946 170
947 171
950 172
952 173
953 174
961 175
964 176
980 177
992 178
1001 179
1007 180
1010 181
1008 182
1011 183
1011 184
1015 185
1016 186
1015 187
1018 188
1022 189
1025 190
1026 191
1027 192
1038 193
1045 194
1054 195
1056 196
1053 197
1055 198
1063 199
1070 200
1084 201
1097 202
1105 203
1112 204
1120 205
1124 206
1127 207
1130 208
1136 209
1142 210
1153 211
1153 212
1153 213
1153 214
1156 215
1167 216
1174 217
1171 218
1172 219
1175 220
1173 221
1177 222
1174 223
1186 224
1184 225
1188 226
1192 227
1197 228
1200 229
1195 230
1199 231
1196 232
1203 233
1210 234
1213 235
1212 236
1207 237
1227 238
1228 239
1233 240
1248 241
1254 242
1256 243
1232 244
1261 245
1275 246
1216 247
1244 248
735 250
1245 251
938 253
929 254
982 255
1122 256
1092 259
801 266
802 267
947 268
805 269
802 270
1036 271
1243 272
1025 273
953 274
806 275
956 276
805 277
805 278
808 279
802 280
802 281
956 287
949 288
1200 291
1200 292
1200 293
3 306
6 307
9 308
13 309
17 310
24 311
27 312
30 313
30 314
34 315
40 316
52 317
73 318
65 319
67 320
68 321
60 322
70 323
64 324
57 325
58 326
60 327
62 328
63 329
65 330
66 331
69 332
72 333
73 334
77 335
84 336
83 337
87 338
88 339
94 340
141 341
176 342
185 343
195 344
209 345
221 346
220 347
227 348
234 349
233 350
244 351
259 352
256 353
253 354
257 355
265 356
269 357
272 358
272 359
275 360
277 361
280 362
288 363
295 364
301 365
307 366
314 367
318 368
319 369
320 370
321 371
329 372
332 373
333 374
336 375
340 376
343 377
350 378
353 379
356 380
359 381
366 382
367 383
369 384
373 385
373 386
373 387
374 388
373 389
374 390
377 391
376 392
381 393
379 394
380 395
383 396
382 397
379 398
381 399
381 400
380 401
380 402
375 403
371 404
371 405
371 406
365 407
355 408
349 409
347 410
345 411
345 412
349 413
350 414
352 415
366 416
370 417
382 418
390 419
399 420
410 421
417 422
420 423
438 424
442 425
458 426
482 427
495 428
503 429
500 430
494 431
505 432
519 433
521 434
529 435
528 436
532 437
542 438
545 439
554 440
565 441
568 442
576 443
576 444
584 445
586 446
588 447
594 448
605 449
607 450
611 451
615 452
614 453
611 454
611 455
611 456
616 457
614 458
618 459
618 460
613 461
615 462
609 463
612 464
612 465
614 466
614 467
615 468
612 469
615 470
614 471
614 472
615 473
615 474
615 475
616 476
617 477
617 478
615 479
617 480
615 481
617 482
619 483
619 484
619 485
620 486
618 487
618 488
618 489
618 490
616 491
615 492
617 493
617 494
616 495
617 496
617 497
615 498
615 499
618 500
619 501
618 502
615 503
617 504
619 505
619 506
620 507
619 508
620 509
621 510
620 511
622 512
620 513
620 514
619 515
619 516
619 517
621 518
621 519
621 520
624 521
622 522
623 523
624 524
623 525
624 526
625 527
623 528
622 529
623 530
624 531
623 532
623 533
624 534
625 535
626 536
625 537
626 538
626 539
626 540
626 541
627 542
629 543
631 544
629 545
631 546
633 547
634 548
634 549
634 550
634 551
633 552
634 553
633 554
633 555
633 556
634 557
634 558
633 559
634 560
634 561
634 562
635 563
638 564
639 565
639 566
638 567
638 568
639 569
639 570
639 571
638 572
639 573
637 574
637 575
638 576
638 577
637 578
636 579
636 580
636 581
639 582
638 583
638 584
639 585
639 586
638 587
639 588
638 589
639 590
638 591
638 592
639 593
638 594
639 595
639 596
639 597
638 598
639 599
638 600
639 601
638 602
639 603
639 604
638 605
638 606
638 607
637 608
638 609
638 610
638 611
639 612
638 613
638 614
637 615
637 616
638 617
636 618
636 619
637 620
637 621
637 622
636 623
636 624
638 625
638 626
637 627
638 628
636 629
637 630
638 631
637 632
638 633
635 634
635 635
638 636
635 637
637 638
637 639
637 640
637 641
636 642
633 643
634 644
633 645
633 646
633 647
633 648
633 649
632 650
629 651
633 652
634 653
635 654
630 655
631 656
634 657
634 658
632 659
632 660
630 661
631 662
628 663
625 664
625 665
626 666
622 667
623 668
625 669
626 670
619 671
623 672
632 673
630 674
631 675
630 676
627 677
628 678
628 679
625 680
632 681
627 682
625 683
629 684
632 685
632 686
625 687
629 688
627 689
627 690
626 691
627 692
625 693
627 694
622 695
625 696
621 697
618 698
618 699
620 700
621 701
625 702
618 703
622 704
617 705
615 706
620 707
617 708
615 709
608 710
610 711
610 712
614 713
616 714
620 715
616 716
612 717
617 718
616 719
