639 0
639 1
639 2
639 3
639 4
639 5
639 6
639 7
639 8
639 9
639 10
639 11
639 12
639 13
639 14
639 15
639 16
639 17
639 18
639 19
639 20
639 21
639 22
639 23
639 24
639 25
639 26
639 27
639 28
639 29
639 30
639 31
639 32
639 33
639 34
639 35
639 36
639 37
639 38
639 39
639 40
639 41
639 42
639 43
639 44
639 45
639 46
639 47
639 48
639 49
639 50
639 51
639 52
639 53
639 54
639 55
639 56
639 57
639 58
639 59
639 60
639 61
639 62
639 63
639 64
639 65
639 66
639 67
639 68
639 69
639 70
639 71
639 72
639 73
639 74
639 75
639 76
639 77
639 78
639 79
639 80
639 81
639 82
639 83
639 84
639 85
639 86
639 87
639 88
639 89
639 90
639 91
639 92
640 93
641 94
642 95
646 96
653 97
660 98
665 99
674 100
674 101
666 102
667 103
677 104
688 105
692 106
701 107
701 108
702 109
709 110
711 111
717 112
726 113
728 114
726 115
730 116
736 117
742 118
744 119
750 120
755 121
760 122
769 123
767 124
770 125
773 126
781 127
785 128
789 129
791 130
799 131
809 132
812 133
815 134
819 135
832 136
847 137
861 138
866 139
869 140
872 141
871 142
876 143
876 144
879 145
883 146
888 147
892 148
894 149
894 150
897 151
897 152
902 153
905 154
907 155
909 156
912 157
912 158
913 159
916 160
919 161
921 162
925 163
932 164
934 165
938 166
941 167
943 168
947 169
948 170
949 171
949 172
951 173
954 174
959 175
966 176
977 177
991 178
998 179
1006 180
1011 181
1008 182
1011 183
1011 184
1013 185
1013 186
1017 187
1018 188
1020 189
1023 190
1025 191
1024 192
1036 193
1045 194
1054 195
1056 196
1055 197
1057 198
1064 199
1069 200
1083 201
1100 202
1105 203
1116 204
1122 205
1124 206
1129 207
1130 208
1135 209
1142 210
1152 211
1151 212
1156 213
1156 214
1162 215
1169 216
1174 217
1175 218
1164 219
1175 220
1176 221
1178 222
1178 223
1180 224
1182 225
1185 226
1191 227
1197 228
1200 229
1205 230
1207 231
1199 232
1200 233
1206 234
1212 235
1214 236
1213 237
1235 238
1224 239
1236 240
1245 241
1250 242
1238 243
1249 244
1249 245
1237 246
1188 247
1165 248
1210 249
1165 250
1184 251
1231 252
1227 253
1196 256
1179 258
1193 259
1193 260
808 264
808 265
1236 266
1227 267
1057 268
902 269
811 270
811 271
975 272
812 273
812 274
816 275
816 276
815 278
815 279
956 290
983 291
1064 292
957 302
1106 303
0 305
3 306
6 307
7 308
13 309
19 310
45 311
25 312
30 313
32 314
36 315
37 316
40 317
43 318
45 319
48 320
51 321
53 322
55 323
64 324
65 325
59 326
80 327
62 328
70 329
72 330
66 331
75 332
76 333
75 334
82 335
84 336
82 337
88 338
105 339
112 340
148 341
182 342
185 343
186 344
201 345
221 346
232 347
229 348
232 349
241 350
254 351
258 352
260 353
262 354
263 355
266 356
265 357
272 358
269 359
273 360
277 361
281 362
288 363
295 364
303 365
307 366
307 367
312 368
316 369
320 370
326 371
327 372
332 373
333 374
338 375
341 376
348 377
357 378
359 379
360 380
364 381
367 382
365 383
364 384
371 385
371 386
376 387
379 388
376 389
380 390
379 391
377 392
378 393
382 394
385 395
387 396
386 397
386 398
385 399
380 400
382 401
380 402
376 403
376 404
373 405
369 406
370 407
359 408
352 409
349 410
351 411
346 412
348 413
357 414
353 415
363 416
372 417
383 418
386 419
396 420
404 421
410 422
415 423
417 424
434 425
452 426
474 427
488 428
498 429
498 430
502 431
503 432
508 433
517 434
530 435
538 436
540 437
541 438
549 439
559 440
564 441
568 442
569 443
577 444
584 445
591 446
601 447
598 448
602 449
606 450
611 451
605 452
609 453
615 454
610 455
614 456
615 457
616 458
618 459
614 460
616 461
612 462
613 463
614 464
613 465
614 466
610 467
616 468
615 469
613 470
610 471
613 472
615 473
613 474
614 475
614 476
616 477
616 478
615 479
616 480
616 481
617 482
617 483
618 484
617 485
618 486
618 487
617 488
618 489
617 490
617 491
616 492
615 493
615 494
615 495
618 496
616 497
616 498
616 499
617 500
617 501
617 502
617 503
619 504
618 505
617 506
617 507
618 508
618 509
620 510
619 511
620 512
620 513
619 514
618 515
618 516
618 517
619 518
620 519
621 520
621 521
621 522
622 523
622 524
622 525
622 526
622 527
620 528
622 529
622 530
622 531
622 532
623 533
623 534
623 535
623 536
624 537
624 538
625 539
625 540
625 541
626 542
627 543
627 544
627 545
629 546
630 547
632 548
635 549
635 550
633 551
635 552
635 553
635 554
634 555
634 556
634 557
633 558
633 559
633 560
634 561
634 562
634 563
634 564
634 565
638 566
638 567
639 568
639 569
639 570
638 571
638 572
638 573
638 574
638 575
638 576
638 577
636 578
635 579
637 580
637 581
638 582
638 583
638 584
638 585
638 586
638 587
638 588
638 589
638 590
636 591
636 592
638 593
639 594
638 595
639 596
638 597
639 598
638 599
634 600
637 601
637 602
639 603
638 604
638 605
638 606
637 607
636 608
638 609
638 610
637 611
637 612
638 613
637 614
636 615
636 616
638 617
637 618
638 619
638 620
638 621
637 622
637 623
637 624
638 625
637 626
636 627
636 628
636 629
635 630
636 631
637 632
637 633
637 634
637 635
636 636
637 637
636 638
637 639
635 640
638 641
634 642
635 643
635 644
635 645
634 646
631 647
631 648
633 649
633 650
630 651
634 652
633 653
635 654
633 655
632 656
630 657
630 658
630 659
631 660
629 661
630 662
627 663
627 664
626 665
627 666
627 667
624 668
623 669
624 670
622 671
625 672
628 673
631 674
628 675
630 676
626 677
622 678
624 679
628 680
629 681
627 682
626 683
625 684
622 685
628 686
621 687
626 688
628 689
624 690
623 691
625 692
617 693
621 694
623 695
624 696
626 697
619 698
620 699
622 700
621 701
625 702
626 703
621 704
619 705
613 706
614 707
619 708
619 709
620 710
614 711
615 712
614 713
615 714
614 715
599 716
614 717
613 718
611 719
