639 0
639 1
639 2
639 3
639 4
639 5
639 6
639 7
639 8
639 9
639 10
639 11
639 12
639 13
639 14
639 15
639 16
639 17
639 18
639 19
639 20
639 21
639 22
639 23
639 24
639 25
639 26
639 27
639 28
639 29
639 30
639 31
639 32
639 33
639 34
639 35
639 36
639 37
639 38
639 39
639 40
639 41
639 42
639 43
639 44
639 45
639 46
639 47
639 48
639 49
639 50
639 51
639 52
639 53
639 54
639 55
639 56
639 57
639 58
639 59
639 60
639 61
639 62
639 63
639 64
639 65
639 66
639 67
639 68
639 69
639 70
639 71
639 72
639 73
639 74
639 75
639 76
639 77
639 78
639 79
639 80
639 81
639 82
639 83
639 84
639 85
639 86
639 87
639 88
639 89
639 90
639 91
639 92
641 93
642 94
643 95
644 96
652 97
661 98
665 99
669 100
671 101
667 102
670 103
677 104
688 105
696 106
695 107
696 108
706 109
709 110
718 111
720 112
722 113
728 114
726 115
730 116
734 117
740 118
748 119
750 120
757 121
757 122
766 123
771 124
768 125
771 126
782 127
787 128
788 129
794 130
805 131
809 132
812 133
812 134
825 135
831 136
844 137
864 138
868 139
870 140
874 141
875 142
876 143
874 144
880 145
882 146
888 147
891 148
893 149
896 150
897 151
901 152
902 153
906 154
909 155
911 156
912 157
911 158
914 159
914 160
915 161
917 162
924 163
935 164
936 165
938 166
940 167
943 168
946 169
949 170
949 171
949 172
950 173
956 174
959 175
967 176
977 177
992 178
999 179
1007 180
1010 181
1010 182
1010 183
1012 184
1016 185
1016 186
1016 187
1018 188
1022 189
1026 190
1027 191
1027 192
1037 193
1046 194
1054 195
1056 196
1056 197
1055 198
1064 199
1073 200
1090 201
1099 202
1106 203
1112 204
1120 205
1122 206
1127 207
1129 208
1133 209
1143 210
1149 211
1153 212
1150 213
1155 214
1157 215
1169 216
1166 217
1166 218
1168 219
1175 220
1172 221
1175 222
1180 223
1183 224
1185 225
1189 226
1189 227
1195 228
1197 229
1185 230
1194 231
1192 232
1199 233
1209 234
1208 235
1219 236
1220 237
1219 238
1218 239
1234 240
1210 241
1237 242
1247 243
1259 244
1266 245
1269 246
1208 247
1248 248
1269 249
1269 250
994 251
902 252
1178 255
1141 256
1193 261
814 264
815 267
816 268
816 269
815 270
815 271
818 272
819 273
818 274
819 275
819 276
819 277
820 278
1261 280
1261 281
1261 282
1199 283
1201 284
1199 285
1190 286
1217 287
948 288
960 292
963 293
1198 295
3 306
5 307
11 308
14 309
16 310
23 311
27 312
30 313
31 314
34 315
51 316
52 317
53 318
56 319
49 320
68 321
93 322
78 323
64 324
58 325
60 326
60 327
62 328
63 329
65 330
68 331
70 332
71 333
75 334
77 335
79 336
83 337
91 338
88 339
97 340
142 341
184 342
192 343
202 344
205 345
218 346
225 347
229 348
237 349
239 350
239 351
254 352
251 353
260 354
263 355
261 356
269 357
273 358
273 359
274 360
281 361
281 362
286 363
298 364
303 365
308 366
308 367
314 368
318 369
321 370
324 371
326 372
329 373
333 374
337 375
339 376
348 377
353 378
359 379
364 380
362 381
364 382
368 383
368 384
372 385
372 386
373 387
379 388
379 389
378 390
383 391
383 392
384 393
382 394
386 395
387 396
386 397
386 398
389 399
386 400
387 401
385 402
385 403
381 404
375 405
374 406
369 407
364 408
365 409
360 410
358 411
355 412
356 413
361 414
362 415
366 416
368 417
374 418
379 419
391 420
407 421
412 422
408 423
416 424
432 425
444 426
458 427
482 428
490 429
495 430
494 431
501 432
513 433
521 434
529 435
538 436
541 437
540 438
543 439
548 440
555 441
563 442
573 443
583 444
589 445
585 446
582 447
599 448
601 449
595 450
605 451
605 452
607 453
611 454
613 455
612 456
613 457
613 458
610 459
617 460
616 461
614 462
613 463
612 464
616 465
614 466
611 467
614 468
614 469
613 470
612 471
613 472
615 473
614 474
611 475
611 476
614 477
615 478
611 479
608 480
613 481
615 482
615 483
617 484
618 485
618 486
618 487
616 488
618 489
618 490
618 491
618 492
618 493
618 494
615 495
617 496
615 497
616 498
616 499
616 500
615 501
615 502
616 503
616 504
616 505
616 506
616 507
616 508
618 509
618 510
617 511
618 512
618 513
619 514
618 515
617 516
617 517
618 518
617 519
618 520
620 521
620 522
620 523
623 524
623 525
621 526
622 527
621 528
621 529
620 530
621 531
620 532
620 533
623 534
624 535
622 536
622 537
620 538
624 539
624 540
625 541
626 542
625 543
626 544
627 545
628 546
628 547
630 548
632 549
633 550
632 551
632 552
634 553
635 554
634 555
633 556
634 557
634 558
633 559
634 560
633 561
634 562
635 563
634 564
635 565
635 566
638 567
638 568
638 569
638 570
638 571
638 572
638 573
638 574
638 575
638 576
638 577
636 578
636 579
635 580
636 581
638 582
638 583
638 584
638 585
638 586
638 587
638 588
639 589
639 590
638 591
637 592
639 593
638 594
639 595
639 596
639 597
639 598
636 599
638 600
638 601
637 602
638 603
639 604
637 605
637 606
636 607
639 608
637 609
638 610
638 611
637 612
636 613
637 614
637 615
636 616
636 617
635 618
637 619
637 620
637 621
637 622
635 623
637 624
638 625
636 626
637 627
637 628
638 629
637 630
636 631
637 632
637 633
637 634
635 635
635 636
635 637
637 638
637 639
636 640
634 641
634 642
633 643
635 644
634 645
635 646
631 647
631 648
632 649
634 650
634 651
633 652
633 653
634 654
629 655
628 656
632 657
633 658
630 659
630 660
631 661
630 662
628 663
625 664
624 665
622 666
622 667
620 668
621 669
623 670
619 671
626 672
631 673
633 674
631 675
629 676
632 677
630 678
617 679
627 680
629 681
629 682
623 683
626 684
622 685
625 686
622 687
622 688
627 689
623 690
623 691
619 692
616 693
622 694
621 695
625 696
624 697
620 698
616 699
621 700
622 701
621 702
622 703
625 704
614 705
609 706
611 707
621 708
617 709
608 710
609 711
618 712
614 713
616 714
614 715
612 716
613 717
617 718
615 719
