639 0
639 1
639 2
639 3
639 4
639 5
639 6
639 7
639 8
639 9
639 10
639 11
639 12
639 13
639 14
639 15
639 16
639 17
639 18
639 19
639 20
639 21
639 22
639 23
639 24
639 25
639 26
639 27
639 28
639 29
639 30
639 31
639 32
639 33
639 34
639 35
639 36
639 37
639 38
639 39
639 40
639 41
639 42
639 43
639 44
639 45
639 46
639 47
639 48
639 49
639 50
639 51
639 52
639 53
639 54
639 55
639 56
639 57
639 58
639 59
639 60
639 61
639 62
639 63
639 64
639 65
639 66
639 67
639 68
639 69
639 70
639 71
639 72
639 73
639 74
639 75
639 76
639 77
639 78
639 79
639 80
639 81
639 82
639 83
639 84
639 85
639 86
639 87
639 88
639 89
639 90
639 91
639 92
640 93
642 94
641 95
645 96
647 97
657 98
661 99
670 100
667 101
671 102
669 103
681 104
685 105
694 106
696 107
695 108
699 109
707 110
716 111
723 112
725 113
725 114
727 115
725 116
731 117
746 118
748 119
746 120
753 121
758 122
768 123
766 124
768 125
772 126
781 127
790 128
788 129
790 130
798 131
810 132
813 133
810 134
817 135
831 136
845 137
867 138
869 139
872 140
875 141
875 142
877 143
870 144
878 145
881 146
889 147
892 148
893 149
895 150
898 151
899 152
901 153
906 154
909 155
912 156
912 157
913 158
913 159
915 160
917 161
918 162
925 163
933 164
936 165
936 166
938 167
943 168
946 169
947 170
948 171
950 172
951 173
953 174
959 175
966 176
978 177
992 178
999 179
1008 180
1010 181
1010 182
1010 183
1014 184
1013 185
1015 186
1015 187
1017 188
1020 189
1023 190
1025 191
1024 192
1032 193
1045 194
1054 195
1056 196
1055 197
1056 198
1065 199
1074 200
1087 201
1102 202
1106 203
1112 204
1119 205
1124 206
1129 207
1130 208
1136 209
1142 210
1142 211
1147 212
1151 213
1152 214
1158 215
1162 216
1174 217
1174 218
1166 219
1172 220
1176 221
1174 222
1175 223
1179 224
1178 225
1184 226
1193 227
1196 228
1201 229
1205 230
1203 231
1205 232
1212 233
1220 234
1213 235
1224 236
1224 237
1227 238
1215 239
1222 240
1236 241
1245 242
1244 243
1237 244
1236 245
1213 246
1178 247
1209 248
1265 249
1266 250
1193 251
799 252
799 253
1004 255
1227 256
1244 259
1279 260
813 262
813 263
1168 264
953 268
817 269
816 270
880 271
814 272
816 273
818 274
818 277
818 278
1279 279
897 281
967 291
960 293
960 294
1240 296
1200 303
0 304
4 306
5 307
10 308
16 309
18 310
22 311
44 312
45 313
45 314
36 315
40 316
42 317
43 318
46 319
49 320
58 321
70 322
63 323
63 324
73 325
66 326
72 327
62 328
64 329
65 330
67 331
70 332
76 333
81 334
83 335
78 336
83 337
86 338
90 339
96 340
135 341
185 342
185 343
192 344
203 345
217 346
219 347
230 348
237 349
250 350
252 351
261 352
261 353
250 354
255 355
268 356
267 357
267 358
271 359
277 360
281 361
288 362
289 363
289 364
307 365
315 366
313 367
316 368
314 369
316 370
327 371
329 372
334 373
336 374
339 375
343 376
346 377
354 378
363 379
362 380
362 381
365 382
369 383
368 384
369 385
373 386
376 387
376 388
379 389
381 390
382 391
384 392
380 393
380 394
385 395
388 396
389 397
388 398
387 399
382 400
385 401
380 402
381 403
379 404
375 405
374 406
371 407
366 408
357 409
351 410
356 411
353 412
354 413
358 414
358 415
364 416
367 417
373 418
380 419
386 420
398 421
409 422
411 423
414 424
428 425
449 426
469 427
490 428
495 429
499 430
491 431
504 432
517 433
526 434
525 435
527 436
534 437
542 438
542 439
557 440
564 441
564 442
572 443
587 444
590 445
587 446
597 447
597 448
600 449
598 450
604 451
607 452
609 453
611 454
612 455
613 456
616 457
615 458
615 459
615 460
614 461
614 462
612 463
611 464
614 465
612 466
611 467
613 468
610 469
611 470
612 471
613 472
615 473
613 474
613 475
610 476
612 477
614 478
614 479
615 480
615 481
614 482
615 483
617 484
618 485
615 486
616 487
616 488
618 489
619 490
617 491
616 492
616 493
615 494
619 495
617 496
617 497
616 498
616 499
616 500
614 501
615 502
614 503
614 504
616 505
617 506
618 507
619 508
618 509
617 510
616 511
619 512
619 513
619 514
619 515
617 516
617 517
616 518
618 519
618 520
619 521
619 522
619 523
622 524
623 525
622 526
622 527
624 528
621 529
621 530
622 531
622 532
621 533
621 534
620 535
622 536
622 537
623 538
624 539
625 540
625 541
626 542
626 543
626 544
626 545
628 546
629 547
630 548
631 549
633 550
633 551
633 552
633 553
634 554
635 555
635 556
635 557
634 558
634 559
634 560
634 561
635 562
635 563
635 564
635 565
637 566
638 567
639 568
639 569
638 570
638 571
638 572
639 573
638 574
638 575
638 576
637 577
635 578
635 579
634 580
636 581
639 582
638 583
637 584
638 585
638 586
637 587
638 588
638 589
639 590
639 591
639 592
638 593
638 594
637 595
638 596
639 597
639 598
639 599
638 600
639 601
638 602
639 603
639 604
638 605
638 606
635 607
636 608
638 609
637 610
637 611
638 612
636 613
637 614
635 615
637 616
638 617
639 618
638 619
636 620
636 621
637 622
635 623
635 624
637 625
638 626
638 627
637 628
636 629
637 630
636 631
635 632
637 633
638 634
635 635
635 636
637 637
636 638
636 639
636 640
634 641
638 642
635 643
633 644
635 645
634 646
631 647
632 648
631 649
631 650
633 651
632 652
632 653
633 654
630 655
630 656
632 657
631 658
629 659
628 660
630 661
631 662
626 663
628 664
628 665
628 666
627 667
624 668
620 669
624 670
624 671
626 672
629 673
630 674
629 675
629 676
624 677
626 678
627 679
627 680
628 681
628 682
630 683
620 684
619 685
624 686
628 687
626 688
625 689
626 690
625 691
626 692
629 693
625 694
615 695
618 696
621 697
620 698
619 699
621 700
619 701
619 702
614 703
621 704
620 705
619 706
616 707
622 708
616 709
612 710
621 711
624 712
617 713
613 714
611 715
608 716
610 717
617 718
621 719
