639 0
639 1
639 2
639 3
639 4
639 5
639 6
639 7
639 8
639 9
639 10
639 11
639 12
639 13
639 14
639 15
639 16
639 17
639 18
639 19
639 20
639 21
639 22
639 23
639 24
639 25
639 26
639 27
639 28
639 29
639 30
639 31
639 32
639 33
639 34
639 35
639 36
639 37
639 38
639 39
639 40
639 41
639 42
639 43
639 44
639 45
639 46
639 47
639 48
639 49
639 50
639 51
639 52
639 53
639 54
639 55
639 56
639 57
639 58
639 59
639 60
639 61
639 62
639 63
639 64
639 65
639 66
639 67
639 68
639 69
639 70
639 71
639 72
639 73
639 74
639 75
639 76
639 77
639 78
639 79
639 80
639 81
639 82
639 83
639 84
639 85
639 86
639 87
639 88
639 89
639 90
639 91
639 92
641 93
641 94
642 95
645 96
649 97
658 98
665 99
666 100
669 101
669 102
669 103
672 104
684 105
689 106
692 107
698 108
703 109
709 110
715 111
717 112
722 113
720 114
720 115
725 116
731 117
741 118
752 119
747 120
758 121
759 122
767 123
768 124
771 125
773 126
780 127
785 128
788 129
789 130
799 131
811 132
814 133
817 134
814 135
827 136
842 137
866 138
867 139
871 140
873 141
874 142
876 143
879 144
878 145
883 146
888 147
891 148
894 149
895 150
897 151
898 152
902 153
905 154
908 155
910 156
911 157
914 158
913 159
914 160
914 161
924 162
928 163
935 164
937 165
939 166
941 167
943 168
944 169
947 170
949 171
949 172
951 173
955 174
959 175
965 176
975 177
985 178
1002 179
1008 180
1011 181
1012 182
1010 183
1012 184
1014 185
1015 186
1016 187
1019 188
1021 189
1025 190
1028 191
1026 192
1038 193
1045 194
1052 195
1054 196
1055 197
1054 198
1063 199
1072 200
1089 201
1101 202
1106 203
1112 204
1118 205
1124 206
1126 207
1130 208
1135 209
1141 210
1148 211
1152 212
1150 213
1151 214
1147 215
1162 216
1167 217
1172 218
1172 219
1172 220
1174 221
1175 222
1181 223
1187 224
1181 225
1186 226
1181 227
1193 228
1200 229
1201 230
1204 231
1206 232
1215 233
1209 234
1212 235
1224 236
1218 237
1235 238
1232 239
1239 240
1239 241
1245 242
1251 243
1229 244
1251 245
1192 246
1160 247
1062 248
1001 249
1276 250
939 254
1148 255
1240 259
726 263
891 267
935 268
956 269
815 270
896 271
816 272
816 273
818 275
818 276
818 277
1279 279
1241 280
876 282
1256 287
851 288
808 289
960 292
960 293
1252 295
1195 297
960 304
0 305
4 306
5 307
8 308
15 309
17 310
68 311
44 312
45 313
46 314
49 315
50 316
53 317
64 318
66 319
57 320
59 321
51 322
54 323
57 324
58 325
60 326
61 327
62 328
63 329
65 330
67 331
69 332
70 333
75 334
77 335
81 336
82 337
86 338
90 339
93 340
149 341
182 342
190 343
195 344
202 345
211 346
226 347
235 348
232 349
244 350
254 351
257 352
254 353
254 354
265 355
267 356
269 357
273 358
276 359
279 360
282 361
288 362
288 363
301 364
307 365
310 366
319 367
314 368
317 369
326 370
327 371
327 372
329 373
333 374
344 375
346 376
348 377
354 378
354 379
355 380
364 381
367 382
367 383
368 384
369 385
375 386
375 387
375 388
375 389
379 390
378 391
383 392
380 393
379 394
384 395
385 396
386 397
385 398
384 399
383 400
385 401
382 402
378 403
375 404
371 405
369 406
367 407
361 408
354 409
349 410
348 411
350 412
351 413
358 414
360 415
364 416
367 417
381 418
390 419
395 420
406 421
414 422
415 423
419 424
431 425
445 426
476 427
494 428
497 429
494 430
502 431
505 432
514 433
519 434
520 435
537 436
541 437
540 438
548 439
554 440
556 441
567 442
569 443
577 444
589 445
588 446
590 447
598 448
600 449
603 450
610 451
613 452
614 453
612 454
616 455
615 456
614 457
614 458
614 459
614 460
614 461
615 462
612 463
611 464
610 465
612 466
611 467
613 468
613 469
612 470
614 471
613 472
610 473
613 474
613 475
611 476
614 477
616 478
611 479
612 480
616 481
616 482
616 483
618 484
617 485
618 486
615 487
617 488
618 489
618 490
618 491
618 492
618 493
616 494
615 495
612 496
615 497
616 498
616 499
616 500
616 501
617 502
617 503
618 504
617 505
617 506
617 507
617 508
617 509
619 510
619 511
619 512
619 513
619 514
619 515
619 516
620 517
618 518
618 519
621 520
620 521
621 522
623 523
622 524
622 525
621 526
621 527
623 528
621 529
621 530
623 531
624 532
624 533
623 534
623 535
622 536
622 537
624 538
624 539
624 540
625 541
626 542
627 543
627 544
628 545
629 546
628 547
629 548
630 549
633 550
634 551
634 552
634 553
634 554
634 555
634 556
634 557
633 558
634 559
633 560
633 561
634 562
635 563
634 564
635 565
637 566
639 567
638 568
639 569
639 570
638 571
638 572
638 573
638 574
638 575
638 576
637 577
635 578
635 579
635 580
637 581
638 582
638 583
638 584
639 585
638 586
638 587
639 588
638 589
638 590
638 591
638 592
639 593
637 594
639 595
638 596
638 597
638 598
638 599
638 600
638 601
638 602
639 603
637 604
637 605
635 606
638 607
636 608
637 609
637 610
637 611
636 612
637 613
638 614
636 615
635 616
638 617
638 618
637 619
637 620
637 621
637 622
635 623
637 624
638 625
637 626
635 627
636 628
636 629
636 630
634 631
636 632
638 633
636 634
635 635
635 636
636 637
636 638
635 639
635 640
638 641
638 642
636 643
635 644
634 645
634 646
632 647
632 648
633 649
631 650
632 651
632 652
630 653
626 654
627 655
630 656
631 657
631 658
631 659
632 660
632 661
628 662
628 663
628 664
625 665
623 666
623 667
623 668
627 669
629 670
624 671
625 672
633 673
633 674
630 675
630 676
628 677
631 678
625 679
630 680
634 681
631 682
628 683
629 684
626 685
627 686
628 687
629 688
628 689
629 690
630 691
623 692
622 693
619 694
619 695
624 696
622 697
622 698
619 699
622 700
619 701
620 702
624 703
623 704
613 705
610 706
614 707
612 708
620 709
623 710
618 711
620 712
616 713
615 714
612 715
607 716
604 717
619 718
616 719
