639 0
639 1
639 2
639 3
639 4
639 5
639 6
639 7
639 8
639 9
639 10
639 11
639 12
639 13
639 14
639 15
639 16
639 17
639 18
639 19
639 20
639 21
639 22
639 23
639 24
639 25
639 26
639 27
639 28
639 29
639 30
639 31
639 32
639 33
639 34
639 35
639 36
639 37
639 38
639 39
639 40
639 41
639 42
639 43
639 44
639 45
639 46
639 47
639 48
639 49
639 50
639 51
639 52
639 53
639 54
639 55
639 56
639 57
639 58
639 59
639 60
639 61
639 62
639 63
639 64
639 65
639 66
639 67
639 68
639 69
639 70
639 71
639 72
639 73
639 74
639 75
639 76
639 77
639 78
639 79
639 80
639 81
639 82
639 83
639 84
639 85
639 86
639 87
639 88
639 89
639 90
639 91
639 92
639 93
640 94
643 95
647 96
650 97
656 98
663 99
667 100
672 101
671 102
668 103
675 104
687 105
696 106
698 107
699 108
703 109
710 110
721 111
724 112
732 113
729 114
725 115
728 116
733 117
744 118
747 119
752 120
758 121
761 122
770 123
770 124
770 125
774 126
785 127
785 128
788 129
791 130
800 131
803 132
810 133
816 134
822 135
826 136
844 137
864 138
870 139
871 140
874 141
875 142
873 143
876 144
878 145
882 146
889 147
893 148
894 149
896 150
898 151
898 152
901 153
905 154
909 155
910 156
914 157
913 158
913 159
915 160
916 161
922 162
928 163
934 164
935 165
936 166
942 167
943 168
944 169
947 170
947 171
949 172
950 173
955 174
959 175
964 176
975 177
993 178
1005 179
1007 180
1010 181
1010 182
1012 183
1013 184
1015 185
1016 186
1016 187
1018 188
1022 189
1025 190
1025 191
1025 192
1035 193
1044 194
1055 195
1054 196
1054 197
1056 198
1065 199
1074 200
1090 201
1104 202
1103 203
1110 204
1119 205
1125 206
1128 207
1129 208
1137 209
1143 210
1153 211
1154 212
1155 213
1154 214
1162 215
1165 216
1176 217
1175 218
1172 219
1176 220
1176 221
1177 222
1187 223
1183 224
1188 225
1189 226
1192 227
1196 228
1196 229
1197 230
1200 231
1200 232
1205 233
1211 234
1222 235
1227 236
1233 237
1232 238
1234 239
1238 240
1246 241
1252 242
1256 243
1263 244
1265 245
1267 246
1250 247
1261 248
1232 249
1154 250
1210 251
1107 255
1216 262
1221 263
1213 264
791 266
964 267
946 268
905 269
793 270
928 271
913 272
904 273
796 274
796 275
796 276
796 277
794 278
938 279
1256 285
1039 291
1193 296
943 301
942 302
942 303
942 304
2 305
2 306
5 307
54 308
44 309
42 310
42 311
43 312
44 313
33 314
35 315
39 316
42 317
44 318
48 319
47 320
50 321
52 322
55 323
56 324
58 325
59 326
62 327
62 328
63 329
66 330
67 331
68 332
72 333
74 334
77 335
78 336
83 337
85 338
93 339
112 340
157 341
181 342
188 343
197 344
205 345
210 346
219 347
228 348
228 349
234 350
255 351
256 352
257 353
259 354
262 355
259 356
262 357
266 358
267 359
274 360
276 361
280 362
284 363
289 364
295 365
297 366
304 367
316 368
312 369
314 370
319 371
320 372
324 373
328 374
333 375
339 376
346 377
348 378
352 379
354 380
354 381
356 382
363 383
360 384
364 385
366 386
367 387
371 388
371 389
372 390
374 391
370 392
376 393
377 394
379 395
375 396
376 397
379 398
380 399
380 400
380 401
380 402
380 403
377 404
374 405
372 406
371 407
365 408
354 409
347 410
346 411
337 412
337 413
339 414
347 415
354 416
355 417
370 418
377 419
393 420
410 421
417 422
433 423
438 424
450 425
462 426
483 427
494 428
503 429
509 430
508 431
514 432
524 433
523 434
527 435
531 436
538 437
543 438
546 439
543 440
559 441
564 442
565 443
574 444
583 445
590 446
592 447
605 448
607 449
612 450
608 451
611 452
610 453
616 454
611 455
612 456
612 457
616 458
615 459
609 460
610 461
612 462
610 463
611 464
611 465
614 466
615 467
616 468
616 469
615 470
615 471
615 472
615 473
614 474
616 475
617 476
615 477
617 478
614 479
618 480
617 481
617 482
614 483
617 484
619 485
619 486
618 487
617 488
618 489
617 490
615 491
617 492
617 493
616 494
616 495
614 496
617 497
617 498
618 499
617 500
619 501
618 502
618 503
619 504
620 505
620 506
620 507
620 508
619 509
621 510
620 511
621 512
620 513
622 514
623 515
623 516
622 517
624 518
622 519
622 520
621 521
622 522
622 523
622 524
624 525
625 526
625 527
625 528
625 529
624 530
623 531
624 532
625 533
624 534
624 535
625 536
627 537
627 538
627 539
627 540
629 541
630 542
627 543
630 544
630 545
632 546
632 547
635 548
635 549
634 550
634 551
634 552
634 553
634 554
633 555
633 556
633 557
634 558
635 559
634 560
635 561
637 562
638 563
639 564
638 565
639 566
638 567
638 568
638 569
639 570
638 571
639 572
639 573
638 574
638 575
638 576
638 577
637 578
638 579
637 580
636 581
636 582
636 583
638 584
638 585
639 586
639 587
638 588
638 589
638 590
636 591
638 592
638 593
637 594
638 595
638 596
638 597
638 598
637 599
638 600
637 601
638 602
639 603
639 604
637 605
638 606
639 607
638 608
638 609
638 610
638 611
638 612
638 613
638 614
638 615
638 616
636 617
638 618
637 619
638 620
637 621
636 622
636 623
636 624
636 625
637 626
638 627
638 628
636 629
638 630
634 631
636 632
638 633
637 634
637 635
638 636
637 637
637 638
635 639
635 640
634 641
632 642
631 643
631 644
633 645
632 646
629 647
629 648
634 649
632 650
631 651
632 652
634 653
632 654
632 655
631 656
634 657
633 658
633 659
634 660
634 661
633 662
632 663
628 664
626 665
628 666
627 667
626 668
627 669
624 670
624 671
625 672
630 673
630 674
627 675
631 676
628 677
629 678
627 679
628 680
631 681
629 682
628 683
628 684
623 685
627 686
627 687
625 688
627 689
628 690
625 691
622 692
621 693
621 694
627 695
620 696
623 697
624 698
623 699
618 700
616 701
625 702
620 703
623 704
617 705
618 706
618 707
617 708
615 709
613 710
614 711
608 712
611 713
625 714
623 715
606 716
603 717
617 718
618 719
