639 0
639 1
639 2
639 3
639 4
639 5
639 6
639 7
639 8
639 9
639 10
639 11
639 12
639 13
639 14
639 15
639 16
639 17
639 18
639 19
639 20
639 21
639 22
639 23
639 24
639 25
639 26
639 27
639 28
639 29
639 30
639 31
639 32
639 33
639 34
639 35
639 36
639 37
639 38
639 39
639 40
639 41
639 42
639 43
639 44
639 45
639 46
639 47
639 48
639 49
639 50
639 51
639 52
639 53
639 54
639 55
639 56
639 57
639 58
639 59
639 60
639 61
639 62
639 63
639 64
639 65
639 66
639 67
639 68
639 69
639 70
639 71
639 72
639 73
639 74
639 75
639 76
639 77
639 78
639 79
639 80
639 81
639 82
639 83
639 84
639 85
639 86
639 87
639 88
639 89
639 90
639 91
639 92
640 93
641 94
643 95
644 96
652 97
659 98
666 99
673 100
669 101
666 102
667 103
673 104
688 105
694 106
698 107
703 108
703 109
707 110
717 111
718 112
720 113
723 114
724 115
728 116
732 117
740 118
746 119
749 120
754 121
759 122
771 123
772 124
771 125
772 126
785 127
788 128
789 129
787 130
804 131
808 132
809 133
811 134
821 135
828 136
844 137
865 138
870 139
871 140
875 141
876 142
875 143
875 144
880 145
882 146
886 147
891 148
894 149
895 150
898 151
896 152
899 153
905 154
909 155
910 156
911 157
914 158
913 159
912 160
916 161
918 162
928 163
934 164
935 165
939 166
940 167
943 168
945 169
948 170
948 171
948 172
950 173
954 174
958 175
963 176
977 177
994 178
1001 179
1007 180
1010 181
1011 182
1012 183
1012 184
1015 185
1014 186
1015 187
1019 188
1022 189
1025 190
1026 191
1025 192
1035 193
1047 194
1054 195
1056 196
1054 197
1054 198
1064 199
1072 200
1092 201
1106 202
1102 203
1110 204
1122 205
1123 206
1128 207
1129 208
1135 209
1142 210
1152 211
1150 212
1154 213
1157 214
1159 215
1170 216
1174 217
1175 218
1173 219
1175 220
1172 221
1169 222
1178 223
1183 224
1185 225
1187 226
1189 227
1198 228
1201 229
1192 230
1199 231
1200 232
1203 233
1206 234
1214 235
1208 236
1220 237
1223 238
1218 239
1234 240
1243 241
1246 242
1250 243
1259 244
1261 245
1251 246
1234 247
1266 248
1266 249
1275 250
1211 251
1160 255
1095 258
1226 259
1226 260
1186 263
1279 266
1199 267
786 271
785 272
785 273
786 274
785 275
1029 276
789 277
789 278
789 279
1160 285
1277 286
1192 296
1200 298
1189 300
938 302
938 303
938 304
938 305
210 306
148 307
107 308
78 309
18 310
22 311
26 312
29 313
30 314
37 315
38 316
43 317
43 318
56 319
66 320
51 321
53 322
54 323
57 324
57 325
59 326
67 327
62 328
63 329
65 330
67 331
69 332
72 333
83 334
86 335
80 336
83 337
87 338
91 339
95 340
143 341
189 342
197 343
198 344
211 345
212 346
207 347
215 348
225 349
233 350
242 351
249 352
254 353
254 354
243 355
252 356
261 357
261 358
264 359
273 360
276 361
281 362
283 363
291 364
298 365
300 366
300 367
307 368
311 369
313 370
318 371
322 372
322 373
322 374
331 375
335 376
342 377
344 378
344 379
347 380
352 381
355 382
359 383
359 384
361 385
361 386
360 387
365 388
367 389
368 390
368 391
368 392
370 393
373 394
371 395
374 396
376 397
373 398
374 399
380 400
375 401
377 402
378 403
377 404
372 405
375 406
375 407
365 408
363 409
352 410
345 411
342 412
341 413
338 414
337 415
335 416
340 417
351 418
361 419
371 420
386 421
407 422
431 423
437 424
444 425
455 426
478 427
495 428
506 429
511 430
513 431
514 432
515 433
520 434
536 435
532 436
536 437
539 438
537 439
548 440
560 441
559 442
560 443
576 444
576 445
581 446
595 447
599 448
596 449
603 450
615 451
616 452
614 453
614 454
610 455
616 456
615 457
610 458
602 459
606 460
614 461
614 462
611 463
613 464
615 465
611 466
612 467
614 468
613 469
613 470
614 471
614 472
613 473
614 474
614 475
616 476
617 477
618 478
614 479
614 480
619 481
618 482
620 483
619 484
615 485
617 486
616 487
616 488
615 489
615 490
614 491
617 492
617 493
618 494
618 495
617 496
619 497
619 498
620 499
618 500
618 501
621 502
621 503
620 504
618 505
618 506
620 507
620 508
621 509
622 510
621 511
620 512
620 513
623 514
622 515
621 516
623 517
622 518
624 519
624 520
622 521
624 522
623 523
624 524
620 525
622 526
624 527
625 528
626 529
624 530
625 531
625 532
626 533
626 534
627 535
627 536
627 537
627 538
627 539
628 540
629 541
628 542
629 543
632 544
634 545
635 546
635 547
634 548
634 549
634 550
634 551
633 552
633 553
632 554
634 555
634 556
634 557
634 558
634 559
636 560
639 561
638 562
639 563
637 564
639 565
638 566
638 567
638 568
639 569
637 570
639 571
638 572
639 573
638 574
638 575
638 576
638 577
638 578
639 579
638 580
638 581
637 582
636 583
636 584
637 585
637 586
639 587
639 588
639 589
639 590
638 591
638 592
639 593
639 594
638 595
638 596
639 597
639 598
637 599
637 600
638 601
638 602
638 603
638 604
638 605
638 606
636 607
636 608
636 609
637 610
638 611
637 612
638 613
638 614
635 615
638 616
638 617
637 618
638 619
635 620
637 621
638 622
637 623
636 624
637 625
637 626
636 627
637 628
633 629
636 630
638 631
636 632
637 633
637 634
635 635
635 636
636 637
636 638
637 639
636 640
634 641
633 642
634 643
626 644
630 645
631 646
632 647
631 648
631 649
632 650
631 651
632 652
633 653
633 654
631 655
628 656
627 657
631 658
633 659
633 660
632 661
631 662
629 663
632 664
632 665
632 666
632 667
626 668
624 669
623 670
620 671
622 672
626 673
627 674
626 675
628 676
626 677
628 678
630 679
630 680
631 681
629 682
625 683
627 684
626 685
625 686
620 687
621 688
633 689
625 690
619 691
626 692
624 693
617 694
620 695
615 696
610 697
620 698
621 699
620 700
625 701
628 702
618 703
619 704
621 705
614 706
610 707
623 708
624 709
613 710
612 711
613 712
616 713
610 714
605 715
601 716
612 717
614 718
619 719
