639 0
639 1
639 2
639 3
639 4
639 5
639 6
639 7
639 8
639 9
639 10
639 11
639 12
639 13
639 14
639 15
639 16
639 17
639 18
639 19
639 20
639 21
639 22
639 23
639 24
639 25
639 26
639 27
639 28
639 29
639 30
639 31
639 32
639 33
639 34
639 35
639 36
639 37
639 38
639 39
639 40
639 41
639 42
639 43
639 44
639 45
639 46
639 47
639 48
639 49
639 50
639 51
639 52
639 53
639 54
639 55
639 56
639 57
639 58
639 59
639 60
639 61
639 62
639 63
639 64
639 65
639 66
639 67
639 68
639 69
639 70
639 71
639 72
639 73
639 74
639 75
639 76
639 77
639 78
639 79
639 80
639 81
639 82
639 83
639 84
639 85
639 86
639 87
639 88
639 89
639 90
639 91
639 92
640 93
642 94
642 95
644 96
652 97
657 98
665 99
674 100
670 101
664 102
672 103
676 104
691 105
700 106
697 107
699 108
698 109
703 110
714 111
715 112
722 113
729 114
723 115
726 116
735 117
744 118
748 119
752 120
758 121
762 122
766 123
770 124
771 125
773 126
783 127
788 128
789 129
791 130
805 131
810 132
815 133
816 134
828 135
830 136
843 137
863 138
871 139
870 140
871 141
873 142
875 143
875 144
878 145
883 146
889 147
890 148
893 149
895 150
898 151
899 152
902 153
906 154
907 155
911 156
912 157
912 158
914 159
916 160
918 161
919 162
928 163
934 164
935 165
935 166
941 167
942 168
946 169
947 170
949 171
952 172
951 173
952 174
961 175
966 176
983 177
990 178
1002 179
1007 180
1009 181
1010 182
1010 183
1012 184
1015 185
1018 186
1016 187
1018 188
1020 189
1020 190
1025 191
1025 192
1037 193
1046 194
1052 195
1056 196
1056 197
1055 198
1063 199
1071 200
1089 201
1104 202
1108 203
1114 204
1113 205
1125 206
1127 207
1130 208
1135 209
1142 210
1151 211
1154 212
1152 213
1153 214
1155 215
1174 216
1176 217
1171 218
1168 219
1172 220
1176 221
1177 222
1183 223
1180 224
1190 225
1191 226
1192 227
1194 228
1190 229
1196 230
1202 231
1203 232
1210 233
1208 234
1214 235
1204 236
1212 237
1232 238
1233 239
1237 240
1246 241
1243 242
1253 243
1244 244
1249 245
1215 246
1199 247
1217 248
1272 249
1270 250
1264 251
1184 254
784 257
1207 260
1256 262
1193 263
1123 264
797 265
797 266
797 267
799 268
799 269
953 270
967 271
800 272
801 273
802 274
802 275
802 276
801 277
804 278
818 279
868 282
949 289
1271 290
1192 296
1265 299
1 306
131 307
88 308
70 309
43 310
42 311
26 312
28 313
32 314
38 315
39 316
42 317
44 318
56 319
48 320
51 321
52 322
55 323
57 324
58 325
59 326
69 327
61 328
63 329
71 330
80 331
83 332
84 333
80 334
97 335
79 336
84 337
86 338
90 339
100 340
136 341
182 342
189 343
195 344
196 345
204 346
219 347
226 348
236 349
241 350
251 351
250 352
256 353
260 354
263 355
263 356
265 357
271 358
270 359
269 360
272 361
278 362
287 363
296 364
298 365
306 366
308 367
309 368
315 369
315 370
319 371
324 372
329 373
330 374
334 375
339 376
343 377
349 378
355 379
363 380
365 381
366 382
367 383
369 384
367 385
367 386
368 387
374 388
374 389
373 390
373 391
374 392
378 393
379 394
376 395
379 396
383 397
383 398
385 399
383 400
383 401
385 402
380 403
373 404
374 405
373 406
372 407
369 408
359 409
348 410
346 411
343 412
339 413
342 414
346 415
346 416
355 417
374 418
378 419
383 420
400 421
408 422
414 423
431 424
448 425
458 426
476 427
494 428
504 429
507 430
501 431
512 432
525 433
525 434
529 435
534 436
539 437
538 438
539 439
540 440
559 441
569 442
565 443
577 444
584 445
586 446
594 447
599 448
607 449
608 450
614 451
613 452
613 453
611 454
613 455
608 456
609 457
617 458
620 459
618 460
618 461
614 462
606 463
610 464
611 465
610 466
613 467
614 468
613 469
614 470
615 471
613 472
615 473
615 474
614 475
612 476
615 477
618 478
617 479
614 480
614 481
616 482
619 483
619 484
616 485
617 486
617 487
618 488
618 489
617 490
616 491
615 492
617 493
616 494
616 495
617 496
617 497
618 498
617 499
617 500
617 501
617 502
615 503
619 504
619 505
619 506
620 507
620 508
620 509
620 510
620 511
620 512
619 513
619 514
621 515
620 516
623 517
622 518
621 519
622 520
623 521
623 522
622 523
620 524
622 525
623 526
623 527
623 528
625 529
624 530
623 531
623 532
626 533
624 534
623 535
625 536
625 537
624 538
625 539
626 540
626 541
627 542
628 543
628 544
629 545
631 546
632 547
634 548
634 549
635 550
634 551
635 552
635 553
634 554
634 555
633 556
634 557
633 558
634 559
634 560
634 561
634 562
635 563
638 564
639 565
639 566
638 567
639 568
639 569
638 570
638 571
638 572
638 573
638 574
638 575
638 576
639 577
638 578
638 579
636 580
636 581
635 582
636 583
637 584
638 585
638 586
637 587
638 588
637 589
638 590
638 591
639 592
639 593
637 594
637 595
638 596
639 597
639 598
637 599
637 600
637 601
638 602
639 603
639 604
639 605
638 606
637 607
637 608
639 609
638 610
638 611
638 612
638 613
638 614
637 615
634 616
637 617
638 618
637 619
637 620
637 621
637 622
636 623
638 624
638 625
637 626
636 627
638 628
638 629
635 630
637 631
637 632
636 633
635 634
636 635
636 636
635 637
637 638
636 639
637 640
634 641
634 642
634 643
630 644
631 645
632 646
631 647
631 648
634 649
632 650
633 651
634 652
634 653
634 654
635 655
633 656
627 657
630 658
633 659
632 660
628 661
631 662
629 663
630 664
631 665
628 666
625 667
627 668
625 669
626 670
621 671
623 672
624 673
626 674
625 675
630 676
631 677
629 678
620 679
624 680
626 681
627 682
627 683
629 684
626 685
628 686
627 687
630 688
623 689
619 690
625 691
620 692
623 693
626 694
621 695
626 696
622 697
615 698
614 699
615 700
623 701
621 702
623 703
618 704
619 705
623 706
619 707
618 708
616 709
608 710
606 711
609 712
614 713
617 714
613 715
611 716
613 717
605 718
612 719
