639 0
639 1
639 2
639 3
639 4
639 5
639 6
639 7
639 8
639 9
639 10
639 11
639 12
639 13
639 14
639 15
639 16
639 17
639 18
639 19
639 20
639 21
639 22
639 23
639 24
639 25
639 26
639 27
639 28
639 29
639 30
639 31
639 32
639 33
639 34
639 35
639 36
639 37
639 38
639 39
639 40
639 41
639 42
639 43
639 44
639 45
639 46
639 47
639 48
639 49
639 50
639 51
639 52
639 53
639 54
639 55
639 56
639 57
639 58
639 59
639 60
639 61
639 62
639 63
639 64
639 65
639 66
639 67
639 68
639 69
639 70
639 71
639 72
639 73
639 74
639 75
639 76
639 77
639 78
639 79
639 80
639 81
639 82
639 83
639 84
639 85
639 86
639 87
639 88
639 89
639 90
639 91
639 92
640 93
642 94
642 95
646 96
651 97
657 98
662 99
671 100
672 101
668 102
666 103
673 104
689 105
694 106
692 107
703 108
707 109
707 110
714 111
720 112
719 113
722 114
722 115
727 116
737 117
744 118
746 119
748 120
754 121
760 122
768 123
769 124
770 125
774 126
785 127
788 128
789 129
789 130
800 131
806 132
815 133
817 134
822 135
835 136
845 137
866 138
870 139
869 140
873 141
874 142
876 143
876 144
878 145
884 146
889 147
892 148
894 149
895 150
898 151
900 152
901 153
906 154
910 155
912 156
912 157
913 158
916 159
913 160
917 161
921 162
927 163
934 164
937 165
938 166
942 167
944 168
947 169
948 170
949 171
951 172
952 173
954 174
960 175
962 176
972 177
987 178
998 179
1007 180
1007 181
1007 182
1012 183
1013 184
1016 185
1017 186
1016 187
1018 188
1021 189
1024 190
1025 191
1025 192
1035 193
1045 194
1053 195
1056 196
1056 197
1055 198
1063 199
1072 200
1087 201
1100 202
1108 203
1110 204
1117 205
1124 206
1127 207
1130 208
1134 209
1143 210
1151 211
1152 212
1150 213
1156 214
1162 215
1163 216
1174 217
1176 218
1173 219
1175 220
1176 221
1177 222
1181 223
1173 224
1181 225
1189 226
1188 227
1191 228
1193 229
1198 230
1203 231
1201 232
1208 233
1205 234
1206 235
1214 236
1214 237
1219 238
1235 239
1224 240
1244 241
1238 242
1248 243
1250 244
1248 245
1217 246
1128 247
1231 248
1225 252
1181 257
1261 259
1261 260
1271 263
792 265
964 266
792 267
939 268
1037 269
794 270
794 271
795 272
914 274
798 275
797 276
797 277
797 278
797 279
1173 280
1148 281
944 288
944 301
944 302
944 303
945 304
473 305
238 306
6 307
10 308
14 309
19 310
23 311
26 312
29 313
32 314
34 315
39 316
52 317
72 318
74 319
57 320
50 321
51 322
61 323
64 324
80 325
59 326
60 327
62 328
62 329
65 330
67 331
69 332
72 333
74 334
77 335
89 336
83 337
86 338
89 339
101 340
142 341
183 342
191 343
201 344
204 345
208 346
213 347
225 348
235 349
239 350
245 351
251 352
255 353
256 354
261 355
264 356
262 357
262 358
267 359
272 360
276 361
279 362
278 363
294 364
299 365
305 366
308 367
315 368
316 369
320 370
320 371
321 372
325 373
327 374
329 375
334 376
338 377
346 378
351 379
353 380
352 381
359 382
362 383
362 384
365 385
368 386
370 387
370 388
370 389
372 390
374 391
374 392
373 393
375 394
376 395
376 396
377 397
380 398
378 399
381 400
382 401
383 402
378 403
374 404
373 405
375 406
369 407
361 408
357 409
353 410
348 411
344 412
343 413
343 414
346 415
346 416
352 417
363 418
375 419
384 420
400 421
407 422
412 423
432 424
449 425
468 426
481 427
491 428
497 429
507 430
507 431
518 432
526 433
525 434
524 435
536 436
540 437
539 438
539 439
548 440
559 441
566 442
566 443
567 444
579 445
589 446
599 447
594 448
606 449
611 450
612 451
615 452
612 453
609 454
606 455
613 456
617 457
616 458
609 459
608 460
607 461
603 462
610 463
611 464
613 465
613 466
615 467
612 468
615 469
615 470
614 471
612 472
613 473
614 474
614 475
616 476
614 477
616 478
613 479
617 480
620 481
619 482
619 483
619 484
618 485
619 486
619 487
617 488
619 489
618 490
615 491
616 492
617 493
616 494
615 495
615 496
617 497
616 498
617 499
618 500
619 501
619 502
619 503
617 504
620 505
620 506
620 507
620 508
620 509
619 510
619 511
619 512
619 513
620 514
622 515
622 516
622 517
623 518
623 519
622 520
624 521
623 522
623 523
625 524
624 525
623 526
623 527
624 528
624 529
625 530
625 531
623 532
623 533
625 534
625 535
625 536
625 537
626 538
626 539
627 540
628 541
628 542
630 543
632 544
631 545
632 546
634 547
634 548
635 549
635 550
633 551
634 552
633 553
634 554
633 555
634 556
634 557
634 558
634 559
634 560
634 561
635 562
638 563
639 564
638 565
639 566
639 567
639 568
639 569
639 570
639 571
639 572
637 573
637 574
638 575
639 576
639 577
638 578
639 579
637 580
636 581
636 582
636 583
638 584
638 585
638 586
639 587
639 588
638 589
639 590
638 591
637 592
637 593
637 594
637 595
638 596
638 597
639 598
638 599
636 600
637 601
638 602
638 603
639 604
637 605
637 606
638 607
636 608
638 609
636 610
638 611
636 612
637 613
638 614
636 615
637 616
638 617
638 618
637 619
637 620
637 621
637 622
636 623
635 624
635 625
637 626
635 627
637 628
637 629
635 630
634 631
638 632
638 633
638 634
638 635
635 636
638 637
638 638
635 639
637 640
637 641
635 642
634 643
636 644
635 645
632 646
631 647
631 648
631 649
631 650
629 651
633 652
635 653
634 654
631 655
631 656
634 657
633 658
634 659
635 660
633 661
634 662
630 663
629 664
631 665
631 666
626 667
622 668
622 669
623 670
620 671
624 672
628 673
629 674
631 675
631 676
627 677
629 678
623 679
627 680
631 681
630 682
627 683
618 684
617 685
623 686
620 687
624 688
631 689
630 690
625 691
620 692
630 693
629 694
623 695
620 696
625 697
626 698
621 699
624 700
626 701
621 702
614 703
616 704
615 705
619 706
613 707
616 708
614 709
619 710
619 711
615 712
609 713
604 714
611 715
608 716
608 717
611 718
617 719
