639 0
639 1
639 2
639 3
639 4
639 5
639 6
639 7
639 8
639 9
639 10
639 11
639 12
639 13
639 14
639 15
639 16
639 17
639 18
639 19
639 20
639 21
639 22
639 23
639 24
639 25
639 26
639 27
639 28
639 29
639 30
639 31
639 32
639 33
639 34
639 35
639 36
639 37
639 38
639 39
639 40
639 41
639 42
639 43
639 44
639 45
639 46
639 47
639 48
639 49
639 50
639 51
639 52
639 53
639 54
639 55
639 56
639 57
639 58
639 59
639 60
639 61
639 62
639 63
639 64
639 65
639 66
639 67
639 68
639 69
639 70
639 71
639 72
639 73
639 74
639 75
639 76
639 77
639 78
639 79
639 80
639 81
639 82
639 83
639 84
639 85
639 86
639 87
639 88
639 89
639 90
639 91
639 92
640 93
642 94
643 95
644 96
653 97
661 98
660 99
667 100
672 101
672 102
669 103
676 104
690 105
701 106
700 107
700 108
707 109
712 110
713 111
719 112
719 113
722 114
724 115
726 116
739 117
746 118
746 119
750 120
757 121
764 122
766 123
772 124
771 125
773 126
781 127
787 128
786 129
788 130
801 131
812 132
815 133
816 134
825 135
831 136
840 137
857 138
864 139
870 140
873 141
875 142
873 143
876 144
878 145
883 146
888 147
891 148
891 149
895 150
896 151
901 152
902 153
906 154
907 155
909 156
910 157
911 158
915 159
915 160
918 161
920 162
927 163
930 164
936 165
939 166
940 167
941 168
945 169
948 170
947 171
950 172
951 173
955 174
957 175
963 176
977 177
987 178
993 179
1006 180
1009 181
1009 182
1009 183
1011 184
1014 185
1018 186
1018 187
1018 188
1020 189
1025 190
1025 191
1025 192
1036 193
1043 194
1053 195
1055 196
1056 197
1056 198
1062 199
1076 200
1088 201
1099 202
1105 203
1110 204
1120 205
1123 206
1127 207
1128 208
1138 209
1142 210
1152 211
1153 212
1149 213
1150 214
1156 215
1163 216
1173 217
1174 218
1170 219
1170 220
1176 221
1176 222
1183 223
1184 224
1181 225
1177 226
1194 227
1195 228
1200 229
1200 230
1194 231
1194 232
1206 233
1219 234
1223 235
1222 236
1229 237
1226 238
1223 239
1239 240
1248 241
1252 242
1251 243
1255 244
1267 245
1258 246
1243 247
1160 248
1273 251
1031 256
1199 257
1199 258
1201 259
1200 260
1261 263
1269 266
1261 267
1270 268
800 269
800 270
1017 271
801 272
801 273
802 274
803 275
803 276
802 277
866 281
952 287
951 288
952 289
947 290
1203 293
924 296
1 306
6 307
11 308
14 309
18 310
22 311
26 312
44 313
72 314
87 315
53 316
41 317
42 318
45 319
49 320
50 321
52 322
55 323
57 324
58 325
59 326
60 327
62 328
62 329
66 330
73 331
69 332
71 333
74 334
77 335
93 336
83 337
91 338
95 339
97 340
148 341
186 342
192 343
197 344
203 345
213 346
224 347
230 348
239 349
244 350
249 351
253 352
262 353
268 354
268 355
267 356
271 357
270 358
269 359
272 360
278 361
280 362
288 363
295 364
304 365
307 366
315 367
318 368
307 369
315 370
320 371
323 372
329 373
334 374
343 375
344 376
347 377
350 378
355 379
361 380
361 381
361 382
366 383
364 384
367 385
365 386
368 387
371 388
374 389
374 390
376 391
373 392
381 393
381 394
379 395
379 396
381 397
382 398
385 399
385 400
383 401
382 402
380 403
376 404
373 405
373 406
367 407
360 408
350 409
346 410
343 411
342 412
342 413
348 414
349 415
350 416
360 417
372 418
378 419
385 420
402 421
414 422
418 423
435 424
447 425
465 426
482 427
497 428
503 429
505 430
506 431
507 432
529 433
532 434
527 435
540 436
539 437
540 438
542 439
558 440
560 441
554 442
569 443
576 444
581 445
586 446
592 447
593 448
610 449
610 450
602 451
610 452
614 453
611 454
608 455
616 456
616 457
615 458
615 459
615 460
617 461
612 462
607 463
611 464
613 465
615 466
613 467
611 468
609 469
615 470
614 471
614 472
614 473
615 474
615 475
615 476
616 477
616 478
613 479
618 480
616 481
615 482
614 483
616 484
619 485
619 486
619 487
617 488
615 489
617 490
615 491
615 492
615 493
617 494
617 495
614 496
616 497
616 498
616 499
617 500
617 501
618 502
618 503
619 504
619 505
619 506
620 507
620 508
621 509
620 510
618 511
619 512
620 513
620 514
620 515
620 516
620 517
620 518
621 519
621 520
620 521
621 522
623 523
622 524
625 525
625 526
624 527
623 528
626 529
626 530
627 531
625 532
623 533
624 534
623 535
624 536
624 537
625 538
626 539
627 540
628 541
627 542
626 543
628 544
629 545
630 546
633 547
633 548
634 549
634 550
634 551
633 552
634 553
634 554
634 555
634 556
634 557
634 558
634 559
634 560
635 561
635 562
636 563
639 564
639 565
639 566
638 567
638 568
639 569
639 570
638 571
638 572
637 573
638 574
637 575
639 576
639 577
638 578
636 579
635 580
635 581
637 582
638 583
639 584
639 585
639 586
639 587
638 588
638 589
638 590
638 591
639 592
639 593
640 594
639 595
639 596
638 597
639 598
639 599
638 600
639 601
639 602
639 603
639 604
637 605
638 606
637 607
638 608
638 609
639 610
637 611
637 612
638 613
638 614
635 615
638 616
638 617
638 618
637 619
637 620
637 621
638 622
637 623
637 624
638 625
638 626
636 627
637 628
636 629
635 630
635 631
636 632
637 633
638 634
637 635
635 636
636 637
636 638
633 639
636 640
636 641
637 642
636 643
635 644
636 645
634 646
630 647
632 648
633 649
630 650
631 651
633 652
635 653
635 654
632 655
634 656
634 657
632 658
631 659
631 660
631 661
629 662
630 663
629 664
629 665
627 666
627 667
627 668
626 669
625 670
621 671
624 672
627 673
629 674
624 675
628 676
627 677
627 678
629 679
628 680
625 681
624 682
624 683
626 684
623 685
622 686
623 687
627 688
628 689
626 690
623 691
624 692
616 693
618 694
619 695
623 696
625 697
627 698
624 699
622 700
617 701
615 702
616 703
616 704
616 705
615 706
609 707
616 708
626 709
621 710
624 711
621 712
623 713
623 714
618 715
616 716
615 717
618 718
617 719
