639 0
639 1
639 2
639 3
639 4
639 5
639 6
639 7
639 8
639 9
639 10
639 11
639 12
639 13
639 14
639 15
639 16
639 17
639 18
639 19
639 20
639 21
639 22
639 23
639 24
639 25
639 26
639 27
639 28
639 29
639 30
639 31
639 32
639 33
639 34
639 35
639 36
639 37
639 38
639 39
639 40
639 41
639 42
639 43
639 44
639 45
639 46
639 47
639 48
639 49
639 50
639 51
639 52
639 53
639 54
639 55
639 56
639 57
639 58
639 59
639 60
639 61
639 62
639 63
639 64
639 65
639 66
639 67
639 68
639 69
639 70
639 71
639 72
639 73
639 74
639 75
639 76
639 77
639 78
639 79
639 80
639 81
639 82
639 83
639 84
639 85
639 86
639 87
639 88
639 89
639 90
639 91
639 92
640 93
641 94
645 95
648 96
651 97
662 98
660 99
665 100
669 101
669 102
667 103
681 104
687 105
692 106
695 107
697 108
699 109
709 110
713 111
724 112
728 113
728 114
726 115
732 116
733 117
739 118
746 119
746 120
755 121
763 122
770 123
769 124
771 125
773 126
784 127
785 128
786 129
791 130
799 131
806 132
815 133
822 134
821 135
833 136
842 137
862 138
865 139
870 140
872 141
874 142
877 143
876 144
879 145
882 146
886 147
887 148
893 149
897 150
898 151
900 152
902 153
906 154
909 155
907 156
911 157
911 158
913 159
915 160
918 161
918 162
926 163
935 164
936 165
938 166
940 167
943 168
944 169
947 170
949 171
951 172
952 173
954 174
959 175
965 176
982 177
998 178
1003 179
1008 180
1010 181
1011 182
1013 183
1014 184
1014 185
1015 186
1018 187
1018 188
1019 189
1022 190
1025 191
1026 192
1037 193
1047 194
1055 195
1056 196
1055 197
1057 198
1064 199
1071 200
1090 201
1105 202
1105 203
1110 204
1120 205
1124 206
1127 207
1130 208
1136 209
1139 210
1150 211
1152 212
1147 213
1148 214
1156 215
1168 216
1173 217
1168 218
1167 219
1175 220
1174 221
1176 222
1181 223
1190 224
1180 225
1176 226
1187 227
1198 228
1197 229
1205 230
1194 231
1185 232
1197 233
1211 234
1214 235
1216 236
1232 237
1232 238
1229 239
1222 240
1238 241
1243 242
1249 243
1247 244
1239 245
1267 246
1232 247
1190 248
1175 249
1052 250
778 254
1057 255
1047 256
1231 258
1201 259
1143 260
1272 262
910 263
1019 264
1252 265
916 267
801 268
993 269
912 270
912 271
802 272
802 273
800 274
800 275
800 276
800 277
800 278
800 279
1191 280
886 282
887 286
887 287
952 288
928 295
1196 296
817 302
817 303
1 305
2 306
5 307
52 308
43 309
71 310
47 311
25 312
30 313
46 314
48 315
51 316
52 317
44 318
47 319
76 320
67 321
61 322
70 323
71 324
64 325
59 326
73 327
62 328
64 329
66 330
68 331
70 332
72 333
75 334
77 335
84 336
83 337
86 338
98 339
117 340
147 341
187 342
191 343
194 344
204 345
213 346
230 347
230 348
229 349
241 350
246 351
252 352
252 353
261 354
260 355
267 356
266 357
274 358
273 359
276 360
277 361
278 362
291 363
295 364
301 365
310 366
314 367
315 368
319 369
316 370
319 371
325 372
328 373
330 374
334 375
341 376
342 377
352 378
356 379
358 380
361 381
364 382
366 383
367 384
368 385
369 386
367 387
373 388
373 389
373 390
375 391
379 392
381 393
379 394
377 395
379 396
381 397
384 398
383 399
383 400
380 401
380 402
380 403
377 404
377 405
371 406
367 407
363 408
358 409
344 410
344 411
344 412
342 413
349 414
347 415
352 416
369 417
382 418
387 419
395 420
408 421
420 422
417 423
438 424
450 425
459 426
476 427
495 428
501 429
502 430
502 431
509 432
525 433
527 434
526 435
526 436
540 437
541 438
550 439
550 440
550 441
562 442
580 443
575 444
577 445
590 446
589 447
589 448
611 449
617 450
617 451
619 452
617 453
616 454
612 455
615 456
618 457
615 458
613 459
615 460
614 461
615 462
614 463
612 464
612 465
613 466
611 467
611 468
612 469
615 470
613 471
611 472
614 473
616 474
613 475
611 476
613 477
617 478
616 479
618 480
617 481
616 482
617 483
618 484
619 485
618 486
616 487
616 488
618 489
618 490
617 491
616 492
616 493
616 494
615 495
616 496
618 497
618 498
618 499
620 500
622 501
622 502
619 503
618 504
618 505
619 506
620 507
619 508
619 509
619 510
619 511
620 512
620 513
620 514
618 515
621 516
621 517
621 518
621 519
621 520
621 521
621 522
622 523
621 524
623 525
623 526
622 527
624 528
625 529
624 530
624 531
625 532
623 533
622 534
624 535
624 536
625 537
625 538
625 539
625 540
626 541
627 542
626 543
629 544
628 545
631 546
633 547
635 548
634 549
634 550
635 551
634 552
634 553
634 554
634 555
634 556
633 557
633 558
634 559
634 560
635 561
634 562
636 563
638 564
637 565
637 566
637 567
639 568
638 569
637 570
638 571
637 572
638 573
638 574
639 575
639 576
638 577
636 578
636 579
635 580
633 581
637 582
637 583
637 584
638 585
638 586
637 587
638 588
638 589
638 590
638 591
637 592
639 593
640 594
639 595
638 596
639 597
639 598
639 599
638 600
638 601
638 602
638 603
638 604
638 605
639 606
638 607
638 608
637 609
637 610
638 611
639 612
638 613
636 614
636 615
636 616
638 617
637 618
635 619
637 620
637 621
637 622
637 623
637 624
638 625
637 626
638 627
637 628
634 629
636 630
637 631
638 632
638 633
637 634
637 635
636 636
638 637
637 638
636 639
638 640
637 641
635 642
628 643
626 644
631 645
632 646
632 647
632 648
634 649
633 650
631 651
631 652
629 653
633 654
631 655
634 656
634 657
630 658
630 659
633 660
633 661
631 662
629 663
628 664
629 665
624 666
624 667
624 668
623 669
624 670
620 671
622 672
628 673
629 674
629 675
630 676
629 677
630 678
631 679
633 680
630 681
629 682
624 683
621 684
623 685
627 686
629 687
626 688
624 689
624 690
621 691
623 692
620 693
623 694
624 695
622 696
622 697
620 698
630 699
627 700
623 701
624 702
621 703
620 704
620 705
616 706
612 707
602 708
606 709
617 710
621 711
618 712
621 713
616 714
616 715
614 716
612 717
613 718
617 719
