639 0
639 1
639 2
639 3
639 4
639 5
639 6
639 7
639 8
639 9
639 10
639 11
639 12
639 13
639 14
639 15
639 16
639 17
639 18
639 19
639 20
639 21
639 22
639 23
639 24
639 25
639 26
639 27
639 28
639 29
639 30
639 31
639 32
639 33
639 34
639 35
639 36
639 37
639 38
639 39
639 40
639 41
639 42
639 43
639 44
639 45
639 46
639 47
639 48
639 49
639 50
639 51
639 52
639 53
639 54
639 55
639 56
639 57
639 58
639 59
639 60
639 61
639 62
639 63
639 64
639 65
639 66
639 67
639 68
639 69
639 70
639 71
639 72
639 73
639 74
639 75
639 76
639 77
639 78
639 79
639 80
639 81
639 82
639 83
639 84
639 85
639 86
639 87
639 88
639 89
639 90
639 91
639 92
640 93
642 94
642 95
642 96
648 97
661 98
666 99
673 100
672 101
668 102
664 103
670 104
692 105
701 106
701 107
700 108
702 109
710 110
713 111
720 112
718 113
723 114
726 115
727 116
738 117
741 118
748 119
747 120
758 121
761 122
763 123
770 124
770 125
776 126
781 127
787 128
788 129
788 130
801 131
809 132
811 133
818 134
820 135
830 136
846 137
861 138
867 139
868 140
875 141
874 142
877 143
877 144
879 145
882 146
889 147
892 148
893 149
895 150
897 151
899 152
902 153
905 154
907 155
911 156
912 157
911 158
913 159
915 160
917 161
920 162
928 163
935 164
937 165
938 166
943 167
944 168
945 169
946 170
946 171
949 172
951 173
954 174
959 175
964 176
974 177
992 178
998 179
1005 180
1008 181
1008 182
1009 183
1012 184
1015 185
1016 186
1017 187
1016 188
1019 189
1025 190
1026 191
1024 192
1033 193
1044 194
1052 195
1055 196
1055 197
1056 198
1066 199
1072 200
1085 201
1104 202
1104 203
1109 204
1118 205
1123 206
1127 207
1130 208
1139 209
1144 210
1147 211
1149 212
1154 213
1154 214
1161 215
1163 216
1171 217
1174 218
1174 219
1175 220
1174 221
1175 222
1175 223
1181 224
1171 225
1187 226
1195 227
1199 228
1202 229
1202 230
1202 231
1200 232
1197 233
1200 234
1197 235
1212 236
1204 237
1217 238
1219 239
1242 240
1251 241
1252 242
1248 243
1229 244
1214 245
1255 246
1227 247
1205 248
1257 250
1236 252
1147 258
1229 259
1224 263
1252 264
1256 265
1279 267
783 268
783 269
783 270
961 271
787 273
786 274
784 276
784 277
788 278
788 279
863 282
871 283
938 285
1208 287
1192 296
1193 297
938 303
937 304
937 305
173 306
138 307
111 308
77 309
19 310
22 311
25 312
44 313
72 314
71 315
71 316
62 317
44 318
47 319
56 320
58 321
51 322
54 323
56 324
58 325
59 326
61 327
62 328
63 329
66 330
67 331
76 332
76 333
80 334
77 335
81 336
83 337
85 338
93 339
102 340
136 341
179 342
189 343
203 344
206 345
206 346
207 347
218 348
226 349
235 350
239 351
247 352
249 353
253 354
263 355
268 356
268 357
265 358
270 359
268 360
273 361
279 362
284 363
292 364
303 365
303 366
306 367
309 368
309 369
311 370
317 371
319 372
320 373
325 374
331 375
333 376
346 377
346 378
344 379
348 380
351 381
354 382
357 383
361 384
365 385
366 386
364 387
365 388
366 389
367 390
369 391
371 392
369 393
369 394
370 395
372 396
373 397
371 398
375 399
375 400
377 401
378 402
378 403
376 404
372 405
372 406
370 407
362 408
356 409
355 410
341 411
341 412
340 413
340 414
334 415
331 416
343 417
356 418
364 419
371 420
384 421
409 422
429 423
430 424
451 425
464 426
485 427
499 428
504 429
505 430
514 431
513 432
523 433
530 434
540 435
537 436
537 437
541 438
540 439
551 440
558 441
559 442
567 443
571 444
586 445
592 446
597 447
603 448
610 449
609 450
613 451
613 452
617 453
616 454
615 455
613 456
613 457
611 458
606 459
611 460
612 461
608 462
611 463
612 464
611 465
612 466
611 467
612 468
613 469
612 470
615 471
614 472
616 473
620 474
619 475
617 476
611 477
615 478
618 479
619 480
620 481
618 482
619 483
619 484
618 485
619 486
616 487
616 488
615 489
613 490
617 491
618 492
618 493
617 494
617 495
618 496
619 497
618 498
617 499
618 500
619 501
621 502
619 503
620 504
620 505
621 506
621 507
621 508
621 509
621 510
619 511
623 512
623 513
625 514
625 515
624 516
624 517
624 518
624 519
625 520
623 521
625 522
625 523
625 524
623 525
623 526
622 527
624 528
626 529
628 530
626 531
625 532
625 533
625 534
626 535
626 536
627 537
626 538
624 539
626 540
627 541
629 542
628 543
631 544
633 545
633 546
635 547
635 548
634 549
633 550
632 551
634 552
634 553
634 554
634 555
634 556
634 557
634 558
634 559
637 560
638 561
639 562
639 563
638 564
638 565
638 566
638 567
639 568
639 569
638 570
637 571
639 572
639 573
639 574
639 575
639 576
638 577
639 578
640 579
638 580
638 581
637 582
635 583
635 584
637 585
637 586
638 587
639 588
639 589
638 590
639 591
638 592
638 593
638 594
638 595
638 596
639 597
639 598
639 599
638 600
637 601
638 602
639 603
639 604
636 605
638 606
638 607
638 608
637 609
639 610
639 611
637 612
638 613
638 614
636 615
638 616
637 617
637 618
637 619
636 620
637 621
637 622
636 623
637 624
638 625
637 626
638 627
638 628
638 629
638 630
634 631
635 632
637 633
637 634
636 635
637 636
637 637
638 638
632 639
635 640
638 641
633 642
635 643
634 644
634 645
632 646
627 647
631 648
633 649
633 650
633 651
633 652
631 653
633 654
632 655
633 656
633 657
633 658
630 659
630 660
630 661
631 662
632 663
631 664
633 665
628 666
630 667
630 668
624 669
625 670
619 671
625 672
625 673
630 674
629 675
624 676
626 677
633 678
627 679
630 680
631 681
630 682
628 683
623 684
624 685
623 686
622 687
625 688
629 689
628 690
629 691
622 692
620 693
626 694
628 695
623 696
622 697
618 698
618 699
619 700
617 701
619 702
622 703
618 704
619 705
612 706
614 707
618 708
614 709
621 710
619 711
611 712
610 713
618 714
614 715
611 716
614 717
617 718
624 719
