639 0
639 1
639 2
639 3
639 4
639 5
639 6
639 7
639 8
639 9
639 10
639 11
639 12
639 13
639 14
639 15
639 16
639 17
639 18
639 19
639 20
639 21
639 22
639 23
639 24
639 25
639 26
639 27
639 28
639 29
639 30
639 31
639 32
639 33
639 34
639 35
639 36
639 37
639 38
639 39
639 40
639 41
639 42
639 43
639 44
639 45
639 46
639 47
639 48
639 49
639 50
639 51
639 52
639 53
639 54
639 55
639 56
639 57
639 58
639 59
639 60
639 61
639 62
639 63
639 64
639 65
639 66
639 67
639 68
639 69
639 70
639 71
639 72
639 73
639 74
639 75
639 76
639 77
639 78
639 79
639 80
639 81
639 82
639 83
639 84
639 85
639 86
639 87
639 88
639 89
639 90
639 91
639 92
640 93
643 94
643 95
646 96
648 97
660 98
667 99
670 100
668 101
662 102
668 103
680 104
690 105
698 106
697 107
697 108
698 109
706 110
714 111
718 112
722 113
726 114
725 115
730 116
733 117
745 118
750 119
745 120
753 121
761 122
766 123
770 124
771 125
774 126
781 127
789 128
789 129
791 130
802 131
807 132
812 133
813 134
821 135
833 136
841 137
864 138
866 139
869 140
873 141
876 142
878 143
877 144
879 145
882 146
888 147
892 148
893 149
894 150
898 151
896 152
901 153
906 154
909 155
912 156
911 157
911 158
915 159
915 160
919 161
923 162
927 163
929 164
936 165
938 166
939 167
941 168
945 169
948 170
948 171
948 172
951 173
955 174
961 175
965 176
982 177
994 178
1000 179
1006 180
1008 181
1009 182
1011 183
1012 184
1013 185
1016 186
1017 187
1017 188
1020 189
1024 190
1026 191
1025 192
1035 193
1044 194
1053 195
1055 196
1055 197
1056 198
1062 199
1075 200
1087 201
1101 202
1104 203
1114 204
1119 205
1124 206
1127 207
1131 208
1134 209
1142 210
1150 211
1152 212
1154 213
1154 214
1161 215
1167 216
1172 217
1172 218
1168 219
1174 220
1169 221
1171 222
1185 223
1186 224
1184 225
1190 226
1183 227
1184 228
1193 229
1193 230
1192 231
1194 232
1194 233
1187 234
1197 235
1206 236
1217 237
1226 238
1225 239
1227 240
1237 241
1230 242
1253 243
1264 244
1265 245
1260 246
1162 247
1272 248
1268 249
1260 250
1263 251
1274 253
1185 255
1211 256
1218 257
1221 258
1230 259
1031 260
1219 261
1220 262
1247 263
1248 267
1232 268
1278 270
784 271
783 272
877 273
785 274
786 275
786 276
788 277
788 278
788 279
788 280
784 281
784 282
790 283
920 285
920 286
1200 290
1196 296
936 299
938 300
938 301
938 302
938 303
938 304
938 305
189 306
162 307
94 308
16 309
19 310
22 311
26 312
29 313
32 314
37 315
51 316
52 317
54 318
78 319
58 320
50 321
51 322
53 323
56 324
57 325
59 326
61 327
62 328
63 329
64 330
68 331
69 332
72 333
75 334
77 335
78 336
82 337
87 338
91 339
99 340
137 341
173 342
182 343
190 344
202 345
211 346
214 347
211 348
220 349
228 350
234 351
245 352
238 353
254 354
260 355
254 356
259 357
264 358
266 359
267 360
273 361
281 362
284 363
291 364
293 365
298 366
300 367
302 368
302 369
312 370
315 371
319 372
323 373
325 374
326 375
332 376
335 377
338 378
340 379
345 380
351 381
353 382
350 383
354 384
361 385
364 386
366 387
366 388
367 389
367 390
367 391
370 392
367 393
368 394
371 395
372 396
375 397
375 398
373 399
376 400
376 401
377 402
381 403
380 404
376 405
374 406
373 407
373 408
366 409
364 410
352 411
349 412
343 413
339 414
338 415
334 416
335 417
332 418
337 419
353 420
369 421
397 422
405 423
427 424
448 425
462 426
484 427
497 428
504 429
505 430
511 431
521 432
529 433
533 434
541 435
546 436
547 437
547 438
539 439
549 440
550 441
568 442
571 443
576 444
583 445
590 446
595 447
603 448
610 449
609 450
605 451
612 452
613 453
611 454
609 455
614 456
615 457
612 458
609 459
609 460
612 461
614 462
613 463
612 464
614 465
611 466
613 467
612 468
613 469
612 470
613 471
614 472
616 473
615 474
616 475
619 476
618 477
618 478
617 479
618 480
619 481
617 482
617 483
618 484
618 485
619 486
616 487
615 488
615 489
616 490
616 491
617 492
616 493
617 494
617 495
617 496
619 497
619 498
619 499
620 500
620 501
619 502
620 503
618 504
621 505
621 506
621 507
620 508
621 509
621 510
621 511
622 512
621 513
622 514
622 515
623 516
622 517
623 518
625 519
625 520
625 521
625 522
624 523
623 524
621 525
622 526
624 527
625 528
626 529
627 530
626 531
626 532
625 533
625 534
626 535
627 536
627 537
628 538
626 539
626 540
627 541
631 542
632 543
631 544
634 545
634 546
634 547
633 548
633 549
633 550
634 551
634 552
634 553
634 554
634 555
634 556
634 557
635 558
636 559
636 560
639 561
639 562
639 563
638 564
638 565
638 566
638 567
639 568
639 569
639 570
639 571
639 572
639 573
639 574
638 575
639 576
638 577
638 578
639 579
639 580
639 581
639 582
638 583
636 584
636 585
634 586
636 587
638 588
639 589
638 590
638 591
639 592
639 593
640 594
639 595
638 596
639 597
639 598
638 599
638 600
638 601
638 602
639 603
639 604
639 605
639 606
637 607
636 608
638 609
639 610
639 611
637 612
638 613
639 614
638 615
637 616
638 617
638 618
636 619
638 620
638 621
638 622
637 623
637 624
638 625
637 626
638 627
637 628
638 629
638 630
637 631
638 632
638 633
638 634
638 635
637 636
637 637
637 638
637 639
635 640
636 641
634 642
634 643
633 644
633 645
633 646
630 647
633 648
633 649
633 650
633 651
634 652
635 653
635 654
633 655
631 656
625 657
628 658
632 659
633 660
631 661
628 662
628 663
628 664
628 665
631 666
631 667
628 668
630 669
629 670
621 671
623 672
628 673
624 674
622 675
627 676
629 677
626 678
628 679
631 680
631 681
624 682
622 683
622 684
625 685
626 686
625 687
623 688
630 689
627 690
628 691
622 692
623 693
629 694
628 695
628 696
628 697
625 698
623 699
617 700
618 701
623 702
620 703
617 704
623 705
617 706
611 707
617 708
618 709
618 710
620 711
615 712
623 713
629 714
625 715
613 716
615 717
621 718
625 719
