639 0
639 1
639 2
639 3
639 4
639 5
639 6
639 7
639 8
639 9
639 10
639 11
639 12
639 13
639 14
639 15
639 16
639 17
639 18
639 19
639 20
639 21
639 22
639 23
639 24
639 25
639 26
639 27
639 28
639 29
639 30
639 31
639 32
639 33
639 34
639 35
639 36
639 37
639 38
639 39
639 40
639 41
639 42
639 43
639 44
639 45
639 46
639 47
639 48
639 49
639 50
639 51
639 52
639 53
639 54
639 55
639 56
639 57
639 58
639 59
639 60
639 61
639 62
639 63
639 64
639 65
639 66
639 67
639 68
639 69
639 70
639 71
639 72
639 73
639 74
639 75
639 76
639 77
639 78
639 79
639 80
639 81
639 82
639 83
639 84
639 85
639 86
639 87
639 88
639 89
639 90
639 91
639 92
641 93
640 94
641 95
642 96
649 97
656 98
658 99
664 100
664 101
663 102
668 103
674 104
682 105
689 106
698 107
699 108
701 109
708 110
715 111
718 112
723 113
724 114
721 115
729 116
731 117
738 118
745 119
753 120
755 121
759 122
766 123
770 124
770 125
774 126
785 127
789 128
789 129
792 130
800 131
809 132
810 133
813 134
820 135
828 136
844 137
865 138
871 139
871 140
874 141
876 142
876 143
874 144
879 145
879 146
886 147
892 148
894 149
895 150
895 151
899 152
903 153
906 154
907 155
908 156
911 157
912 158
912 159
914 160
916 161
921 162
924 163
933 164
937 165
938 166
941 167
941 168
946 169
947 170
946 171
948 172
953 173
955 174
959 175
964 176
974 177
994 178
997 179
1007 180
1010 181
1011 182
1009 183
1011 184
1015 185
1016 186
1016 187
1018 188
1020 189
1024 190
1024 191
1023 192
1034 193
1045 194
1054 195
1055 196
1055 197
1056 198
1067 199
1073 200
1085 201
1101 202
1104 203
1112 204
1120 205
1124 206
1128 207
1131 208
1137 209
1142 210
1149 211
1150 212
1150 213
1151 214
1152 215
1164 216
1170 217
1171 218
1167 219
1175 220
1174 221
1163 222
1156 223
1176 224
1182 225
1178 226
1185 227
1188 228
1201 229
1204 230
1196 231
1201 232
1208 233
1200 234
1195 235
1209 236
1220 237
1222 238
1222 239
1221 240
1225 241
1237 242
1257 243
1240 244
1235 245
1199 246
1147 247
1162 248
1247 249
1237 250
1274 251
1278 252
870 254
871 255
1229 257
1144 258
1240 259
1215 261
1087 262
1189 263
1224 264
1219 271
861 272
776 273
776 274
776 275
824 276
848 277
775 278
775 280
779 282
856 283
933 284
1198 285
909 288
909 289
1062 296
1063 297
1199 298
931 302
931 303
0 305
4 306
68 307
51 308
46 309
16 310
21 311
27 312
29 313
31 314
37 315
39 316
43 317
45 318
49 319
48 320
51 321
53 322
55 323
57 324
59 325
66 326
68 327
62 328
64 329
66 330
68 331
69 332
71 333
75 334
78 335
80 336
84 337
88 338
89 339
98 340
136 341
171 342
181 343
197 344
197 345
206 346
215 347
216 348
219 349
221 350
224 351
240 352
240 353
246 354
252 355
250 356
259 357
271 358
268 359
272 360
274 361
277 362
282 363
290 364
296 365
297 366
297 367
302 368
302 369
301 370
310 371
315 372
318 373
322 374
324 375
326 376
333 377
338 378
345 379
348 380
349 381
350 382
354 383
352 384
353 385
358 386
360 387
363 388
364 389
363 390
361 391
363 392
368 393
367 394
366 395
367 396
369 397
371 398
369 399
372 400
370 401
372 402
376 403
374 404
375 405
375 406
374 407
372 408
368 409
365 410
356 411
342 412
342 413
340 414
336 415
333 416
333 417
334 418
343 419
357 420
367 421
381 422
398 423
422 424
443 425
460 426
480 427
493 428
505 429
513 430
512 431
520 432
529 433
529 434
542 435
553 436
545 437
542 438
550 439
551 440
559 441
565 442
575 443
580 444
582 445
586 446
597 447
605 448
606 449
607 450
615 451
611 452
606 453
611 454
609 455
613 456
612 457
607 458
605 459
612 460
613 461
614 462
613 463
615 464
613 465
614 466
615 467
613 468
612 469
615 470
612 471
617 472
617 473
619 474
619 475
620 476
618 477
618 478
617 479
618 480
617 481
618 482
619 483
617 484
616 485
619 486
616 487
617 488
615 489
617 490
618 491
616 492
619 493
621 494
620 495
621 496
619 497
619 498
619 499
620 500
620 501
620 502
621 503
622 504
621 505
622 506
621 507
621 508
623 509
623 510
623 511
624 512
624 513
625 514
625 515
624 516
624 517
625 518
623 519
624 520
625 521
625 522
625 523
623 524
624 525
624 526
624 527
625 528
625 529
623 530
626 531
627 532
626 533
626 534
627 535
628 536
628 537
629 538
628 539
628 540
628 541
631 542
632 543
634 544
635 545
635 546
635 547
634 548
634 549
633 550
632 551
633 552
632 553
634 554
634 555
634 556
635 557
635 558
637 559
638 560
638 561
638 562
638 563
638 564
638 565
639 566
639 567
638 568
639 569
639 570
639 571
639 572
639 573
639 574
638 575
639 576
639 577
638 578
639 579
639 580
639 581
638 582
639 583
637 584
636 585
636 586
633 587
636 588
638 589
638 590
639 591
638 592
638 593
639 594
639 595
638 596
639 597
639 598
638 599
639 600
638 601
637 602
638 603
639 604
637 605
639 606
637 607
639 608
639 609
637 610
638 611
639 612
639 613
638 614
638 615
639 616
637 617
638 618
639 619
638 620
638 621
638 622
636 623
637 624
638 625
637 626
636 627
636 628
636 629
638 630
637 631
637 632
638 633
638 634
637 635
637 636
634 637
637 638
636 639
635 640
635 641
632 642
634 643
634 644
633 645
633 646
633 647
633 648
631 649
629 650
633 651
632 652
631 653
633 654
631 655
633 656
633 657
633 658
634 659
633 660
631 661
634 662
635 663
630 664
631 665
630 666
630 667
628 668
631 669
627 670
621 671
622 672
626 673
625 674
624 675
630 676
627 677
630 678
629 679
629 680
631 681
632 682
632 683
631 684
630 685
628 686
627 687
628 688
627 689
626 690
627 691
623 692
621 693
627 694
623 695
624 696
629 697
627 698
624 699
622 700
618 701
624 702
619 703
624 704
622 705
614 706
618 707
620 708
619 709
615 710
618 711
622 712
607 713
606 714
618 715
618 716
611 717
613 718
622 719
