639 0
639 1
639 2
639 3
639 4
639 5
639 6
639 7
639 8
639 9
639 10
639 11
639 12
639 13
639 14
639 15
639 16
639 17
639 18
639 19
639 20
639 21
639 22
639 23
639 24
639 25
639 26
639 27
639 28
639 29
639 30
639 31
639 32
639 33
639 34
639 35
639 36
639 37
639 38
639 39
639 40
639 41
639 42
639 43
639 44
639 45
639 46
639 47
639 48
639 49
639 50
639 51
639 52
639 53
639 54
639 55
639 56
639 57
639 58
639 59
639 60
639 61
639 62
639 63
639 64
639 65
639 66
639 67
639 68
639 69
639 70
639 71
639 72
639 73
639 74
639 75
639 76
639 77
639 78
639 79
639 80
639 81
639 82
639 83
639 84
639 85
639 86
639 87
639 88
639 89
639 90
639 91
639 92
639 93
642 94
643 95
646 96
651 97
662 98
665 99
668 100
671 101
670 102
670 103
673 104
680 105
691 106
694 107
695 108
710 109
717 110
714 111
721 112
722 113
727 114
731 115
728 116
733 117
746 118
748 119
746 120
747 121
758 122
771 123
769 124
769 125
772 126
783 127
786 128
789 129
791 130
797 131
810 132
812 133
813 134
815 135
826 136
842 137
867 138
868 139
872 140
875 141
874 142
874 143
875 144
877 145
881 146
886 147
891 148
893 149
895 150
898 151
898 152
902 153
905 154
908 155
911 156
910 157
912 158
914 159
917 160
918 161
919 162
927 163
934 164
936 165
938 166
940 167
945 168
945 169
946 170
949 171
949 172
951 173
953 174
959 175
964 176
977 177
993 178
996 179
1008 180
1010 181
1010 182
1011 183
1012 184
1016 185
1016 186
1016 187
1018 188
1019 189
1022 190
1025 191
1024 192
1033 193
1046 194
1054 195
1054 196
1055 197
1056 198
1065 199
1072 200
1086 201
1102 202
1105 203
1115 204
1119 205
1123 206
1126 207
1131 208
1138 209
1142 210
1152 211
1151 212
1150 213
1151 214
1165 215
1161 216
1170 217
1176 218
1174 219
1175 220
1166 221
1173 222
1179 223
1186 224
1188 225
1186 226
1192 227
1192 228
1192 229
1198 230
1209 231
1201 232
1210 233
1213 234
1210 235
1207 236
1211 237
1218 238
1220 239
1227 240
1244 241
1251 242
1251 243
1262 244
1247 245
1227 246
1243 247
1234 248
1272 249
1271 250
1273 251
1270 252
1256 253
776 257
776 258
1220 260
1226 262
1226 263
1270 266
1260 267
1239 268
1010 269
864 270
983 271
793 272
793 273
796 276
796 277
796 278
796 279
1152 280
1152 281
789 289
1272 292
943 301
943 302
0 305
3 306
4 307
9 308
14 309
18 310
20 311
77 312
44 313
46 314
62 315
52 316
50 317
53 318
84 319
65 320
59 321
52 322
54 323
56 324
57 325
59 326
61 327
62 328
63 329
70 330
71 331
69 332
71 333
74 334
78 335
81 336
83 337
87 338
89 339
95 340
122 341
181 342
200 343
202 344
207 345
204 346
208 347
221 348
227 349
232 350
238 351
241 352
242 353
254 354
267 355
267 356
260 357
268 358
272 359
276 360
280 361
281 362
281 363
293 364
296 365
299 366
305 367
309 368
312 369
313 370
317 371
324 372
325 373
326 374
329 375
331 376
339 377
344 378
347 379
354 380
358 381
359 382
359 383
368 384
366 385
367 386
369 387
369 388
369 389
372 390
371 391
374 392
375 393
377 394
377 395
377 396
377 397
378 398
375 399
378 400
378 401
379 402
381 403
378 404
376 405
373 406
368 407
364 408
354 409
350 410
346 411
345 412
345 413
339 414
338 415
341 416
350 417
353 418
369 419
384 420
397 421
404 422
416 423
428 424
445 425
461 426
484 427
490 428
504 429
508 430
507 431
521 432
525 433
529 434
537 435
539 436
539 437
540 438
549 439
555 440
555 441
560 442
564 443
568 444
577 445
587 446
588 447
603 448
612 449
613 450
609 451
609 452
612 453
613 454
608 455
605 456
613 457
615 458
610 459
606 460
605 461
610 462
613 463
609 464
613 465
611 466
613 467
613 468
610 469
615 470
610 471
611 472
613 473
612 474
618 475
618 476
616 477
614 478
615 479
615 480
619 481
619 482
616 483
618 484
620 485
619 486
618 487
616 488
617 489
616 490
617 491
617 492
617 493
617 494
616 495
617 496
616 497
619 498
620 499
619 500
619 501
618 502
617 503
619 504
620 505
620 506
619 507
620 508
621 509
621 510
620 511
620 512
621 513
620 514
620 515
622 516
623 517
624 518
623 519
623 520
624 521
622 522
622 523
622 524
623 525
623 526
622 527
625 528
625 529
624 530
625 531
626 532
626 533
625 534
623 535
625 536
624 537
626 538
626 539
627 540
628 541
629 542
628 543
626 544
629 545
632 546
634 547
634 548
634 549
635 550
634 551
633 552
634 553
633 554
634 555
634 556
634 557
634 558
633 559
633 560
635 561
637 562
639 563
639 564
638 565
638 566
637 567
639 568
639 569
639 570
639 571
639 572
638 573
638 574
639 575
638 576
639 577
639 578
637 579
638 580
636 581
636 582
635 583
636 584
638 585
638 586
638 587
637 588
638 589
638 590
639 591
639 592
638 593
638 594
639 595
638 596
639 597
639 598
638 599
638 600
638 601
638 602
639 603
638 604
639 605
638 606
637 607
639 608
639 609
637 610
638 611
639 612
638 613
638 614
635 615
636 616
637 617
637 618
638 619
637 620
636 621
636 622
637 623
637 624
638 625
637 626
637 627
634 628
635 629
637 630
636 631
636 632
638 633
638 634
637 635
636 636
636 637
637 638
635 639
635 640
637 641
636 642
636 643
634 644
634 645
633 646
628 647
630 648
631 649
631 650
631 651
633 652
633 653
631 654
630 655
631 656
631 657
630 658
631 659
633 660
633 661
633 662
631 663
627 664
631 665
629 666
627 667
626 668
627 669
627 670
619 671
626 672
628 673
622 674
622 675
626 676
628 677
629 678
627 679
630 680
630 681
628 682
627 683
622 684
623 685
626 686
624 687
621 688
629 689
620 690
619 691
624 692
626 693
631 694
624 695
624 696
623 697
620 698
616 699
620 700
618 701
624 702
623 703
617 704
617 705
616 706
612 707
614 708
623 709
624 710
611 711
615 712
606 713
618 714
614 715
609 716
612 717
613 718
616 719
