639 0
639 1
639 2
639 3
639 4
639 5
639 6
639 7
639 8
639 9
639 10
639 11
639 12
639 13
639 14
639 15
639 16
639 17
639 18
639 19
639 20
639 21
639 22
639 23
639 24
639 25
639 26
639 27
639 28
639 29
639 30
639 31
639 32
639 33
639 34
639 35
639 36
639 37
639 38
639 39
639 40
639 41
639 42
639 43
639 44
639 45
639 46
639 47
639 48
639 49
639 50
639 51
639 52
639 53
639 54
639 55
639 56
639 57
639 58
639 59
639 60
639 61
639 62
639 63
639 64
639 65
639 66
639 67
639 68
639 69
639 70
639 71
639 72
639 73
639 74
639 75
639 76
639 77
639 78
639 79
639 80
639 81
639 82
639 83
639 84
639 85
639 86
639 87
639 88
639 89
639 90
639 91
639 92
640 93
639 94
645 95
644 96
653 97
662 98
666 99
678 100
676 101
669 102
668 103
675 104
687 105
698 106
699 107
700 108
707 109
713 110
722 111
725 112
728 113
727 114
727 115
733 116
735 117
746 118
750 119
753 120
753 121
757 122
771 123
770 124
773 125
774 126
784 127
789 128
790 129
791 130
802 131
814 132
819 133
821 134
824 135
835 136
847 137
866 138
868 139
871 140
874 141
874 142
879 143
877 144
879 145
883 146
888 147
891 148
893 149
895 150
894 151
899 152
902 153
905 154
910 155
911 156
912 157
912 158
913 159
916 160
919 161
920 162
925 163
932 164
936 165
938 166
940 167
944 168
946 169
949 170
949 171
950 172
952 173
956 174
960 175
963 176
973 177
997 178
998 179
1004 180
1008 181
1009 182
1011 183
1013 184
1016 185
1019 186
1019 187
1018 188
1021 189
1026 190
1025 191
1025 192
1038 193
1048 194
1054 195
1056 196
1059 197
1061 198
1071 199
1077 200
1093 201
1108 202
1110 203
1112 204
1119 205
1124 206
1128 207
1128 208
1135 209
1142 210
1152 211
1152 212
1152 213
1155 214
1161 215
1173 216
1174 217
1170 218
1170 219
1174 220
1176 221
1177 222
1186 223
1186 224
1187 225
1190 226
1193 227
1197 228
1198 229
1204 230
1206 231
1212 232
1217 233
1217 234
1225 235
1229 236
1231 237
1237 238
1238 239
1236 240
1243 241
1248 242
1244 243
1257 244
1263 245
1262 246
1241 247
1130 248
1240 249
1057 250
882 251
1169 253
968 255
1218 256
986 257
1036 258
951 261
1138 264
1219 266
1122 268
1235 272
975 273
975 274
1265 279
1215 285
1215 286
1080 287
1279 288
1048 293
1079 295
1057 303
889 304
1076 305
1120 306
164 307
148 308
141 309
98 310
44 311
24 312
27 313
30 314
37 315
39 316
41 317
42 318
45 319
48 320
51 321
72 322
63 323
55 324
58 325
59 326
60 327
61 328
63 329
66 330
67 331
70 332
70 333
91 334
86 335
86 336
83 337
91 338
93 339
99 340
106 341
167 342
174 343
183 344
193 345
195 346
198 347
201 348
204 349
207 350
212 351
211 352
214 353
215 354
217 355
218 356
220 357
223 358
227 359
229 360
231 361
234 362
240 363
248 364
251 365
255 366
258 367
260 368
261 369
265 370
264 371
263 372
271 373
272 374
274 375
278 376
279 377
282 378
284 379
287 380
288 381
292 382
292 383
294 384
294 385
295 386
299 387
303 388
307 389
303 390
306 391
308 392
311 393
314 394
316 395
318 396
319 397
324 398
329 399
325 400
328 401
331 402
336 403
334 404
336 405
341 406
346 407
344 408
346 409
347 410
347 411
348 412
348 413
350 414
350 415
350 416
361 417
359 418
359 419
366 420
373 421
376 422
383 423
385 424
380 425
382 426
383 427
392 428
399 429
407 430
411 431
413 432
413 433
414 434
425 435
422 436
428 437
428 438
432 439
437 440
447 441
461 442
463 443
462 444
478 445
497 446
484 447
500 448
498 449
495 450
503 451
499 452
504 453
514 454
515 455
518 456
514 457
517 458
524 459
521 460
521 461
521 462
524 463
522 464
527 465
524 466
527 467
527 468
529 469
537 470
530 471
536 472
524 473
515 474
504 475
512 476
516 477
516 478
515 479
517 480
521 481
523 482
525 483
526 484
536 485
547 486
551 487
557 488
565 489
563 490
567 491
570 492
570 493
574 494
566 495
567 496
569 497
572 498
568 499
570 500
568 501
566 502
564 503
563 504
562 505
561 506
564 507
564 508
568 509
579 510
580 511
589 512
586 513
589 514
593 515
593 516
592 517
594 518
593 519
593 520
593 521
595 522
594 523
590 524
590 525
601 526
600 527
600 528
602 529
600 530
599 531
597 532
601 533
602 534
601 535
600 536
603 537
604 538
603 539
604 540
603 541
603 542
601 543
601 544
601 545
600 546
600 547
601 548
601 549
601 550
602 551
602 552
600 553
601 554
602 555
601 556
601 557
601 558
600 559
601 560
600 561
600 562
601 563
600 564
599 565
600 566
603 567
600 568
599 569
599 570
599 571
598 572
597 573
598 574
596 575
597 576
596 577
598 578
598 579
596 580
597 581
599 582
599 583
598 584
595 585
598 586
600 587
600 588
602 589
602 590
601 591
599 592
600 593
599 594
601 595
602 596
604 597
602 598
603 599
605 600
602 601
605 602
611 603
617 604
617 605
617 606
617 607
620 608
621 609
622 610
623 611
623 612
624 613
626 614
624 615
628 616
634 617
633 618
633 619
631 620
631 621
630 622
629 623
632 624
632 625
630 626
631 627
630 628
632 629
628 630
629 631
630 632
633 633
633 634
633 635
632 636
626 637
627 638
624 639
626 640
628 641
627 642
626 643
630 644
629 645
628 646
624 647
625 648
625 649
624 650
624 651
624 652
624 653
622 654
616 655
623 656
623 657
624 658
621 659
623 660
623 661
622 662
620 663
618 664
623 665
625 666
621 667
620 668
623 669
622 670
618 671
619 672
617 673
620 674
623 675
620 676
621 677
620 678
614 679
617 680
614 681
609 682
614 683
618 684
613 685
604 686
600 687
609 688
602 689
602 690
601 691
605 692
601 693
604 694
599 695
597 696
592 697
588 698
586 699
588 700
586 701
596 702
598 703
598 704
603 705
599 706
597 707
599 708
604 709
600 710
588 711
597 712
585 713
582 714
580 715
579 716
573 717
580 718
593 719
