639 0
639 1
639 2
639 3
639 4
639 5
639 6
639 7
639 8
639 9
639 10
639 11
639 12
639 13
639 14
639 15
639 16
639 17
639 18
639 19
639 20
639 21
639 22
639 23
639 24
639 25
639 26
639 27
639 28
639 29
639 30
639 31
639 32
639 33
639 34
639 35
639 36
639 37
639 38
639 39
639 40
639 41
639 42
639 43
639 44
639 45
639 46
639 47
639 48
639 49
639 50
639 51
639 52
639 53
639 54
639 55
639 56
639 57
639 58
639 59
639 60
639 61
639 62
639 63
639 64
639 65
639 66
639 67
639 68
639 69
639 70
639 71
639 72
639 73
639 74
639 75
639 76
639 77
639 78
639 79
639 80
639 81
639 82
639 83
639 84
639 85
639 86
639 87
639 88
639 89
639 90
639 91
639 92
640 93
641 94
645 95
647 96
652 97
658 98
663 99
674 100
675 101
671 102
672 103
677 104
686 105
700 106
704 107
702 108
707 109
710 110
712 111
727 112
728 113
724 114
721 115
729 116
738 117
748 118
752 119
754 120
755 121
759 122
771 123
769 124
773 125
775 126
785 127
785 128
788 129
789 130
803 131
814 132
820 133
822 134
827 135
836 136
842 137
866 138
867 139
871 140
874 141
877 142
878 143
878 144
879 145
884 146
888 147
890 148
891 149
895 150
898 151
900 152
902 153
906 154
908 155
911 156
913 157
913 158
915 159
919 160
918 161
920 162
925 163
932 164
936 165
938 166
942 167
941 168
947 169
948 170
949 171
951 172
952 173
954 174
960 175
964 176
977 177
994 178
1003 179
1006 180
1008 181
1011 182
1010 183
1013 184
1015 185
1016 186
1017 187
1019 188
1023 189
1026 190
1025 191
1027 192
1037 193
1046 194
1055 195
1057 196
1058 197
1059 198
1071 199
1077 200
1092 201
1104 202
1112 203
1115 204
1119 205
1123 206
1126 207
1128 208
1134 209
1141 210
1152 211
1154 212
1155 213
1153 214
1161 215
1168 216
1174 217
1178 218
1174 219
1175 220
1176 221
1178 222
1190 223
1192 224
1188 225
1191 226
1194 227
1198 228
1202 229
1204 230
1207 231
1211 232
1212 233
1218 234
1223 235
1229 236
1232 237
1236 238
1225 239
1240 240
1249 241
1251 242
1253 243
1258 244
1262 245
1251 246
1198 247
1262 248
1268 249
1276 251
1253 252
1184 253
963 257
963 258
995 260
966 261
1004 263
1145 264
1130 265
1272 266
1191 267
1030 268
1030 269
1037 270
1037 271
980 272
984 273
967 276
967 277
1232 280
1232 281
1176 284
1230 296
1107 301
1107 303
1019 304
508 305
116 306
7 307
10 308
13 309
17 310
68 311
175 312
130 313
31 314
51 315
39 316
42 317
42 318
46 319
47 320
51 321
53 322
54 323
56 324
57 325
57 326
59 327
62 328
62 329
65 330
74 331
69 332
71 333
74 334
77 335
97 336
115 337
100 338
99 339
98 340
119 341
165 342
179 343
185 344
192 345
199 346
201 347
200 348
204 349
208 350
211 351
213 352
214 353
215 354
217 355
218 356
221 357
222 358
227 359
230 360
230 361
236 362
241 363
248 364
252 365
253 366
257 367
262 368
261 369
263 370
265 371
266 372
269 373
271 374
276 375
275 376
280 377
281 378
284 379
287 380
289 381
291 382
293 383
292 384
294 385
295 386
300 387
303 388
305 389
306 390
307 391
310 392
310 393
313 394
318 395
322 396
320 397
321 398
320 399
329 400
330 401
336 402
337 403
341 404
347 405
345 406
344 407
346 408
343 409
344 410
345 411
346 412
344 413
350 414
354 415
354 416
345 417
349 418
357 419
360 420
360 421
373 422
376 423
380 424
379 425
377 426
380 427
387 428
385 429
387 430
389 431
398 432
409 433
419 434
421 435
421 436
423 437
427 438
431 439
429 440
447 441
456 442
459 443
458 444
475 445
482 446
481 447
485 448
507 449
510 450
510 451
513 452
512 453
511 454
517 455
523 456
520 457
518 458
524 459
523 460
517 461
528 462
516 463
523 464
520 465
520 466
524 467
528 468
531 469
526 470
527 471
534 472
535 473
527 474
516 475
513 476
518 477
517 478
515 479
516 480
519 481
523 482
523 483
519 484
526 485
538 486
540 487
554 488
561 489
564 490
567 491
571 492
575 493
572 494
569 495
567 496
570 497
569 498
568 499
563 500
568 501
569 502
564 503
562 504
566 505
566 506
566 507
561 508
564 509
578 510
584 511
585 512
585 513
589 514
589 515
588 516
590 517
592 518
590 519
590 520
589 521
592 522
593 523
589 524
590 525
595 526
597 527
597 528
598 529
599 530
602 531
601 532
602 533
602 534
603 535
601 536
601 537
601 538
603 539
603 540
603 541
602 542
600 543
602 544
601 545
600 546
601 547
601 548
600 549
600 550
601 551
602 552
602 553
602 554
601 555
602 556
603 557
601 558
600 559
601 560
600 561
600 562
598 563
597 564
600 565
603 566
601 567
600 568
599 569
599 570
598 571
596 572
594 573
596 574
596 575
598 576
596 577
596 578
595 579
595 580
599 581
598 582
593 583
595 584
598 585
598 586
600 587
601 588
600 589
599 590
597 591
599 592
603 593
600 594
600 595
601 596
601 597
599 598
600 599
607 600
606 601
608 602
611 603
613 604
616 605
616 606
617 607
618 608
619 609
621 610
621 611
623 612
621 613
621 614
622 615
625 616
632 617
635 618
635 619
633 620
631 621
633 622
631 623
630 624
631 625
632 626
631 627
631 628
628 629
627 630
627 631
629 632
628 633
629 634
632 635
629 636
631 637
630 638
627 639
625 640
626 641
623 642
624 643
626 644
627 645
627 646
628 647
624 648
627 649
624 650
623 651
624 652
624 653
620 654
617 655
620 656
619 657
619 658
621 659
623 660
625 661
625 662
623 663
616 664
622 665
620 666
622 667
624 668
620 669
623 670
620 671
620 672
624 673
622 674
624 675
621 676
614 677
615 678
617 679
621 680
619 681
611 682
609 683
612 684
612 685
612 686
604 687
616 688
617 689
613 690
609 691
608 692
607 693
608 694
613 695
613 696
619 697
610 698
593 699
598 700
606 701
604 702
601 703
595 704
594 705
588 706
595 707
592 708
592 709
592 710
576 711
587 712
579 713
581 714
591 715
587 716
579 717
582 718
582 719
