639 0
639 1
639 2
639 3
639 4
639 5
639 6
639 7
639 8
639 9
639 10
639 11
639 12
639 13
639 14
639 15
639 16
639 17
639 18
639 19
639 20
639 21
639 22
639 23
639 24
639 25
639 26
639 27
639 28
639 29
639 30
639 31
639 32
639 33
639 34
639 35
639 36
639 37
639 38
639 39
639 40
639 41
639 42
639 43
639 44
639 45
639 46
639 47
639 48
639 49
639 50
639 51
639 52
639 53
639 54
639 55
639 56
639 57
639 58
639 59
639 60
639 61
639 62
639 63
639 64
639 65
639 66
639 67
639 68
639 69
639 70
639 71
639 72
639 73
639 74
639 75
639 76
639 77
639 78
639 79
639 80
639 81
639 82
639 83
639 84
639 85
639 86
639 87
639 88
639 89
639 90
639 91
639 92
641 93
642 94
645 95
645 96
652 97
660 98
668 99
674 100
671 101
674 102
673 103
681 104
689 105
691 106
696 107
700 108
705 109
713 110
713 111
718 112
724 113
726 114
724 115
723 116
735 117
746 118
749 119
749 120
756 121
762 122
772 123
770 124
770 125
772 126
783 127
789 128
788 129
789 130
797 131
810 132
811 133
812 134
816 135
831 136
843 137
857 138
867 139
873 140
874 141
875 142
875 143
878 144
880 145
880 146
888 147
892 148
894 149
894 150
898 151
899 152
903 153
905 154
908 155
910 156
912 157
912 158
912 159
914 160
915 161
922 162
926 163
931 164
935 165
936 166
942 167
944 168
945 169
946 170
946 171
951 172
952 173
953 174
959 175
964 176
973 177
994 178
1002 179
1005 180
1010 181
1010 182
1010 183
1012 184
1016 185
1016 186
1016 187
1020 188
1026 189
1031 190
1031 191
1028 192
1035 193
1048 194
1060 195
1062 196
1061 197
1062 198
1067 199
1077 200
1091 201
1109 202
1109 203
1113 204
1120 205
1124 206
1127 207
1130 208
1136 209
1142 210
1150 211
1155 212
1154 213
1159 214
1161 215
1172 216
1177 217
1174 218
1174 219
1176 220
1177 221
1176 222
1181 223
1184 224
1186 225
1183 226
1187 227
1195 228
1202 229
1202 230
1205 231
1200 232
1203 233
1199 234
1218 235
1223 236
1227 237
1222 238
1229 239
1239 240
1247 241
1254 242
1254 243
1257 244
1245 245
1114 246
1089 247
1144 248
1264 249
1198 250
1037 251
1015 252
1148 253
1179 255
1164 256
1160 258
1264 263
994 264
1164 265
1175 266
1257 267
1257 268
1040 269
1051 270
1008 271
979 272
1010 273
996 274
1238 279
1187 280
1266 283
1255 284
1255 285
874 286
942 287
1061 293
1061 294
1061 295
1261 296
1261 297
971 303
4 306
89 307
61 308
14 309
43 310
23 311
26 312
26 313
30 314
34 315
39 316
42 317
43 318
46 319
48 320
51 321
52 322
54 323
56 324
58 325
59 326
60 327
62 328
63 329
66 330
67 331
70 332
72 333
75 334
78 335
80 336
83 337
86 338
89 339
94 340
132 341
172 342
179 343
196 344
198 345
200 346
198 347
203 348
206 349
207 350
213 351
213 352
214 353
217 354
218 355
219 356
221 357
222 358
223 359
226 360
230 361
237 362
240 363
252 364
252 365
259 366
263 367
268 368
265 369
273 370
277 371
277 372
278 373
291 374
304 375
310 376
305 377
314 378
316 379
327 380
339 381
336 382
331 383
346 384
346 385
357 386
375 387
378 388
379 389
384 390
386 391
393 392
398 393
399 394
399 395
400 396
406 397
407 398
405 399
408 400
409 401
405 402
404 403
407 404
404 405
405 406
404 407
405 408
404 409
406 410
412 411
421 412
420 413
423 414
422 415
422 416
424 417
424 418
424 419
428 420
430 421
430 422
430 423
428 424
426 425
433 426
434 427
437 428
442 429
446 430
440 431
438 432
455 433
468 434
462 435
459 436
461 437
467 438
476 439
473 440
497 441
506 442
511 443
519 444
534 445
535 446
535 447
556 448
560 449
562 450
568 451
569 452
572 453
571 454
565 455
579 456
582 457
583 458
583 459
578 460
578 461
582 462
574 463
581 464
579 465
579 466
576 467
577 468
576 469
582 470
584 471
582 472
582 473
589 474
589 475
593 476
597 477
600 478
602 479
606 480
609 481
609 482
607 483
610 484
613 485
611 486
610 487
610 488
611 489
609 490
609 491
609 492
611 493
609 494
608 495
610 496
608 497
607 498
607 499
609 500
610 501
609 502
608 503
605 504
608 505
608 506
608 507
607 508
606 509
606 510
606 511
606 512
606 513
606 514
607 515
606 516
607 517
608 518
607 519
607 520
608 521
607 522
607 523
607 524
608 525
607 526
609 527
610 528
610 529
609 530
606 531
605 532
606 533
606 534
604 535
607 536
606 537
606 538
609 539
610 540
610 541
609 542
608 543
607 544
608 545
610 546
610 547
610 548
611 549
612 550
613 551
611 552
614 553
614 554
614 555
615 556
614 557
615 558
615 559
614 560
617 561
616 562
616 563
617 564
615 565
615 566
613 567
615 568
615 569
614 570
615 571
614 572
615 573
617 574
616 575
617 576
619 577
619 578
619 579
621 580
625 581
625 582
623 583
629 584
630 585
631 586
635 587
634 588
634 589
634 590
634 591
635 592
635 593
635 594
633 595
638 596
637 597
638 598
637 599
639 600
637 601
637 602
637 603
638 604
637 605
636 606
636 607
635 608
637 609
636 610
637 611
637 612
637 613
638 614
635 615
634 616
636 617
637 618
636 619
637 620
637 621
636 622
636 623
634 624
635 625
636 626
637 627
636 628
635 629
636 630
634 631
635 632
635 633
636 634
635 635
634 636
634 637
634 638
632 639
634 640
635 641
634 642
632 643
635 644
631 645
634 646
631 647
634 648
633 649
632 650
634 651
634 652
633 653
634 654
627 655
628 656
630 657
631 658
631 659
631 660
629 661
628 662
623 663
625 664
628 665
622 666
625 667
622 668
622 669
625 670
616 671
623 672
623 673
624 674
623 675
624 676
619 677
621 678
619 679
622 680
619 681
622 682
618 683
618 684
622 685
623 686
615 687
623 688
628 689
622 690
617 691
621 692
620 693
622 694
617 695
615 696
613 697
614 698
605 699
606 700
614 701
618 702
617 703
619 704
620 705
616 706
613 707
613 708
619 709
622 710
612 711
611 712
611 713
616 714
611 715
605 716
606 717
606 718
615 719
