639 0
639 1
639 2
639 3
639 4
639 5
639 6
639 7
639 8
639 9
639 10
639 11
639 12
639 13
639 14
639 15
639 16
639 17
639 18
639 19
639 20
639 21
639 22
639 23
639 24
639 25
639 26
639 27
639 28
639 29
639 30
639 31
639 32
639 33
639 34
639 35
639 36
639 37
639 38
639 39
639 40
639 41
639 42
639 43
639 44
639 45
639 46
639 47
639 48
639 49
639 50
639 51
639 52
639 53
639 54
639 55
639 56
639 57
639 58
639 59
639 60
639 61
639 62
639 63
639 64
639 65
639 66
639 67
639 68
639 69
639 70
639 71
639 72
639 73
639 74
639 75
639 76
639 77
639 78
639 79
639 80
639 81
639 82
639 83
639 84
639 85
639 86
639 87
639 88
639 89
639 90
639 91
639 92
639 93
643 94
643 95
644 96
657 97
664 98
666 99
673 100
670 101
667 102
670 103
682 104
691 105
702 106
702 107
703 108
703 109
713 110
722 111
726 112
725 113
723 114
722 115
730 116
739 117
747 118
749 119
751 120
756 121
758 122
767 123
769 124
771 125
775 126
783 127
788 128
788 129
796 130
805 131
811 132
816 133
819 134
825 135
834 136
847 137
867 138
869 139
871 140
875 141
877 142
873 143
876 144
879 145
883 146
888 147
893 148
893 149
897 150
899 151
900 152
902 153
906 154
909 155
913 156
912 157
913 158
915 159
916 160
919 161
926 162
927 163
936 164
937 165
938 166
942 167
946 168
947 169
948 170
949 171
951 172
952 173
955 174
962 175
968 176
983 177
993 178
1002 179
1007 180
1007 181
1009 182
1013 183
1015 184
1019 185
1020 186
1020 187
1022 188
1025 189
1027 190
1026 191
1027 192
1042 193
1048 194
1054 195
1054 196
1056 197
1057 198
1066 199
1079 200
1093 201
1107 202
1108 203
1115 204
1120 205
1125 206
1128 207
1131 208
1139 209
1141 210
1153 211
1153 212
1155 213
1155 214
1165 215
1174 216
1175 217
1177 218
1172 219
1173 220
1173 221
1178 222
1186 223
1174 224
1186 225
1191 226
1196 227
1199 228
1202 229
1206 230
1210 231
1209 232
1196 233
1191 234
1212 235
1223 236
1215 237
1213 238
1211 239
1214 240
1223 241
1233 242
1252 243
1256 244
1254 245
1270 246
1270 247
1159 248
1012 249
842 252
842 253
1096 254
1229 255
982 256
1256 259
858 264
858 265
858 266
858 267
858 268
858 269
858 270
1265 271
1262 280
926 290
927 291
1198 292
982 303
1 305
5 306
7 307
11 308
15 309
17 310
23 311
49 312
28 313
33 314
35 315
39 316
43 317
45 318
47 319
47 320
49 321
53 322
54 323
57 324
58 325
61 326
61 327
63 328
63 329
66 330
68 331
80 332
84 333
75 334
78 335
82 336
83 337
87 338
92 339
96 340
137 341
175 342
185 343
194 344
195 345
199 346
205 347
219 348
227 349
227 350
232 351
250 352
250 353
247 354
244 355
248 356
262 357
267 358
273 359
280 360
284 361
292 362
292 363
297 364
303 365
304 366
313 367
318 368
320 369
325 370
329 371
332 372
336 373
337 374
342 375
354 376
357 377
354 378
361 379
366 380
370 381
369 382
371 383
376 384
374 385
376 386
380 387
382 388
385 389
386 390
387 391
386 392
387 393
392 394
392 395
392 396
393 397
389 398
390 399
389 400
392 401
390 402
386 403
383 404
377 405
370 406
375 407
379 408
382 409
384 410
380 411
379 412
370 413
370 414
371 415
374 416
373 417
372 418
368 419
373 420
375 421
385 422
394 423
399 424
413 425
432 426
447 427
463 428
466 429
462 430
465 431
470 432
494 433
503 434
510 435
525 436
534 437
540 438
547 439
551 440
563 441
573 442
572 443
574 444
582 445
586 446
592 447
592 448
603 449
607 450
600 451
597 452
605 453
613 454
606 455
608 456
614 457
606 458
606 459
607 460
609 461
611 462
615 463
613 464
614 465
615 466
615 467
615 468
614 469
616 470
613 471
611 472
613 473
615 474
612 475
614 476
615 477
617 478
614 479
612 480
612 481
610 482
614 483
614 484
615 485
616 486
612 487
615 488
616 489
616 490
617 491
617 492
618 493
617 494
618 495
615 496
615 497
616 498
617 499
617 500
617 501
614 502
615 503
616 504
616 505
616 506
616 507
615 508
614 509
614 510
612 511
614 512
615 513
616 514
613 515
615 516
615 517
616 518
614 519
615 520
616 521
617 522
616 523
617 524
616 525
618 526
620 527
620 528
620 529
620 530
619 531
618 532
618 533
617 534
618 535
617 536
618 537
619 538
619 539
620 540
621 541
621 542
620 543
619 544
623 545
624 546
625 547
624 548
624 549
624 550
625 551
625 552
629 553
630 554
633 555
635 556
635 557
634 558
635 559
634 560
637 561
637 562
637 563
637 564
636 565
636 566
636 567
637 568
637 569
637 570
637 571
637 572
638 573
638 574
636 575
638 576
638 577
638 578
637 579
636 580
636 581
637 582
635 583
636 584
637 585
638 586
638 587
638 588
637 589
637 590
638 591
638 592
639 593
639 594
639 595
638 596
638 597
638 598
639 599
638 600
638 601
639 602
638 603
636 604
637 605
638 606
636 607
635 608
638 609
638 610
638 611
637 612
636 613
637 614
635 615
636 616
638 617
638 618
637 619
637 620
637 621
636 622
636 623
634 624
636 625
636 626
634 627
637 628
637 629
636 630
637 631
636 632
637 633
637 634
636 635
636 636
636 637
635 638
636 639
636 640
634 641
633 642
631 643
629 644
634 645
633 646
631 647
632 648
632 649
631 650
631 651
632 652
631 653
630 654
631 655
629 656
630 657
629 658
631 659
631 660
633 661
630 662
627 663
628 664
626 665
629 666
629 667
625 668
629 669
630 670
624 671
626 672
627 673
625 674
628 675
629 676
633 677
629 678
625 679
631 680
629 681
627 682
629 683
630 684
624 685
620 686
619 687
621 688
622 689
620 690
616 691
618 692
622 693
625 694
623 695
622 696
627 697
620 698
615 699
623 700
623 701
619 702
613 703
617 704
616 705
605 706
608 707
614 708
618 709
618 710
614 711
616 712
615 713
614 714
611 715
608 716
603 717
605 718
614 719
