639 0
639 1
639 2
639 3
639 4
639 5
639 6
639 7
639 8
639 9
639 10
639 11
639 12
639 13
639 14
639 15
639 16
639 17
639 18
639 19
639 20
639 21
639 22
639 23
639 24
639 25
639 26
639 27
639 28
639 29
639 30
639 31
639 32
639 33
639 34
639 35
639 36
639 37
639 38
639 39
639 40
639 41
639 42
639 43
639 44
639 45
639 46
639 47
639 48
639 49
639 50
639 51
639 52
639 53
639 54
639 55
639 56
639 57
639 58
639 59
639 60
639 61
639 62
639 63
639 64
639 65
639 66
639 67
639 68
639 69
639 70
639 71
639 72
639 73
639 74
639 75
639 76
639 77
639 78
639 79
639 80
639 81
639 82
639 83
639 84
639 85
639 86
639 87
639 88
639 89
639 90
639 91
639 92
640 93
641 94
642 95
644 96
652 97
656 98
662 99
667 100
669 101
668 102
667 103
675 104
683 105
700 106
701 107
699 108
702 109
706 110
715 111
722 112
724 113
726 114
722 115
727 116
735 117
746 118
748 119
751 120
750 121
757 122
769 123
770 124
771 125
774 126
781 127
789 128
788 129
791 130
798 131
805 132
815 133
815 134
816 135
825 136
838 137
860 138
865 139
870 140
874 141
873 142
875 143
876 144
878 145
886 146
888 147
892 148
892 149
895 150
897 151
899 152
903 153
906 154
908 155
907 156
910 157
912 158
911 159
915 160
918 161
922 162
927 163
932 164
933 165
938 166
940 167
943 168
945 169
947 170
948 171
948 172
951 173
955 174
958 175
964 176
975 177
989 178
998 179
1006 180
1008 181
1010 182
1007 183
1011 184
1014 185
1018 186
1018 187
1021 188
1025 189
1032 190
1031 191
1030 192
1041 193
1050 194
1059 195
1059 196
1059 197
1067 198
1072 199
1081 200
1093 201
1104 202
1106 203
1110 204
1121 205
1125 206
1126 207
1130 208
1138 209
1141 210
1151 211
1152 212
1151 213
1154 214
1163 215
1168 216
1175 217
1177 218
1173 219
1175 220
1176 221
1178 222
1182 223
1184 224
1189 225
1189 226
1187 227
1190 228
1195 229
1199 230
1208 231
1206 232
1215 233
1214 234
1219 235
1226 236
1231 237
1236 238
1238 239
1231 240
1226 241
1248 242
1233 243
1234 244
1216 245
1241 246
1227 247
1261 248
1264 249
1178 250
1131 251
1271 252
944 255
983 256
947 257
1012 258
1276 259
1176 260
1211 261
983 263
1127 264
1252 265
1244 266
1208 271
905 272
1267 279
1007 280
1007 283
1007 284
1007 287
1088 288
1088 289
1060 290
1091 292
1091 293
1089 294
1089 295
1030 296
1023 304
681 305
258 306
126 307
54 308
14 309
18 310
85 311
26 312
30 313
31 314
35 315
51 316
41 317
44 318
47 319
58 320
48 321
52 322
54 323
57 324
57 325
59 326
76 327
71 328
64 329
66 330
68 331
83 332
96 333
99 334
94 335
82 336
94 337
103 338
90 339
97 340
126 341
172 342
181 343
186 344
193 345
197 346
199 347
204 348
208 349
208 350
211 351
215 352
215 353
220 354
219 355
218 356
220 357
223 358
225 359
229 360
233 361
241 362
246 363
252 364
253 365
256 366
257 367
261 368
262 369
264 370
275 371
281 372
277 373
275 374
280 375
292 376
289 377
293 378
297 379
291 380
297 381
297 382
298 383
306 384
306 385
314 386
318 387
326 388
328 389
334 390
341 391
338 392
348 393
358 394
364 395
371 396
383 397
395 398
399 399
408 400
411 401
416 402
416 403
411 404
410 405
409 406
413 407
412 408
414 409
413 410
413 411
414 412
413 413
412 414
411 415
412 416
411 417
405 418
405 419
410 420
421 421
428 422
427 423
430 424
431 425
429 426
433 427
433 428
432 429
434 430
435 431
443 432
450 433
461 434
457 435
472 436
487 437
493 438
506 439
512 440
519 441
533 442
546 443
551 444
560 445
556 446
550 447
560 448
555 449
548 450
541 451
547 452
550 453
543 454
541 455
547 456
551 457
560 458
562 459
573 460
572 461
582 462
583 463
583 464
581 465
581 466
584 467
585 468
585 469
587 470
590 471
594 472
596 473
597 474
596 475
597 476
598 477
594 478
585 479
586 480
593 481
590 482
589 483
590 484
592 485
593 486
598 487
596 488
602 489
604 490
607 491
607 492
607 493
609 494
607 495
608 496
608 497
609 498
607 499
607 500
609 501
612 502
607 503
610 504
611 505
610 506
607 507
609 508
609 509
611 510
612 511
613 512
610 513
611 514
612 515
610 516
609 517
610 518
612 519
611 520
609 521
610 522
610 523
611 524
610 525
610 526
610 527
610 528
610 529
609 530
609 531
613 532
614 533
613 534
615 535
613 536
611 537
610 538
612 539
610 540
608 541
610 542
608 543
607 544
605 545
606 546
608 547
611 548
611 549
613 550
612 551
614 552
614 553
614 554
613 555
616 556
616 557
615 558
615 559
615 560
616 561
617 562
619 563
619 564
617 565
616 566
618 567
619 568
618 569
619 570
618 571
618 572
618 573
618 574
619 575
620 576
619 577
620 578
619 579
620 580
620 581
620 582
622 583
621 584
627 585
627 586
629 587
628 588
629 589
630 590
632 591
631 592
635 593
637 594
637 595
636 596
636 597
637 598
635 599
635 600
637 601
636 602
637 603
637 604
636 605
637 606
636 607
634 608
636 609
637 610
637 611
637 612
638 613
638 614
637 615
635 616
638 617
637 618
636 619
636 620
635 621
634 622
634 623
635 624
635 625
635 626
636 627
635 628
632 629
633 630
633 631
632 632
634 633
633 634
633 635
633 636
633 637
634 638
633 639
635 640
635 641
635 642
634 643
633 644
633 645
634 646
629 647
633 648
634 649
632 650
631 651
632 652
633 653
633 654
631 655
629 656
630 657
627 658
630 659
634 660
633 661
633 662
631 663
628 664
629 665
628 666
626 667
627 668
625 669
626 670
622 671
625 672
628 673
626 674
627 675
627 676
624 677
623 678
616 679
622 680
619 681
611 682
619 683
620 684
610 685
620 686
620 687
619 688
618 689
617 690
617 691
619 692
623 693
624 694
617 695
620 696
619 697
621 698
620 699
623 700
618 701
621 702
621 703
619 704
615 705
609 706
609 707
608 708
611 709
615 710
612 711
607 712
608 713
612 714
616 715
613 716
612 717
612 718
618 719
