639 0
639 1
639 2
639 3
639 4
639 5
639 6
639 7
639 8
639 9
639 10
639 11
639 12
639 13
639 14
639 15
639 16
639 17
639 18
639 19
639 20
639 21
639 22
639 23
639 24
639 25
639 26
639 27
639 28
639 29
639 30
639 31
639 32
639 33
639 34
639 35
639 36
639 37
639 38
639 39
639 40
639 41
639 42
639 43
639 44
639 45
639 46
639 47
639 48
639 49
639 50
639 51
639 52
639 53
639 54
639 55
639 56
639 57
639 58
639 59
639 60
639 61
639 62
639 63
639 64
639 65
639 66
639 67
639 68
639 69
639 70
639 71
639 72
639 73
639 74
639 75
639 76
639 77
639 78
639 79
639 80
639 81
639 82
639 83
639 84
639 85
639 86
639 87
639 88
639 89
639 90
639 91
640 92
641 93
642 94
644 95
649 96
655 97
667 98
667 99
664 100
667 101
669 102
672 103
676 104
689 105
703 106
704 107
701 108
713 109
716 110
720 111
724 112
726 113
727 114
731 115
725 116
736 117
749 118
747 119
754 120
757 121
762 122
770 123
769 124
771 125
777 126
788 127
787 128
793 129
797 130
803 131
808 132
813 133
817 134
822 135
832 136
845 137
866 138
870 139
878 140
875 141
873 142
874 143
876 144
881 145
884 146
889 147
893 148
893 149
897 150
898 151
900 152
902 153
906 154
908 155
913 156
913 157
914 158
915 159
918 160
920 161
927 162
930 163
935 164
936 165
939 166
942 167
945 168
947 169
949 170
948 171
949 172
953 173
956 174
963 175
968 176
986 177
995 178
1002 179
1009 180
1009 181
1010 182
1009 183
1015 184
1015 185
1017 186
1016 187
1018 188
1023 189
1026 190
1026 191
1026 192
1045 193
1052 194
1056 195
1057 196
1056 197
1059 198
1068 199
1074 200
1088 201
1103 202
1102 203
1110 204
1121 205
1124 206
1127 207
1130 208
1137 209
1143 210
1150 211
1144 212
1150 213
1154 214
1162 215
1169 216
1178 217
1174 218
1171 219
1173 220
1177 221
1178 222
1183 223
1189 224
1190 225
1190 226
1196 227
1196 228
1195 229
1203 230
1207 231
1200 232
1196 233
1201 234
1202 235
1208 236
1224 237
1234 238
1234 239
1227 240
1248 241
1256 242
1253 243
1259 244
1266 245
1261 246
1224 247
1191 248
1171 249
1272 255
1233 263
1220 264
1220 266
1223 267
1221 268
1230 269
1 305
2 306
6 307
10 308
16 309
19 310
111 311
173 312
150 313
183 314
205 315
227 316
205 317
226 318
228 319
217 320
234 321
221 322
188 323
209 324
235 325
244 326
254 327
266 328
254 329
274 330
283 331
288 332
293 333
290 334
285 335
297 336
295 337
301 338
304 339
308 340
294 341
294 342
297 343
306 344
310 345
316 346
316 347
317 348
319 349
325 350
329 351
322 352
330 353
328 354
330 355
335 356
338 357
339 358
341 359
346 360
343 361
343 362
342 363
333 364
335 365
339 366
340 367
336 368
335 369
326 370
320 371
316 372
320 373
324 374
327 375
335 376
333 377
344 378
355 379
372 380
378 381
396 382
398 383
398 384
402 385
402 386
405 387
404 388
404 389
405 390
405 391
409 392
407 393
400 394
397 395
396 396
394 397
393 398
391 399
383 400
381 401
379 402
379 403
378 404
381 405
383 406
383 407
388 408
392 409
393 410
392 411
392 412
392 413
393 414
396 415
399 416
407 417
411 418
411 419
417 420
428 421
434 422
439 423
448 424
461 425
472 426
486 427
500 428
512 429
516 430
513 431
520 432
537 433
536 434
538 435
548 436
556 437
561 438
557 439
563 440
573 441
580 442
585 443
595 444
607 445
600 446
604 447
597 448
610 449
612 450
610 451
614 452
611 453
611 454
612 455
618 456
617 457
619 458
619 459
618 460
613 461
615 462
615 463
610 464
615 465
614 466
613 467
613 468
612 469
613 470
616 471
617 472
620 473
617 474
614 475
619 476
621 477
620 478
614 479
616 480
619 481
619 482
619 483
620 484
619 485
618 486
617 487
618 488
621 489
621 490
621 491
621 492
622 493
623 494
622 495
624 496
624 497
625 498
624 499
624 500
624 501
625 502
624 503
625 504
624 505
625 506
625 507
623 508
620 509
624 510
624 511
623 512
625 513
625 514
624 515
625 516
624 517
625 518
627 519
626 520
627 521
629 522
630 523
629 524
628 525
628 526
628 527
630 528
629 529
631 530
630 531
630 532
628 533
630 534
632 535
631 536
632 537
630 538
631 539
635 540
636 541
637 542
636 543
634 544
634 545
634 546
633 547
632 548
633 549
633 550
632 551
633 552
632 553
632 554
631 555
632 556
632 557
633 558
634 559
633 560
635 561
634 562
632 563
634 564
635 565
635 566
635 567
634 568
634 569
634 570
633 571
633 572
634 573
635 574
635 575
636 576
638 577
637 578
634 579
637 580
638 581
637 582
638 583
638 584
638 585
637 586
638 587
637 588
636 589
637 590
637 591
635 592
637 593
638 594
637 595
635 596
636 597
638 598
637 599
638 600
637 601
637 602
637 603
638 604
637 605
637 606
637 607
637 608
636 609
637 610
637 611
638 612
637 613
637 614
636 615
637 616
637 617
636 618
636 619
636 620
635 621
635 622
635 623
635 624
633 625
632 626
632 627
631 628
629 629
630 630
632 631
629 632
631 633
629 634
629 635
629 636
630 637
634 638
634 639
631 640
633 641
633 642
633 643
631 644
629 645
630 646
633 647
634 648
635 649
635 650
632 651
635 652
635 653
635 654
634 655
632 656
635 657
632 658
633 659
634 660
635 661
634 662
629 663
626 664
631 665
634 666
635 667
633 668
629 669
634 670
631 671
623 672
632 673
635 674
632 675
630 676
632 677
632 678
629 679
629 680
630 681
625 682
623 683
623 684
624 685
627 686
626 687
624 688
623 689
626 690
624 691
616 692
615 693
625 694
621 695
617 696
620 697
618 698
622 699
627 700
626 701
624 702
624 703
620 704
623 705
618 706
613 707
622 708
628 709
616 710
614 711
613 712
613 713
614 714
610 715
613 716
610 717
607 718
611 719
