639 0
639 1
639 2
639 3
639 4
639 5
639 6
639 7
639 8
639 9
639 10
639 11
639 12
639 13
639 14
639 15
639 16
639 17
639 18
639 19
639 20
639 21
639 22
639 23
639 24
639 25
639 26
639 27
639 28
639 29
639 30
639 31
639 32
639 33
639 34
639 35
639 36
639 37
639 38
639 39
639 40
639 41
639 42
639 43
639 44
639 45
639 46
639 47
639 48
639 49
639 50
639 51
639 52
639 53
639 54
639 55
639 56
639 57
639 58
639 59
639 60
639 61
639 62
639 63
639 64
639 65
639 66
639 67
639 68
639 69
639 70
639 71
639 72
639 73
639 74
639 75
639 76
639 77
639 78
639 79
639 80
639 81
639 82
639 83
639 84
639 85
639 86
639 87
639 88
639 89
639 90
639 91
639 92
640 93
642 94
644 95
645 96
650 97
657 98
666 99
665 100
666 101
667 102
671 103
684 104
687 105
697 106
700 107
701 108
698 109
710 110
713 111
722 112
727 113
726 114
723 115
733 116
740 117
742 118
748 119
751 120
760 121
767 122
769 123
770 124
771 125
774 126
785 127
786 128
788 129
792 130
804 131
811 132
816 133
820 134
826 135
831 136
851 137
864 138
872 139
874 140
873 141
876 142
872 143
880 144
882 145
884 146
889 147
893 148
894 149
896 150
898 151
901 152
903 153
905 154
909 155
911 156
912 157
911 158
915 159
916 160
920 161
921 162
925 163
935 164
937 165
938 166
943 167
945 168
947 169
949 170
948 171
951 172
952 173
956 174
962 175
968 176
980 177
992 178
1001 179
1010 180
1011 181
1011 182
1012 183
1013 184
1015 185
1015 186
1016 187
1017 188
1021 189
1024 190
1025 191
1025 192
1039 193
1048 194
1058 195
1057 196
1058 197
1062 198
1068 199
1078 200
1086 201
1102 202
1106 203
1114 204
1119 205
1123 206
1128 207
1132 208
1137 209
1144 210
1146 211
1149 212
1152 213
1152 214
1158 215
1160 216
1170 217
1169 218
1171 219
1174 220
1177 221
1181 222
1184 223
1188 224
1182 225
1181 226
1188 227
1189 228
1190 229
1193 230
1200 231
1206 232
1206 233
1215 234
1223 235
1229 236
1232 237
1235 238
1238 239
1235 240
1246 241
1251 242
1252 243
1253 244
1256 245
1247 246
1264 247
1237 248
1264 249
1278 251
1229 256
1190 259
1190 260
1190 261
1217 262
1217 263
1247 264
1255 265
1201 266
1245 269
1247 270
940 283
1095 295
911 296
854 302
857 303
799 304
797 305
402 306
329 307
396 308
358 309
356 310
278 311
275 312
298 313
295 314
269 315
259 316
274 317
281 318
291 319
304 320
306 321
304 322
291 323
305 324
329 325
334 326
336 327
335 328
336 329
346 330
339 331
328 332
324 333
325 334
321 335
318 336
330 337
331 338
325 339
330 340
320 341
318 342
314 343
321 344
322 345
323 346
331 347
333 348
337 349
334 350
333 351
330 352
328 353
323 354
324 355
315 356
322 357
320 358
315 359
315 360
309 361
304 362
315 363
317 364
320 365
329 366
340 367
345 368
349 369
355 370
362 371
381 372
387 373
390 374
392 375
401 376
401 377
400 378
402 379
407 380
406 381
407 382
408 383
410 384
410 385
413 386
411 387
410 388
400 389
395 390
395 391
391 392
395 393
396 394
397 395
392 396
386 397
386 398
389 399
388 400
389 401
391 402
391 403
388 404
390 405
393 406
392 407
394 408
399 409
400 410
405 411
410 412
412 413
414 414
413 415
413 416
415 417
416 418
421 419
421 420
425 421
431 422
436 423
443 424
457 425
477 426
488 427
497 428
507 429
509 430
511 431
521 432
531 433
537 434
545 435
549 436
554 437
562 438
561 439
561 440
576 441
580 442
586 443
596 444
596 445
597 446
595 447
591 448
598 449
606 450
609 451
610 452
613 453
607 454
610 455
615 456
620 457
616 458
616 459
617 460
619 461
616 462
616 463
619 464
620 465
620 466
615 467
614 468
615 469
619 470
617 471
620 472
619 473
619 474
620 475
620 476
620 477
621 478
619 479
617 480
618 481
618 482
617 483
619 484
619 485
619 486
618 487
617 488
619 489
619 490
620 491
620 492
620 493
621 494
623 495
622 496
622 497
622 498
623 499
623 500
623 501
622 502
622 503
623 504
623 505
621 506
619 507
622 508
622 509
621 510
620 511
622 512
623 513
622 514
623 515
624 516
624 517
624 518
624 519
626 520
628 521
627 522
627 523
627 524
628 525
628 526
628 527
629 528
629 529
630 530
631 531
631 532
630 533
631 534
632 535
632 536
630 537
631 538
632 539
632 540
632 541
632 542
631 543
630 544
630 545
631 546
630 547
632 548
632 549
632 550
632 551
632 552
632 553
633 554
633 555
632 556
632 557
631 558
631 559
631 560
632 561
632 562
633 563
633 564
633 565
633 566
631 567
632 568
633 569
632 570
633 571
631 572
631 573
630 574
630 575
632 576
631 577
633 578
634 579
632 580
632 581
634 582
634 583
635 584
636 585
636 586
636 587
636 588
636 589
637 590
636 591
637 592
637 593
637 594
638 595
638 596
635 597
637 598
635 599
636 600
637 601
637 602
636 603
635 604
635 605
635 606
631 607
630 608
632 609
629 610
629 611
628 612
625 613
627 614
629 615
630 616
628 617
630 618
631 619
632 620
631 621
631 622
632 623
633 624
634 625
637 626
637 627
636 628
638 629
637 630
636 631
636 632
636 633
637 634
637 635
637 636
636 637
637 638
637 639
635 640
635 641
636 642
634 643
632 644
632 645
635 646
633 647
632 648
635 649
635 650
632 651
635 652
634 653
634 654
632 655
631 656
632 657
632 658
631 659
632 660
632 661
630 662
628 663
633 664
634 665
632 666
631 667
633 668
633 669
631 670
627 671
630 672
632 673
635 674
631 675
631 676
632 677
633 678
627 679
630 680
633 681
633 682
630 683
626 684
621 685
623 686
630 687
628 688
629 689
621 690
618 691
623 692
623 693
623 694
628 695
623 696
621 697
617 698
621 699
625 700
624 701
626 702
617 703
617 704
615 705
621 706
619 707
621 708
623 709
621 710
613 711
622 712
615 713
618 714
620 715
608 716
613 717
618 718
617 719
