639 0
639 1
639 2
639 3
639 4
639 5
639 6
639 7
639 8
639 9
639 10
639 11
639 12
639 13
639 14
639 15
639 16
639 17
639 18
639 19
639 20
639 21
639 22
639 23
639 24
639 25
639 26
639 27
639 28
639 29
639 30
639 31
639 32
639 33
639 34
639 35
639 36
639 37
639 38
639 39
639 40
639 41
639 42
639 43
639 44
639 45
639 46
639 47
639 48
639 49
639 50
639 51
639 52
639 53
639 54
639 55
639 56
639 57
639 58
639 59
639 60
639 61
639 62
639 63
639 64
639 65
639 66
639 67
639 68
639 69
639 70
639 71
639 72
639 73
639 74
639 75
639 76
639 77
639 78
639 79
639 80
639 81
639 82
639 83
639 84
639 85
639 86
639 87
639 88
639 89
639 90
639 91
639 92
640 93
642 94
641 95
645 96
651 97
657 98
665 99
670 100
670 101
668 102
670 103
682 104
694 105
695 106
690 107
698 108
707 109
709 110
711 111
722 112
728 113
725 114
725 115
734 116
740 117
740 118
747 119
748 120
754 121
765 122
769 123
768 124
772 125
775 126
783 127
788 128
788 129
792 130
802 131
814 132
813 133
817 134
824 135
832 136
850 137
867 138
866 139
871 140
873 141
873 142
876 143
874 144
878 145
883 146
889 147
890 148
893 149
898 150
898 151
899 152
902 153
906 154
908 155
911 156
911 157
913 158
913 159
917 160
919 161
921 162
928 163
933 164
938 165
939 166
942 167
944 168
947 169
946 170
947 171
949 172
953 173
955 174
960 175
963 176
978 177
993 178
1004 179
1007 180
1009 181
1011 182
1008 183
1014 184
1014 185
1016 186
1016 187
1019 188
1022 189
1024 190
1026 191
1026 192
1038 193
1048 194
1053 195
1054 196
1055 197
1055 198
1065 199
1073 200
1092 201
1104 202
1106 203
1112 204
1120 205
1123 206
1127 207
1131 208
1137 209
1142 210
1152 211
1153 212
1155 213
1153 214
1157 215
1170 216
1172 217
1174 218
1169 219
1175 220
1172 221
1178 222
1186 223
1191 224
1186 225
1190 226
1191 227
1195 228
1192 229
1206 230
1192 231
1204 232
1218 233
1219 234
1223 235
1227 236
1233 237
1235 238
1233 239
1230 240
1243 241
1251 242
1245 243
1253 244
1225 245
1261 246
1235 247
1164 248
1040 249
995 250
927 251
928 252
913 253
926 254
948 255
926 256
927 257
1279 258
1278 259
1278 260
784 263
933 264
933 265
1279 266
1279 267
1228 271
1120 274
1264 275
1263 276
763 279
846 281
844 282
847 286
847 287
849 289
849 290
850 291
850 292
850 293
739 296
739 301
3 306
4 307
9 308
15 309
17 310
20 311
27 312
29 313
32 314
37 315
39 316
41 317
44 318
46 319
50 320
51 321
52 322
54 323
57 324
58 325
59 326
60 327
62 328
63 329
66 330
68 331
70 332
73 333
74 334
77 335
90 336
83 337
86 338
87 339
105 340
121 341
171 342
179 343
185 344
191 345
200 346
203 347
208 348
207 349
208 350
211 351
213 352
214 353
219 354
219 355
219 356
224 357
224 358
225 359
229 360
236 361
240 362
243 363
254 364
257 365
257 366
264 367
263 368
279 369
284 370
281 371
289 372
297 373
301 374
302 375
308 376
312 377
318 378
322 379
324 380
330 381
329 382
335 383
332 384
337 385
342 386
346 387
344 388
347 389
350 390
352 391
351 392
351 393
359 394
360 395
363 396
364 397
366 398
368 399
374 400
371 401
379 402
377 403
379 404
383 405
385 406
384 407
384 408
384 409
384 410
383 411
381 412
384 413
383 414
384 415
382 416
379 417
381 418
379 419
377 420
375 421
375 422
372 423
371 424
370 425
365 426
394 427
423 428
443 429
443 430
441 431
450 432
461 433
471 434
479 435
485 436
499 437
506 438
506 439
513 440
518 441
535 442
549 443
558 444
565 445
576 446
587 447
594 448
596 449
592 450
592 451
597 452
602 453
606 454
602 455
609 456
608 457
609 458
607 459
605 460
603 461
604 462
600 463
602 464
605 465
603 466
602 467
598 468
598 469
603 470
607 471
611 472
611 473
609 474
611 475
615 476
615 477
615 478
613 479
615 480
615 481
615 482
615 483
616 484
616 485
616 486
617 487
616 488
616 489
616 490
616 491
617 492
616 493
617 494
617 495
616 496
617 497
617 498
616 499
616 500
615 501
616 502
615 503
615 504
617 505
617 506
617 507
616 508
615 509
616 510
614 511
614 512
613 513
614 514
614 515
615 516
613 517
614 518
615 519
614 520
614 521
615 522
613 523
614 524
615 525
615 526
615 527
616 528
616 529
618 530
618 531
618 532
620 533
620 534
620 535
620 536
620 537
620 538
621 539
621 540
620 541
620 542
619 543
619 544
618 545
618 546
618 547
618 548
618 549
618 550
619 551
619 552
619 553
619 554
620 555
620 556
622 557
621 558
619 559
621 560
623 561
623 562
625 563
625 564
627 565
629 566
628 567
631 568
637 569
636 570
637 571
636 572
636 573
637 574
638 575
639 576
639 577
639 578
639 579
638 580
638 581
638 582
638 583
639 584
638 585
639 586
639 587
636 588
638 589
639 590
638 591
637 592
638 593
637 594
637 595
636 596
637 597
638 598
638 599
637 600
638 601
638 602
639 603
636 604
633 605
634 606
634 607
636 608
636 609
637 610
639 611
638 612
636 613
639 614
638 615
635 616
639 617
638 618
637 619
637 620
638 621
639 622
636 623
636 624
638 625
638 626
639 627
638 628
638 629
636 630
638 631
638 632
638 633
638 634
638 635
638 636
638 637
638 638
637 639
633 640
637 641
635 642
634 643
633 644
633 645
634 646
634 647
632 648
631 649
633 650
633 651
629 652
632 653
633 654
631 655
632 656
631 657
631 658
634 659
632 660
633 661
633 662
628 663
627 664
629 665
631 666
635 667
631 668
630 669
631 670
627 671
627 672
627 673
630 674
631 675
629 676
624 677
624 678
626 679
624 680
631 681
631 682
627 683
624 684
620 685
625 686
624 687
618 688
622 689
623 690
621 691
611 692
611 693
612 694
614 695
615 696
614 697
614 698
610 699
614 700
618 701
619 702
610 703
610 704
619 705
615 706
615 707
617 708
621 709
617 710
612 711
608 712
605 713
615 714
609 715
609 716
606 717
618 718
621 719
