630 0
630 1
633 2
639 3
636 4
637 5
639 6
639 7
639 8
639 9
639 10
639 11
639 12
639 13
639 14
639 15
639 16
639 17
639 18
639 19
639 20
639 21
639 22
639 23
639 24
639 25
639 26
639 27
639 28
639 29
639 30
639 31
639 32
639 33
639 34
639 35
639 36
639 37
639 38
639 39
639 40
639 41
639 42
639 43
639 44
639 45
639 46
639 47
639 48
639 49
639 50
639 51
639 52
639 53
639 54
639 55
639 56
639 57
639 58
639 59
639 60
639 61
639 62
639 63
639 64
639 65
639 66
639 67
639 68
639 69
639 70
639 71
639 72
639 73
639 74
639 75
639 76
639 77
639 78
639 79
639 80
639 81
639 82
639 83
639 84
639 85
639 86
639 87
639 88
639 89
639 90
639 91
643 92
643 93
644 94
650 95
653 96
658 97
657 98
659 99
659 100
661 101
668 102
683 103
688 104
685 105
691 106
700 107
702 108
705 109
708 110
710 111
715 112
714 113
720 114
733 115
737 116
735 117
742 118
746 119
748 120
750 121
752 122
753 123
754 124
758 125
766 126
770 127
774 128
783 129
792 130
796 131
800 132
798 133
805 134
814 135
824 136
849 137
852 138
853 139
858 140
859 141
858 142
861 143
864 144
866 145
870 146
874 147
875 148
878 149
879 150
881 151
883 152
886 153
889 154
893 155
894 156
899 157
897 158
898 159
902 160
903 161
906 162
910 163
915 164
918 165
921 166
922 167
925 168
925 169
929 170
932 171
932 172
932 173
933 174
936 175
940 176
943 177
953 178
966 179
977 180
987 181
992 182
992 183
995 184
994 185
995 186
999 187
1000 188
999 189
1001 190
1003 191
1007 192
1011 193
1012 194
1010 195
1026 196
1030 197
1038 198
1041 199
1040 200
1039 201
1046 202
1053 203
1065 204
1078 205
1089 206
1090 207
1100 208
1105 209
1108 210
1110 211
1113 212
1119 213
1124 214
1132 215
1137 216
1137 217
1140 218
1141 219
1148 220
1154 221
1156 222
1156 223
1154 224
1158 225
1156 226
1163 227
1169 228
1174 229
1174 230
1173 231
1171 232
1181 233
1183 234
1186 235
1190 236
1194 237
1197 238
1201 239
1204 240
1209 241
1211 242
1215 243
1219 244
1224 245
1225 246
1229 247
1232 248
1193 249
1223 250
1252 251
1208 252
1135 253
1122 254
1101 255
1184 256
1103 257
972 258
1266 261
1266 262
1189 264
1185 266
1170 267
1206 268
1150 269
1239 271
1260 296
1255 297
0 309
2 310
7 311
10 312
11 313
15 314
18 315
23 316
26 317
26 318
26 319
32 320
33 321
35 322
36 323
45 324
54 325
55 326
55 327
122 328
123 329
113 330
96 331
154 332
174 333
179 334
177 335
174 336
168 337
175 338
177 339
190 340
194 341
205 342
213 343
226 344
228 345
232 346
233 347
240 348
244 349
247 350
252 351
259 352
262 353
263 354
264 355
272 356
273 357
275 358
280 359
281 360
285 361
293 362
295 363
300 364
304 365
308 366
309 367
314 368
312 369
311 370
313 371
313 372
314 373
319 374
318 375
320 376
322 377
322 378
321 379
323 380
325 381
326 382
325 383
323 384
326 385
324 386
323 387
323 388
320 389
308 390
300 391
298 392
286 393
281 394
280 395
290 396
284 397
281 398
278 399
287 400
298 401
307 402
321 403
341 404
347 405
349 406
354 407
355 408
360 409
360 410
360 411
362 412
365 413
365 414
372 415
380 416
383 417
386 418
389 419
403 420
414 421
422 422
423 423
419 424
431 425
437 426
440 427
447 428
458 429
472 430
483 431
486 432
496 433
499 434
506 435
518 436
521 437
522 438
530 439
536 440
542 441
555 442
566 443
572 444
582 445
586 446
581 447
590 448
592 449
600 450
607 451
610 452
607 453
613 454
617 455
625 456
630 457
627 458
622 459
627 460
623 461
629 462
630 463
630 464
626 465
622 466
628 467
630 468
632 469
634 470
627 471
632 472
636 473
636 474
629 475
631 476
635 477
636 478
632 479
632 480
633 481
632 482
629 483
625 484
631 485
636 486
631 487
635 488
636 489
638 490
638 491
635 492
636 493
639 494
634 495
635 496
637 497
636 498
637 499
637 500
639 501
640 502
640 503
640 504
639 505
640 506
640 507
640 508
639 509
640 510
640 511
638 512
640 513
641 514
641 515
640 516
642 517
642 518
642 519
643 520
643 521
641 522
642 523
642 524
639 525
640 526
641 527
642 528
641 529
642 530
644 531
643 532
644 533
644 534
642 535
644 536
646 537
646 538
646 539
644 540
642 541
643 542
642 543
641 544
641 545
640 546
640 547
639 548
641 549
640 550
640 551
641 552
640 553
642 554
642 555
640 556
641 557
641 558
640 559
639 560
640 561
638 562
638 563
639 564
639 565
639 566
639 567
639 568
640 569
641 570
641 571
641 572
641 573
641 574
641 575
641 576
640 577
641 578
638 579
639 580
641 581
641 582
640 583
640 584
641 585
641 586
641 587
639 588
640 589
639 590
638 591
638 592
640 593
639 594
639 595
640 596
640 597
640 598
639 599
638 600
640 601
639 602
640 603
640 604
639 605
639 606
640 607
640 608
638 609
638 610
638 611
639 612
638 613
639 614
640 615
635 616
634 617
635 618
636 619
637 620
639 621
641 622
639 623
639 624
640 625
639 626
640 627
641 628
638 629
637 630
640 631
638 632
639 633
635 634
632 635
636 636
636 637
635 638
633 639
637 640
634 641
635 642
636 643
637 644
636 645
638 646
636 647
636 648
635 649
636 650
636 651
634 652
638 653
636 654
632 655
631 656
633 657
631 658
631 659
634 660
635 661
634 662
630 663
624 664
630 665
635 666
637 667
634 668
630 669
629 670
631 671
631 672
634 673
634 674
631 675
628 676
629 677
631 678
629 679
629 680
631 681
626 682
617 683
625 684
627 685
626 686
617 687
620 688
623 689
623 690
625 691
625 692
624 693
631 694
627 695
620 696
615 697
613 698
613 699
611 700
612 701
614 702
612 703
618 704
622 705
607 706
600 707
606 708
613 709
610 710
596 711
601 712
605 713
608 714
603 715
601 716
602 717
604 718
609 719
