639 0
639 1
639 2
639 3
639 4
639 5
639 6
639 7
639 8
639 9
639 10
639 11
639 12
639 13
639 14
639 15
639 16
639 17
639 18
639 19
639 20
639 21
639 22
639 23
639 24
639 25
639 26
639 27
639 28
639 29
639 30
639 31
639 32
639 33
639 34
639 35
639 36
639 37
639 38
639 39
639 40
639 41
639 42
639 43
639 44
639 45
639 46
639 47
639 48
639 49
639 50
639 51
639 52
639 53
639 54
639 55
639 56
639 57
639 58
639 59
639 60
639 61
639 62
639 63
639 64
639 65
639 66
639 67
639 68
639 69
639 70
639 71
639 72
639 73
639 74
639 75
639 76
639 77
639 78
639 79
639 80
639 81
639 82
639 83
639 84
639 85
639 86
639 87
639 88
639 89
639 90
639 91
639 92
640 93
641 94
642 95
652 96
653 97
660 98
665 99
667 100
667 101
664 102
668 103
678 104
689 105
694 106
702 107
703 108
704 109
711 110
721 111
721 112
724 113
730 114
728 115
730 116
735 117
743 118
747 119
751 120
756 121
763 122
769 123
770 124
770 125
773 126
784 127
789 128
788 129
790 130
802 131
810 132
815 133
820 134
821 135
830 136
847 137
867 138
871 139
870 140
875 141
874 142
875 143
878 144
881 145
883 146
888 147
891 148
894 149
895 150
898 151
900 152
902 153
905 154
908 155
913 156
912 157
912 158
914 159
915 160
916 161
922 162
926 163
936 164
937 165
939 166
941 167
943 168
944 169
949 170
949 171
949 172
951 173
955 174
960 175
964 176
973 177
990 178
1003 179
1007 180
1009 181
1011 182
1010 183
1013 184
1014 185
1015 186
1016 187
1018 188
1020 189
1020 190
1025 191
1027 192
1038 193
1048 194
1057 195
1057 196
1056 197
1059 198
1068 199
1074 200
1091 201
1101 202
1106 203
1117 204
1120 205
1122 206
1124 207
1125 208
1136 209
1140 210
1153 211
1153 212
1149 213
1154 214
1166 215
1165 216
1172 217
1171 218
1170 219
1172 220
1177 221
1175 222
1179 223
1175 224
1180 225
1183 226
1186 227
1186 228
1189 229
1192 230
1198 231
1203 232
1208 233
1221 234
1225 235
1225 236
1230 237
1237 238
1225 239
1240 240
1241 241
1243 242
1255 243
1263 244
1188 245
1269 246
1242 247
1248 248
1279 249
1274 250
1279 251
1103 252
1186 253
1174 254
1179 255
1182 256
1184 262
1271 263
1225 264
1170 265
1220 267
1237 268
1208 271
1255 274
1101 279
1207 290
1214 291
1160 292
815 295
933 296
933 297
933 298
813 299
813 300
812 301
844 302
834 303
816 304
810 305
525 306
468 307
481 308
462 309
370 310
351 311
339 312
290 313
296 314
297 315
301 316
302 317
291 318
303 319
347 320
349 321
353 322
350 323
360 324
356 325
350 326
352 327
363 328
358 329
359 330
363 331
352 332
336 333
345 334
358 335
366 336
357 337
352 338
354 339
356 340
339 341
324 342
323 343
324 344
323 345
324 346
320 347
316 348
318 349
314 350
314 351
318 352
310 353
311 354
315 355
317 356
318 357
316 358
319 359
320 360
333 361
340 362
340 363
348 364
356 365
357 366
362 367
372 368
386 369
391 370
395 371
395 372
394 373
402 374
401 375
402 376
402 377
404 378
407 379
406 380
407 381
401 382
398 383
393 384
394 385
398 386
401 387
399 388
397 389
398 390
400 391
392 392
392 393
391 394
392 395
396 396
396 397
400 398
397 399
397 400
398 401
400 402
402 403
405 404
409 405
413 406
419 407
417 408
418 409
417 410
417 411
418 412
419 413
420 414
419 415
418 416
418 417
418 418
418 419
422 420
424 421
423 422
430 423
440 424
446 425
459 426
476 427
492 428
508 429
509 430
510 431
512 432
530 433
530 434
538 435
546 436
550 437
558 438
555 439
557 440
568 441
576 442
580 443
591 444
595 445
595 446
600 447
599 448
609 449
614 450
614 451
612 452
612 453
612 454
611 455
615 456
618 457
614 458
612 459
614 460
612 461
613 462
618 463
618 464
620 465
617 466
616 467
618 468
620 469
621 470
619 471
620 472
621 473
621 474
619 475
621 476
621 477
617 478
620 479
617 480
620 481
617 482
612 483
614 484
619 485
620 486
619 487
618 488
618 489
618 490
618 491
618 492
618 493
620 494
621 495
621 496
622 497
622 498
621 499
622 500
623 501
623 502
623 503
621 504
620 505
620 506
621 507
622 508
620 509
621 510
621 511
622 512
622 513
622 514
621 515
622 516
623 517
624 518
625 519
625 520
626 521
627 522
627 523
625 524
626 525
626 526
625 527
628 528
628 529
627 530
628 531
628 532
628 533
630 534
631 535
631 536
631 537
631 538
632 539
632 540
634 541
634 542
633 543
632 544
631 545
630 546
629 547
629 548
629 549
629 550
628 551
632 552
632 553
631 554
630 555
631 556
631 557
631 558
632 559
631 560
631 561
631 562
631 563
629 564
630 565
631 566
631 567
631 568
629 569
632 570
632 571
632 572
632 573
631 574
630 575
630 576
630 577
630 578
630 579
630 580
632 581
632 582
631 583
630 584
632 585
633 586
634 587
634 588
633 589
635 590
637 591
637 592
637 593
636 594
634 595
633 596
632 597
631 598
630 599
630 600
631 601
631 602
629 603
627 604
628 605
628 606
627 607
625 608
629 609
629 610
632 611
631 612
629 613
630 614
631 615
630 616
634 617
635 618
635 619
634 620
635 621
637 622
638 623
638 624
638 625
639 626
639 627
638 628
637 629
638 630
638 631
637 632
636 633
635 634
637 635
638 636
638 637
637 638
635 639
633 640
636 641
634 642
634 643
636 644
636 645
635 646
634 647
633 648
633 649
634 650
633 651
635 652
634 653
634 654
632 655
632 656
633 657
633 658
631 659
632 660
634 661
633 662
634 663
630 664
631 665
634 666
635 667
634 668
630 669
631 670
630 671
632 672
634 673
634 674
632 675
631 676
630 677
633 678
633 679
628 680
632 681
628 682
629 683
625 684
622 685
622 686
618 687
629 688
627 689
630 690
630 691
625 692
619 693
618 694
621 695
629 696
625 697
625 698
622 699
618 700
623 701
628 702
620 703
609 704
621 705
621 706
613 707
612 708
618 709
623 710
614 711
611 712
610 713
614 714
620 715
602 716
606 717
616 718
619 719
