639 0
639 1
639 2
639 3
639 4
639 5
639 6
639 7
639 8
639 9
639 10
639 11
639 12
639 13
639 14
639 15
639 16
639 17
639 18
639 19
639 20
639 21
639 22
639 23
639 24
639 25
639 26
639 27
639 28
639 29
639 30
639 31
639 32
639 33
639 34
639 35
639 36
639 37
639 38
639 39
639 40
639 41
639 42
639 43
639 44
639 45
639 46
639 47
639 48
639 49
639 50
639 51
639 52
639 53
639 54
639 55
639 56
639 57
639 58
639 59
639 60
639 61
639 62
639 63
639 64
639 65
639 66
639 67
639 68
639 69
639 70
639 71
639 72
639 73
639 74
639 75
639 76
639 77
639 78
639 79
639 80
639 81
639 82
639 83
639 84
639 85
639 86
639 87
639 88
639 89
639 90
639 91
639 92
639 93
642 94
642 95
644 96
649 97
659 98
663 99
671 100
669 101
666 102
665 103
675 104
685 105
692 106
695 107
703 108
701 109
703 110
717 111
720 112
719 113
725 114
727 115
727 116
737 117
741 118
744 119
751 120
755 121
759 122
769 123
770 124
770 125
772 126
782 127
785 128
789 129
791 130
800 131
809 132
812 133
815 134
822 135
832 136
836 137
864 138
871 139
868 140
874 141
872 142
876 143
878 144
880 145
882 146
888 147
892 148
894 149
894 150
898 151
899 152
901 153
905 154
909 155
911 156
909 157
912 158
914 159
916 160
918 161
920 162
925 163
934 164
936 165
936 166
941 167
941 168
946 169
948 170
949 171
950 172
950 173
953 174
961 175
962 176
975 177
989 178
993 179
1007 180
1010 181
1011 182
1008 183
1011 184
1013 185
1018 186
1019 187
1019 188
1020 189
1022 190
1025 191
1025 192
1036 193
1046 194
1054 195
1056 196
1055 197
1055 198
1061 199
1074 200
1088 201
1102 202
1104 203
1113 204
1120 205
1125 206
1127 207
1129 208
1136 209
1142 210
1150 211
1154 212
1155 213
1153 214
1159 215
1163 216
1173 217
1173 218
1173 219
1173 220
1177 221
1176 222
1164 223
1182 224
1189 225
1188 226
1183 227
1175 228
1184 229
1199 230
1203 231
1200 232
1204 233
1202 234
1205 235
1211 236
1214 237
1219 238
1220 239
1238 240
1247 241
1252 242
1252 243
1262 244
1193 245
1269 246
1239 247
1237 248
1278 249
1147 253
1180 255
1164 256
1186 257
1182 258
1239 261
1240 262
1258 264
1244 268
1244 269
774 270
773 271
776 274
776 275
872 276
777 277
779 278
944 279
779 280
779 281
1051 282
870 284
1087 285
1279 286
1274 296
1200 303
1 304
312 305
3 306
6 307
9 308
44 309
42 310
22 311
43 312
29 313
58 314
59 315
71 316
73 317
44 318
45 319
47 320
51 321
53 322
54 323
56 324
57 325
59 326
61 327
69 328
63 329
63 330
67 331
70 332
72 333
73 334
86 335
84 336
87 337
86 338
91 339
95 340
132 341
174 342
184 343
186 344
196 345
204 346
207 347
216 348
227 349
228 350
224 351
237 352
241 353
246 354
245 355
247 356
252 357
263 358
267 359
269 360
270 361
275 362
281 363
289 364
294 365
294 366
296 367
300 368
301 369
307 370
313 371
310 372
317 373
319 374
322 375
325 376
328 377
334 378
337 379
337 380
342 381
349 382
348 383
353 384
355 385
356 386
358 387
359 388
358 389
359 390
358 391
365 392
364 393
366 394
367 395
364 396
363 397
369 398
369 399
370 400
372 401
376 402
372 403
373 404
376 405
375 406
370 407
369 408
371 409
373 410
371 411
363 412
355 413
347 414
346 415
339 416
334 417
338 418
339 419
338 420
344 421
365 422
391 423
399 424
429 425
456 426
477 427
493 428
501 429
505 430
503 431
519 432
529 433
534 434
538 435
542 436
551 437
559 438
546 439
547 440
546 441
564 442
569 443
580 444
591 445
596 446
595 447
587 448
602 449
605 450
607 451
610 452
606 453
609 454
608 455
608 456
612 457
611 458
610 459
613 460
612 461
613 462
611 463
613 464
614 465
614 466
611 467
611 468
615 469
615 470
616 471
613 472
619 473
620 474
619 475
618 476
618 477
617 478
620 479
617 480
619 481
617 482
619 483
618 484
617 485
615 486
615 487
615 488
615 489
615 490
615 491
617 492
619 493
619 494
619 495
619 496
621 497
621 498
620 499
619 500
620 501
624 502
621 503
622 504
621 505
622 506
621 507
621 508
620 509
621 510
622 511
624 512
623 513
624 514
625 515
624 516
624 517
623 518
624 519
625 520
625 521
624 522
623 523
623 524
624 525
625 526
625 527
624 528
626 529
626 530
626 531
626 532
627 533
626 534
627 535
626 536
628 537
628 538
627 539
627 540
628 541
629 542
629 543
633 544
633 545
634 546
634 547
632 548
633 549
633 550
632 551
633 552
634 553
634 554
634 555
634 556
635 557
637 558
638 559
638 560
639 561
639 562
638 563
639 564
637 565
639 566
637 567
638 568
639 569
639 570
638 571
638 572
639 573
638 574
641 575
639 576
639 577
638 578
639 579
639 580
638 581
639 582
638 583
638 584
639 585
638 586
637 587
637 588
637 589
637 590
638 591
638 592
639 593
639 594
638 595
638 596
638 597
636 598
638 599
638 600
638 601
638 602
639 603
638 604
638 605
638 606
638 607
639 608
638 609
638 610
638 611
639 612
638 613
639 614
637 615
638 616
637 617
637 618
638 619
638 620
638 621
637 622
635 623
636 624
638 625
637 626
638 627
638 628
637 629
637 630
638 631
638 632
638 633
638 634
637 635
636 636
636 637
637 638
637 639
633 640
637 641
635 642
632 643
634 644
632 645
633 646
634 647
635 648
633 649
634 650
634 651
633 652
633 653
632 654
629 655
630 656
631 657
630 658
633 659
633 660
631 661
634 662
629 663
633 664
632 665
631 666
633 667
632 668
629 669
629 670
625 671
625 672
625 673
626 674
629 675
625 676
624 677
626 678
623 679
626 680
629 681
630 682
624 683
625 684
624 685
627 686
627 687
626 688
625 689
622 690
627 691
625 692
625 693
623 694
621 695
621 696
622 697
622 698
622 699
628 700
627 701
624 702
617 703
614 704
619 705
621 706
623 707
621 708
621 709
623 710
623 711
620 712
608 713
611 714
616 715
613 716
610 717
611 718
615 719
