639 0
639 1
639 2
639 3
639 4
639 5
639 6
639 7
639 8
639 9
639 10
639 11
639 12
639 13
639 14
639 15
639 16
639 17
639 18
639 19
639 20
639 21
639 22
639 23
639 24
639 25
639 26
639 27
639 28
639 29
639 30
639 31
639 32
639 33
639 34
639 35
639 36
639 37
639 38
639 39
639 40
639 41
639 42
639 43
639 44
639 45
639 46
639 47
639 48
639 49
639 50
639 51
639 52
639 53
639 54
639 55
639 56
639 57
639 58
639 59
639 60
639 61
639 62
639 63
639 64
639 65
639 66
639 67
639 68
639 69
639 70
639 71
639 72
639 73
639 74
639 75
639 76
639 77
639 78
639 79
639 80
639 81
639 82
639 83
639 84
639 85
639 86
639 87
639 88
639 89
639 90
639 91
639 92
642 93
642 94
644 95
648 96
656 97
662 98
665 99
673 100
675 101
671 102
672 103
679 104
688 105
700 106
700 107
698 108
706 109
712 110
713 111
720 112
725 113
728 114
726 115
736 116
741 117
747 118
742 119
749 120
755 121
763 122
768 123
769 124
772 125
777 126
788 127
788 128
789 129
791 130
806 131
808 132
815 133
819 134
825 135
832 136
855 137
869 138
870 139
870 140
875 141
876 142
877 143
877 144
878 145
884 146
890 147
893 148
894 149
897 150
898 151
899 152
901 153
905 154
907 155
909 156
911 157
912 158
914 159
917 160
919 161
923 162
926 163
935 164
936 165
937 166
940 167
945 168
947 169
948 170
949 171
950 172
951 173
957 174
962 175
962 176
980 177
993 178
1000 179
1011 180
1010 181
1010 182
1008 183
1011 184
1016 185
1018 186
1016 187
1018 188
1021 189
1024 190
1026 191
1027 192
1041 193
1050 194
1055 195
1056 196
1056 197
1058 198
1068 199
1076 200
1097 201
1104 202
1108 203
1118 204
1117 205
1126 206
1127 207
1130 208
1141 209
1146 210
1148 211
1148 212
1148 213
1154 214
1163 215
1171 216
1172 217
1175 218
1168 219
1169 220
1172 221
1179 222
1184 223
1177 224
1188 225
1189 226
1190 227
1186 228
1191 229
1194 230
1197 231
1188 232
1201 233
1210 234
1214 235
1220 236
1229 237
1236 238
1235 239
1240 240
1249 241
1251 242
1254 243
1264 244
1253 245
1269 246
1257 247
1253 248
1269 249
1265 250
1259 251
1249 259
1248 260
1279 261
1259 263
1257 264
1250 265
1271 266
1278 267
1278 272
1279 277
1200 287
1028 289
1208 292
916 296
875 302
849 303
814 304
817 305
643 306
422 307
472 308
432 309
372 310
325 311
345 312
292 313
294 314
323 315
336 316
323 317
326 318
321 319
341 320
340 321
348 322
340 323
339 324
341 325
341 326
355 327
364 328
365 329
361 330
355 331
348 332
353 333
352 334
358 335
358 336
356 337
362 338
358 339
350 340
332 341
318 342
320 343
330 344
325 345
324 346
319 347
316 348
316 349
320 350
320 351
316 352
313 353
313 354
313 355
323 356
333 357
331 358
336 359
338 360
337 361
342 362
344 363
349 364
353 365
356 366
359 367
365 368
385 369
389 370
391 371
397 372
398 373
398 374
395 375
400 376
404 377
403 378
401 379
395 380
393 381
396 382
395 383
395 384
396 385
399 386
400 387
398 388
399 389
394 390
393 391
394 392
397 393
397 394
396 395
396 396
398 397
403 398
401 399
404 400
406 401
407 402
411 403
410 404
412 405
416 406
417 407
419 408
419 409
419 410
417 411
417 412
418 413
419 414
418 415
420 416
418 417
417 418
417 419
422 420
425 421
425 422
429 423
443 424
452 425
467 426
477 427
490 428
502 429
510 430
512 431
515 432
527 433
535 434
537 435
548 436
548 437
551 438
559 439
556 440
566 441
576 442
585 443
588 444
596 445
596 446
600 447
604 448
611 449
614 450
611 451
609 452
612 453
615 454
615 455
617 456
614 457
612 458
618 459
619 460
611 461
609 462
615 463
610 464
616 465
620 466
620 467
617 468
617 469
620 470
620 471
620 472
622 473
621 474
619 475
618 476
620 477
620 478
619 479
618 480
619 481
618 482
619 483
620 484
620 485
621 486
619 487
620 488
618 489
618 490
618 491
619 492
618 493
618 494
619 495
619 496
619 497
620 498
621 499
621 500
621 501
621 502
619 503
620 504
621 505
621 506
621 507
620 508
620 509
621 510
621 511
621 512
622 513
621 514
620 515
622 516
623 517
622 518
624 519
624 520
625 521
624 522
625 523
625 524
626 525
626 526
627 527
627 528
627 529
626 530
627 531
628 532
629 533
628 534
628 535
630 536
631 537
631 538
632 539
632 540
633 541
633 542
632 543
633 544
632 545
631 546
631 547
629 548
628 549
629 550
628 551
629 552
631 553
631 554
632 555
630 556
631 557
631 558
631 559
631 560
632 561
632 562
631 563
632 564
631 565
630 566
630 567
630 568
630 569
632 570
632 571
631 572
631 573
630 574
629 575
631 576
631 577
630 578
630 579
629 580
630 581
630 582
631 583
631 584
631 585
631 586
631 587
633 588
635 589
636 590
636 591
635 592
636 593
636 594
635 595
635 596
635 597
633 598
633 599
633 600
632 601
629 602
627 603
628 604
627 605
627 606
629 607
627 608
627 609
631 610
632 611
631 612
631 613
631 614
631 615
629 616
631 617
633 618
635 619
635 620
636 621
635 622
631 623
636 624
637 625
638 626
637 627
637 628
638 629
638 630
639 631
638 632
638 633
638 634
637 635
636 636
637 637
637 638
637 639
638 640
639 641
639 642
637 643
636 644
635 645
636 646
635 647
632 648
635 649
634 650
635 651
633 652
630 653
630 654
634 655
629 656
631 657
632 658
633 659
632 660
634 661
633 662
633 663
629 664
634 665
633 666
634 667
634 668
633 669
628 670
628 671
628 672
633 673
634 674
633 675
631 676
631 677
628 678
625 679
628 680
631 681
629 682
627 683
630 684
629 685
627 686
622 687
621 688
629 689
626 690
625 691
624 692
629 693
628 694
623 695
624 696
624 697
622 698
617 699
611 700
624 701
622 702
618 703
616 704
607 705
611 706
620 707
617 708
614 709
615 710
612 711
615 712
620 713
622 714
622 715
610 716
610 717
617 718
621 719
