615 0
609 1
614 2
619 3
619 4
621 5
622 6
618 7
631 8
630 9
628 10
627 11
630 12
633 13
627 14
624 15
625 16
630 17
634 18
632 19
626 20
628 21
632 22
633 23
633 24
635 25
632 26
632 27
637 28
637 29
638 30
639 31
638 32
639 33
639 34
639 35
639 36
639 37
639 38
639 39
639 40
639 41
639 42
639 43
639 44
639 45
639 46
639 47
639 48
639 49
639 50
639 51
639 52
639 53
639 54
639 55
639 56
639 57
639 58
639 59
639 60
639 61
639 62
639 63
639 64
639 65
639 66
639 67
639 68
639 69
639 70
639 71
639 72
639 73
640 74
643 75
646 76
648 77
645 78
645 79
648 80
651 81
653 82
653 83
654 84
654 85
653 86
655 87
660 88
662 89
666 90
668 91
668 92
668 93
670 94
673 95
677 96
682 97
686 98
687 99
689 100
689 101
692 102
696 103
697 104
699 105
699 106
699 107
702 108
706 109
705 110
707 111
707 112
709 113
722 114
733 115
735 116
739 117
745 118
746 119
744 120
741 121
745 122
753 123
774 124
780 125
790 126
796 127
802 128
802 129
805 130
803 131
809 132
811 133
812 134
812 135
813 136
814 137
817 138
824 139
827 140
829 141
830 142
832 143
833 144
835 145
836 146
839 147
842 148
846 149
844 150
844 151
845 152
850 153
851 154
858 155
858 156
859 157
863 158
866 159
870 160
873 161
875 162
877 163
878 164
880 165
883 166
882 167
881 168
885 169
886 170
888 171
890 172
892 173
900 174
904 175
909 176
924 177
932 178
938 179
946 180
947 181
947 182
948 183
950 184
951 185
952 186
952 187
955 188
957 189
959 190
967 191
970 192
971 193
973 194
980 195
981 196
981 197
987 198
991 199
993 200
993 201
993 202
996 203
998 204
1004 205
1014 206
1031 207
1036 208
1040 209
1043 210
1052 211
1052 212
1055 213
1059 214
1062 215
1063 216
1066 217
1071 218
1075 219
1083 220
1085 221
1086 222
1087 223
1087 224
1092 225
1103 226
1106 227
1106 228
1104 229
1105 230
1107 231
1107 232
1109 233
1112 234
1111 235
1119 236
1122 237
1124 238
1126 239
1129 240
1132 241
1134 242
1135 243
1134 244
1135 245
1138 246
1138 247
1150 248
1155 249
1157 250
1160 251
1167 252
1164 253
1170 254
1173 255
1177 256
1187 257
1186 258
1188 259
1194 260
1197 261
1201 262
1190 263
1201 264
1203 265
1198 266
1205 267
1209 268
1213 269
1213 270
1214 271
1220 272
1217 273
1206 274
1204 275
1206 276
1212 277
1225 278
1218 279
1211 280
1205 281
1216 282
1226 283
1224 284
1209 285
1224 286
1212 287
1211 288
1204 289
1219 290
1196 291
1193 292
1218 293
1238 295
1071 296
1099 297
1259 298
1263 300
1263 301
1191 304
1224 307
1232 308
1232 309
1251 310
1250 311
1266 314
1244 315
1192 316
1266 319
1266 320
1247 322
1272 323
257 324
3 325
6 326
203 327
125 328
36 329
37 330
39 331
93 332
78 333
95 334
115 335
123 336
127 337
148 338
155 339
159 340
163 341
172 342
187 343
199 344
215 345
215 346
215 347
224 348
219 349
225 350
235 351
259 352
264 353
261 354
266 355
270 356
268 357
272 358
278 359
279 360
283 361
286 362
291 363
292 364
297 365
298 366
300 367
299 368
303 369
306 370
306 371
309 372
314 373
312 374
310 375
310 376
309 377
309 378
308 379
309 380
304 381
306 382
309 383
314 384
319 385
322 386
327 387
328 388
333 389
333 390
337 391
338 392
344 393
345 394
345 395
348 396
349 397
347 398
344 399
340 400
331 401
323 402
322 403
323 404
319 405
301 406
295 407
300 408
302 409
310 410
321 411
327 412
325 413
328 414
336 415
337 416
337 417
337 418
338 419
342 420
349 421
356 422
353 423
357 424
360 425
363 426
362 427
369 428
382 429
399 430
410 431
424 432
424 433
425 434
432 435
446 436
456 437
464 438
469 439
471 440
477 441
489 442
496 443
499 444
505 445
511 446
513 447
518 448
530 449
533 450
542 451
550 452
558 453
560 454
561 455
562 456
566 457
573 458
578 459
580 460
577 461
578 462
582 463
584 464
591 465
593 466
595 467
595 468
602 469
603 470
600 471
607 472
600 473
605 474
611 475
615 476
618 477
610 478
613 479
610 480
620 481
624 482
624 483
627 484
627 485
625 486
619 487
612 488
612 489
610 490
615 491
618 492
626 493
626 494
614 495
620 496
623 497
618 498
618 499
619 500
628 501
627 502
624 503
624 504
629 505
629 506
624 507
625 508
629 509
628 510
624 511
622 512
618 513
623 514
622 515
621 516
625 517
629 518
627 519
627 520
633 521
633 522
630 523
634 524
631 525
632 526
628 527
631 528
633 529
631 530
630 531
630 532
630 533
632 534
632 535
629 536
630 537
629 538
632 539
630 540
629 541
631 542
629 543
634 544
633 545
632 546
626 547
626 548
630 549
632 550
632 551
633 552
630 553
630 554
632 555
628 556
631 557
636 558
632 559
634 560
637 561
635 562
634 563
634 564
633 565
632 566
631 567
630 568
634 569
633 570
633 571
635 572
629 573
627 574
630 575
630 576
633 577
633 578
629 579
628 580
630 581
630 582
631 583
633 584
638 585
634 586
627 587
626 588
627 589
629 590
627 591
631 592
634 593
629 594
627 595
634 596
632 597
636 598
632 599
635 600
638 601
636 602
632 603
635 604
634 605
633 606
636 607
632 608
632 609
635 610
636 611
636 612
636 613
636 614
633 615
631 616
629 617
631 618
637 619
637 620
635 621
638 622
631 623
631 624
635 625
638 626
635 627
633 628
632 629
630 630
635 631
632 632
634 633
634 634
632 635
634 636
634 637
636 638
636 639
633 640
634 641
628 642
626 643
629 644
628 645
629 646
630 647
632 648
627 649
631 650
633 651
635 652
634 653
635 654
635 655
631 656
631 657
626 658
636 659
633 660
635 661
636 662
628 663
630 664
629 665
632 666
639 667
638 668
637 669
631 670
628 671
632 672
634 673
636 674
633 675
630 676
629 677
630 678
627 679
636 680
633 681
637 682
631 683
627 684
623 685
627 686
631 687
636 688
630 689
626 690
621 691
620 692
629 693
628 694
629 695
629 696
628 697
627 698
626 699
630 700
637 701
637 702
629 703
634 704
630 705
620 706
619 707
626 708
627 709
629 710
625 711
626 712
617 713
623 714
627 715
627 716
630 717
636 718
635 719
