613 0
613 1
611 2
610 3
613 4
618 5
621 6
621 7
621 8
625 9
628 10
633 11
630 12
626 13
632 14
632 15
633 16
635 17
635 18
637 19
633 20
626 21
631 22
636 23
634 24
634 25
635 26
636 27
635 28
631 29
632 30
633 31
635 32
637 33
638 34
639 35
639 36
639 37
639 38
639 39
639 40
639 41
639 42
639 43
639 44
639 45
639 46
639 47
639 48
639 49
639 50
639 51
639 52
639 53
639 54
639 55
639 56
639 57
639 58
639 59
639 60
639 61
639 62
639 63
639 64
639 65
639 66
642 67
645 68
645 69
643 70
647 71
649 72
650 73
654 74
654 75
655 76
656 77
657 78
657 79
660 80
658 81
659 82
663 83
663 84
666 85
667 86
667 87
669 88
668 89
674 90
676 91
677 92
675 93
678 94
680 95
684 96
684 97
683 98
683 99
683 100
685 101
687 102
689 103
693 104
691 105
691 106
692 107
699 108
709 109
715 110
721 111
727 112
730 113
731 114
728 115
724 116
731 117
740 118
762 119
766 120
771 121
776 122
785 123
788 124
789 125
792 126
791 127
796 128
798 129
800 130
798 131
800 132
803 133
806 134
809 135
813 136
815 137
816 138
818 139
819 140
822 141
823 142
824 143
826 144
830 145
831 146
831 147
830 148
835 149
836 150
839 151
843 152
848 153
848 154
850 155
853 156
856 157
858 158
860 159
862 160
864 161
865 162
867 163
870 164
870 165
871 166
871 167
873 168
874 169
879 170
885 171
886 172
892 173
898 174
913 175
925 176
929 177
929 178
933 179
936 180
935 181
936 182
938 183
939 184
938 185
943 186
942 187
942 188
945 189
948 190
951 191
951 192
959 193
967 194
968 195
969 196
971 197
977 198
980 199
981 200
980 201
987 202
987 203
988 204
1002 205
1012 206
1022 207
1027 208
1029 209
1036 210
1039 211
1040 212
1044 213
1045 214
1048 215
1052 216
1055 217
1058 218
1058 219
1069 220
1070 221
1075 222
1075 223
1074 224
1079 225
1087 226
1092 227
1093 228
1090 229
1091 230
1090 231
1090 232
1092 233
1095 234
1103 235
1101 236
1104 237
1106 238
1107 239
1110 240
1119 241
1118 242
1122 243
1126 244
1130 245
1131 246
1134 247
1137 248
1143 249
1145 250
1148 251
1151 252
1154 253
1156 254
1152 255
1155 256
1157 257
1159 258
1163 259
1165 260
1173 261
1180 262
1174 263
1192 264
1208 265
1211 266
1208 267
1205 268
1208 269
1214 270
1215 271
1203 272
1216 273
1215 274
1197 275
1192 276
1225 277
1234 278
1217 279
1235 280
1239 281
1239 282
1243 283
1231 284
1256 285
1237 286
1225 287
1245 288
1232 289
1198 290
1211 291
1205 292
1226 293
1190 294
1184 295
1196 296
1192 297
1208 298
1200 299
1222 300
1209 301
1212 302
1160 303
1191 304
1191 305
1191 306
1229 307
1239 311
1242 317
1235 318
1191 319
1226 320
1218 321
1207 322
1250 323
1250 324
1249 325
832 326
180 327
180 328
19 329
36 330
74 331
101 332
122 333
120 334
151 335
145 336
151 337
166 338
164 339
165 340
180 341
179 342
185 343
195 344
200 345
197 346
197 347
195 348
197 349
203 350
211 351
219 352
221 353
227 354
231 355
230 356
234 357
246 358
255 359
260 360
262 361
263 362
264 363
262 364
261 365
267 366
272 367
274 368
275 369
282 370
287 371
289 372
286 373
287 374
295 375
294 376
296 377
297 378
298 379
297 380
298 381
297 382
299 383
295 384
294 385
294 386
294 387
296 388
295 389
294 390
296 391
300 392
303 393
304 394
307 395
306 396
308 397
306 398
296 399
290 400
295 401
291 402
287 403
287 404
290 405
289 406
291 407
290 408
287 409
286 410
297 411
295 412
296 413
299 414
305 415
297 416
306 417
310 418
310 419
312 420
311 421
313 422
316 423
324 424
322 425
336 426
350 427
368 428
380 429
389 430
400 431
408 432
410 433
411 434
423 435
434 436
441 437
446 438
453 439
455 440
461 441
475 442
485 443
493 444
501 445
507 446
507 447
511 448
525 449
530 450
536 451
532 452
531 453
542 454
546 455
548 456
553 457
551 458
550 459
566 460
565 461
568 462
573 463
576 464
577 465
575 466
578 467
573 468
573 469
582 470
591 471
595 472
595 473
595 474
589 475
596 476
604 477
605 478
602 479
601 480
597 481
605 482
604 483
609 484
614 485
609 486
603 487
601 488
606 489
612 490
617 491
619 492
614 493
612 494
616 495
611 496
617 497
617 498
607 499
614 500
614 501
613 502
618 503
617 504
624 505
619 506
618 507
613 508
610 509
610 510
607 511
617 512
615 513
615 514
614 515
620 516
616 517
613 518
615 519
620 520
620 521
620 522
623 523
627 524
624 525
624 526
624 527
624 528
622 529
624 530
622 531
620 532
621 533
623 534
618 535
619 536
616 537
615 538
621 539
625 540
618 541
615 542
614 543
614 544
616 545
619 546
613 547
615 548
616 549
618 550
615 551
614 552
615 553
615 554
615 555
621 556
624 557
626 558
624 559
616 560
621 561
620 562
618 563
617 564
613 565
614 566
618 567
618 568
621 569
619 570
618 571
617 572
615 573
617 574
620 575
620 576
621 577
621 578
618 579
608 580
613 581
621 582
622 583
625 584
628 585
627 586
627 587
627 588
628 589
629 590
627 591
626 592
625 593
629 594
633 595
631 596
634 597
633 598
624 599
628 600
635 601
634 602
635 603
634 604
632 605
627 606
636 607
632 608
637 609
637 610
635 611
635 612
637 613
636 614
633 615
630 616
638 617
636 618
637 619
635 620
639 621
639 622
634 623
634 624
639 625
639 626
635 627
634 628
631 629
629 630
634 631
638 632
637 633
636 634
635 635
634 636
635 637
635 638
640 639
637 640
639 641
633 642
631 643
634 644
635 645
637 646
637 647
637 648
638 649
637 650
639 651
639 652
643 653
641 654
637 655
641 656
636 657
634 658
634 659
637 660
637 661
637 662
638 663
634 664
636 665
637 666
643 667
643 668
643 669
637 670
627 671
638 672
639 673
641 674
640 675
643 676
631 677
627 678
638 679
636 680
634 681
639 682
637 683
634 684
633 685
636 686
637 687
640 688
637 689
636 690
638 691
634 692
630 693
633 694
635 695
637 696
639 697
637 698
640 699
636 700
633 701
633 702
636 703
636 704
640 705
632 706
633 707
631 708
631 709
632 710
636 711
629 712
623 713
625 714
616 715
621 716
620 717
624 718
624 719
