639 0
639 1
639 2
639 3
639 4
639 5
639 6
639 7
639 8
639 9
639 10
639 11
639 12
639 13
639 14
639 15
639 16
639 17
639 18
639 19
639 20
639 21
639 22
639 23
639 24
639 25
639 26
639 27
639 28
639 29
639 30
639 31
639 32
639 33
639 34
639 35
639 36
639 37
639 38
639 39
639 40
639 41
639 42
639 43
639 44
639 45
639 46
639 47
639 48
639 49
639 50
639 51
639 52
639 53
639 54
639 55
639 56
639 57
639 58
639 59
639 60
639 61
639 62
639 63
639 64
639 65
639 66
639 67
639 68
639 69
639 70
639 71
639 72
639 73
639 74
639 75
639 76
639 77
639 78
639 79
639 80
639 81
639 82
639 83
639 84
639 85
639 86
639 87
639 88
639 89
639 90
639 91
639 92
640 93
642 94
643 95
648 96
649 97
660 98
665 99
674 100
673 101
669 102
669 103
688 104
695 105
704 106
704 107
707 108
708 109
712 110
721 111
726 112
726 113
727 114
727 115
734 116
737 117
750 118
752 119
755 120
758 121
764 122
772 123
769 124
770 125
775 126
784 127
789 128
790 129
791 130
807 131
816 132
815 133
818 134
824 135
834 136
843 137
865 138
870 139
876 140
876 141
876 142
878 143
877 144
882 145
884 146
888 147
892 148
894 149
895 150
896 151
900 152
902 153
905 154
908 155
913 156
914 157
913 158
915 159
917 160
918 161
925 162
928 163
934 164
935 165
938 166
941 167
946 168
947 169
948 170
948 171
949 172
952 173
955 174
961 175
965 176
980 177
994 178
1002 179
1008 180
1011 181
1012 182
1013 183
1012 184
1014 185
1016 186
1017 187
1020 188
1022 189
1026 190
1027 191
1026 192
1035 193
1046 194
1055 195
1057 196
1059 197
1061 198
1071 199
1083 200
1095 201
1107 202
1109 203
1113 204
1120 205
1123 206
1127 207
1129 208
1136 209
1142 210
1150 211
1153 212
1155 213
1156 214
1158 215
1170 216
1174 217
1173 218
1177 219
1175 220
1174 221
1176 222
1184 223
1186 224
1190 225
1189 226
1192 227
1199 228
1199 229
1204 230
1207 231
1211 232
1215 233
1219 234
1219 235
1224 236
1229 237
1231 238
1233 239
1239 240
1245 241
1247 242
1254 243
1262 244
1227 245
1250 246
1257 247
1131 248
1084 249
1080 250
1032 251
1257 252
984 257
984 258
1164 261
1146 262
1162 263
1220 266
1220 267
1222 268
1260 269
1172 271
976 272
974 275
1023 277
1236 280
1265 281
1069 283
1098 296
1256 299
1105 300
1105 301
1106 302
1005 303
1178 304
127 306
164 307
183 308
219 309
103 310
86 311
24 312
28 313
30 314
49 315
52 316
42 317
43 318
46 319
49 320
50 321
70 322
54 323
57 324
59 325
60 326
61 327
62 328
63 329
65 330
67 331
68 332
73 333
74 334
76 335
89 336
102 337
96 338
93 339
98 340
117 341
168 342
181 343
192 344
193 345
196 346
199 347
202 348
206 349
207 350
210 351
212 352
212 353
216 354
218 355
218 356
219 357
221 358
225 359
228 360
231 361
234 362
238 363
247 364
254 365
255 366
258 367
263 368
263 369
263 370
265 371
267 372
270 373
275 374
274 375
281 376
279 377
282 378
285 379
286 380
289 381
291 382
293 383
293 384
297 385
300 386
300 387
302 388
304 389
306 390
307 391
310 392
313 393
313 394
315 395
317 396
318 397
322 398
323 399
326 400
331 401
337 402
335 403
333 404
339 405
344 406
344 407
346 408
345 409
347 410
346 411
346 412
346 413
346 414
349 415
347 416
346 417
349 418
355 419
358 420
365 421
373 422
371 423
380 424
385 425
389 426
385 427
385 428
393 429
398 430
397 431
403 432
415 433
413 434
418 435
424 436
424 437
431 438
440 439
450 440
445 441
452 442
469 443
469 444
477 445
488 446
496 447
486 448
501 449
501 450
505 451
514 452
514 453
510 454
506 455
523 456
522 457
521 458
530 459
526 460
522 461
526 462
524 463
517 464
519 465
523 466
515 467
515 468
515 469
530 470
536 471
533 472
533 473
526 474
517 475
509 476
511 477
511 478
517 479
520 480
511 481
518 482
518 483
524 484
524 485
529 486
535 487
554 488
560 489
562 490
568 491
571 492
570 493
567 494
572 495
572 496
572 497
572 498
571 499
570 500
566 501
568 502
569 503
565 504
568 505
567 506
560 507
562 508
570 509
581 510
584 511
586 512
586 513
588 514
588 515
589 516
589 517
589 518
588 519
594 520
589 521
591 522
592 523
588 524
594 525
598 526
597 527
598 528
599 529
600 530
602 531
602 532
602 533
602 534
601 535
604 536
604 537
603 538
603 539
603 540
602 541
601 542
600 543
601 544
601 545
602 546
602 547
601 548
601 549
603 550
603 551
602 552
602 553
602 554
603 555
602 556
601 557
602 558
599 559
601 560
600 561
600 562
602 563
598 564
598 565
600 566
597 567
599 568
599 569
600 570
600 571
598 572
597 573
597 574
594 575
595 576
596 577
595 578
593 579
597 580
597 581
595 582
596 583
596 584
596 585
600 586
598 587
598 588
599 589
601 590
597 591
599 592
598 593
597 594
598 595
598 596
600 597
602 598
604 599
604 600
605 601
605 602
606 603
611 604
617 605
618 606
614 607
619 608
620 609
621 610
623 611
622 612
621 613
622 614
625 615
628 616
633 617
633 618
632 619
632 620
630 621
631 622
630 623
632 624
631 625
631 626
629 627
627 628
631 629
631 630
627 631
630 632
630 633
631 634
630 635
633 636
633 637
632 638
627 639
623 640
625 641
624 642
627 643
626 644
627 645
626 646
626 647
627 648
624 649
622 650
622 651
624 652
623 653
626 654
626 655
622 656
616 657
621 658
624 659
625 660
626 661
626 662
624 663
629 664
627 665
626 666
622 667
623 668
624 669
623 670
614 671
620 672
623 673
623 674
622 675
620 676
617 677
620 678
613 679
617 680
614 681
616 682
617 683
618 684
615 685
612 686
607 687
608 688
613 689
610 690
601 691
604 692
597 693
599 694
609 695
606 696
605 697
600 698
603 699
594 700
595 701
598 702
588 703
594 704
594 705
587 706
589 707
597 708
593 709
585 710
586 711
586 712
587 713
592 714
585 715
567 716
576 717
590 718
587 719
