615 0
613 1
612 2
619 3
621 4
617 5
617 6
621 7
626 8
632 9
633 10
630 11
635 12
634 13
631 14
629 15
632 16
630 17
629 18
631 19
635 20
634 21
632 22
634 23
636 24
635 25
633 26
636 27
638 28
638 29
636 30
637 31
638 32
639 33
638 34
639 35
639 36
639 37
639 38
639 39
639 40
639 41
639 42
639 43
639 44
639 45
639 46
639 47
639 48
639 49
639 50
639 51
639 52
639 53
639 54
639 55
639 56
639 57
639 58
639 59
639 60
639 61
639 62
639 63
639 64
639 65
639 66
639 67
639 68
639 69
639 70
639 71
640 72
643 73
645 74
646 75
646 76
648 77
650 78
651 79
651 80
653 81
654 82
656 83
654 84
653 85
654 86
658 87
659 88
662 89
666 90
666 91
665 92
669 93
673 94
676 95
689 96
692 97
691 98
689 99
690 100
692 101
695 102
698 103
698 104
697 105
697 106
703 107
701 108
703 109
705 110
708 111
710 112
718 113
724 114
732 115
736 116
744 117
746 118
745 119
736 120
739 121
750 122
774 123
777 124
784 125
795 126
797 127
799 128
802 129
805 130
808 131
811 132
812 133
809 134
810 135
816 136
818 137
823 138
826 139
827 140
829 141
830 142
831 143
832 144
835 145
838 146
841 147
843 148
846 149
844 150
848 151
848 152
849 153
853 154
857 155
860 156
862 157
865 158
866 159
871 160
873 161
875 162
877 163
878 164
880 165
882 166
883 167
882 168
883 169
884 170
889 171
890 172
896 173
902 174
908 175
912 176
930 177
939 178
941 179
945 180
947 181
946 182
947 183
948 184
949 185
950 186
955 187
954 188
954 189
958 190
960 191
963 192
964 193
975 194
979 195
980 196
981 197
989 198
991 199
992 200
992 201
993 202
998 203
1000 204
1010 205
1021 206
1033 207
1036 208
1041 209
1046 210
1051 211
1051 212
1055 213
1058 214
1060 215
1063 216
1067 217
1071 218
1075 219
1082 220
1085 221
1085 222
1087 223
1089 224
1097 225
1101 226
1104 227
1107 228
1106 229
1106 230
1102 231
1103 232
1110 233
1106 234
1108 235
1115 236
1114 237
1119 238
1119 239
1126 240
1127 241
1132 242
1139 243
1141 244
1141 245
1147 246
1144 247
1153 248
1158 249
1160 250
1163 251
1166 252
1169 253
1171 254
1177 255
1175 256
1178 257
1183 258
1183 259
1186 260
1188 261
1202 262
1193 263
1203 264
1200 265
1201 266
1217 267
1210 268
1186 269
1218 270
1221 271
1219 272
1219 273
1210 274
1209 275
1208 276
1217 277
1220 278
1224 279
1201 280
1213 281
1212 282
1208 283
1214 284
1206 285
1207 286
1211 287
1195 288
1215 290
1211 291
1216 292
1182 293
1216 294
1215 295
1136 296
1230 297
1187 298
1239 299
828 305
891 306
1165 307
1165 308
1244 309
1248 311
1216 312
658 315
963 316
1254 317
1234 318
966 319
1200 320
1034 322
1087 323
1051 324
590 325
543 326
132 327
62 328
55 329
68 330
90 331
91 332
93 333
102 334
114 335
118 336
118 337
136 338
150 339
164 340
186 341
180 342
174 343
195 344
201 345
196 346
198 347
212 348
209 349
206 350
214 351
220 352
218 353
219 354
225 355
229 356
228 357
244 358
252 359
252 360
262 361
269 362
275 363
272 364
276 365
278 366
279 367
283 368
283 369
286 370
291 371
296 372
297 373
298 374
296 375
307 376
309 377
308 378
308 379
311 380
316 381
317 382
317 383
315 384
316 385
318 386
314 387
314 388
315 389
315 390
314 391
317 392
312 393
310 394
309 395
314 396
316 397
318 398
321 399
319 400
323 401
321 402
317 403
313 404
310 405
308 406
308 407
308 408
305 409
305 410
301 411
300 412
302 413
312 414
320 415
323 416
321 417
319 418
323 419
323 420
328 421
332 422
332 423
333 424
337 425
346 426
358 427
371 428
389 429
406 430
402 431
407 432
416 433
425 434
434 435
448 436
454 437
454 438
463 439
469 440
478 441
494 442
501 443
505 444
512 445
517 446
516 447
525 448
535 449
538 450
544 451
547 452
554 453
559 454
559 455
565 456
570 457
571 458
577 459
580 460
585 461
578 462
585 463
585 464
593 465
598 466
595 467
595 468
601 469
612 470
603 471
602 472
603 473
603 474
603 475
604 476
606 477
615 478
616 479
611 480
614 481
614 482
611 483
610 484
620 485
623 486
621 487
617 488
613 489
625 490
632 491
628 492
623 493
625 494
620 495
615 496
623 497
625 498
623 499
617 500
620 501
626 502
626 503
629 504
619 505
615 506
624 507
623 508
629 509
632 510
631 511
629 512
624 513
623 514
628 515
622 516
622 517
628 518
629 519
627 520
632 521
633 522
632 523
630 524
629 525
630 526
628 527
631 528
629 529
630 530
629 531
631 532
630 533
627 534
627 535
629 536
628 537
626 538
627 539
629 540
629 541
630 542
622 543
627 544
629 545
627 546
630 547
627 548
629 549
629 550
630 551
626 552
629 553
624 554
629 555
625 556
627 557
625 558
626 559
633 560
635 561
632 562
629 563
627 564
630 565
632 566
627 567
632 568
636 569
626 570
620 571
627 572
630 573
629 574
629 575
634 576
632 577
630 578
630 579
632 580
628 581
628 582
630 583
634 584
634 585
632 586
630 587
628 588
630 589
634 590
629 591
626 592
628 593
630 594
634 595
636 596
634 597
631 598
632 599
632 600
629 601
634 602
632 603
634 604
630 605
633 606
632 607
633 608
631 609
631 610
637 611
637 612
638 613
636 614
634 615
632 616
638 617
637 618
638 619
636 620
634 621
630 622
633 623
635 624
638 625
637 626
635 627
634 628
635 629
635 630
634 631
633 632
634 633
633 634
636 635
633 636
630 637
633 638
634 639
634 640
627 641
629 642
631 643
633 644
635 645
636 646
634 647
635 648
634 649
632 650
635 651
639 652
638 653
635 654
633 655
630 656
633 657
630 658
638 659
637 660
630 661
621 662
630 663
629 664
632 665
637 666
637 667
639 668
641 669
637 670
626 671
630 672
633 673
629 674
631 675
630 676
630 677
628 678
628 679
640 680
634 681
634 682
630 683
628 684
622 685
627 686
627 687
626 688
627 689
626 690
628 691
631 692
628 693
632 694
627 695
625 696
627 697
629 698
634 699
636 700
634 701
631 702
626 703
622 704
627 705
627 706
629 707
631 708
630 709
626 710
629 711
633 712
626 713
634 714
636 715
629 716
627 717
636 718
634 719
