625 0
626 1
626 2
621 3
627 4
630 5
630 6
630 7
631 8
632 9
629 10
629 11
637 12
636 13
636 14
636 15
635 16
638 17
638 18
638 19
639 20
639 21
639 22
639 23
639 24
639 25
639 26
639 27
639 28
639 29
639 30
639 31
639 32
639 33
639 34
639 35
639 36
639 37
639 38
639 39
639 40
639 41
639 42
639 43
639 44
639 45
639 46
639 47
639 48
639 49
639 50
639 51
639 52
639 53
639 54
639 55
639 56
639 57
639 58
639 59
639 60
639 61
639 62
639 63
639 64
639 65
639 66
639 67
639 68
639 69
639 70
639 71
639 72
639 73
639 74
639 75
639 76
639 77
639 78
639 79
639 80
639 81
639 82
639 83
640 84
645 85
645 86
648 87
650 88
650 89
650 90
652 91
652 92
651 93
657 94
666 95
667 96
671 97
676 98
678 99
687 100
685 101
689 102
696 103
696 104
695 105
702 106
708 107
714 108
716 109
723 110
724 111
727 112
733 113
734 114
735 115
737 116
739 117
740 118
740 119
746 120
753 121
757 122
761 123
772 124
778 125
784 126
782 127
777 128
787 129
789 130
815 131
831 132
833 133
835 134
842 135
843 136
845 137
844 138
845 139
846 140
848 141
852 142
857 143
860 144
861 145
863 146
865 147
867 148
869 149
871 150
874 151
876 152
879 153
881 154
881 155
884 156
886 157
886 158
888 159
894 160
899 161
902 162
904 163
906 164
910 165
911 166
913 167
918 168
915 169
915 170
917 171
921 172
926 173
928 174
932 175
938 176
946 177
968 178
973 179
975 180
980 181
980 182
981 183
982 184
983 185
985 186
988 187
987 188
986 189
988 190
996 191
996 192
995 193
1010 194
1012 195
1020 196
1024 197
1025 198
1024 199
1024 200
1031 201
1032 202
1050 203
1056 204
1071 205
1072 206
1079 207
1086 208
1090 209
1093 210
1094 211
1098 212
1104 213
1109 214
1117 215
1118 216
1116 217
1112 218
1124 219
1125 220
1127 221
1131 222
1136 223
1131 224
1139 225
1140 226
1144 227
1149 228
1155 229
1158 230
1157 231
1158 232
1155 233
1155 234
1161 235
1173 236
1176 237
1179 238
1178 239
1184 240
1189 241
1192 242
1196 243
1199 244
1200 245
1206 246
1207 247
1209 248
1208 249
1202 250
1207 251
1230 252
1221 253
1219 254
1223 255
1180 256
1181 257
1268 258
1241 259
1191 260
1227 261
1205 262
1256 263
1265 264
1266 265
1256 266
1264 267
1263 268
1243 269
1273 271
1236 272
1231 273
1271 274
1278 275
1278 276
1253 277
1269 278
1188 279
1267 280
1198 281
1248 285
1232 301
1232 302
464 310
97 311
176 312
138 313
63 314
13 315
42 316
41 317
40 318
19 319
21 320
23 321
23 322
26 323
25 324
51 325
82 326
127 327
82 328
127 329
154 330
141 331
151 332
173 333
191 334
202 335
185 336
187 337
202 338
213 339
212 340
214 341
215 342
224 343
224 344
232 345
237 346
242 347
244 348
244 349
249 350
252 351
255 352
259 353
265 354
271 355
272 356
278 357
281 358
283 359
291 360
295 361
294 362
300 363
306 364
310 365
310 366
316 367
316 368
317 369
317 370
318 371
324 372
326 373
330 374
332 375
335 376
335 377
335 378
338 379
334 380
335 381
337 382
336 383
339 384
335 385
333 386
328 387
328 388
323 389
320 390
316 391
323 392
323 393
308 394
307 395
304 396
309 397
316 398
317 399
324 400
325 401
326 402
333 403
346 404
348 405
361 406
369 407
367 408
372 409
372 410
372 411
370 412
369 413
371 414
366 415
364 416
362 417
356 418
354 419
361 420
367 421
368 422
369 423
369 424
376 425
376 426
395 427
418 428
442 429
452 430
460 431
470 432
477 433
479 434
492 435
499 436
507 437
515 438
516 439
522 440
533 441
541 442
552 443
559 444
563 445
562 446
558 447
561 448
572 449
580 450
588 451
591 452
589 453
598 454
598 455
605 456
615 457
613 458
606 459
615 460
617 461
618 462
620 463
618 464
623 465
622 466
618 467
615 468
620 469
627 470
623 471
628 472
631 473
629 474
623 475
623 476
626 477
626 478
625 479
626 480
626 481
628 482
630 483
628 484
629 485
632 486
629 487
626 488
634 489
632 490
629 491
631 492
632 493
629 494
626 495
629 496
631 497
630 498
629 499
629 500
627 501
630 502
629 503
632 504
633 505
634 506
633 507
634 508
634 509
633 510
629 511
634 512
634 513
634 514
634 515
634 516
635 517
635 518
633 519
634 520
635 521
636 522
635 523
634 524
634 525
634 526
632 527
632 528
634 529
635 530
634 531
632 532
633 533
634 534
633 535
632 536
634 537
633 538
633 539
635 540
635 541
636 542
637 543
635 544
635 545
636 546
636 547
637 548
637 549
636 550
634 551
634 552
636 553
635 554
636 555
637 556
637 557
638 558
636 559
637 560
636 561
637 562
636 563
637 564
636 565
637 566
637 567
633 568
638 569
636 570
639 571
640 572
640 573
640 574
638 575
638 576
638 577
639 578
640 579
638 580
639 581
641 582
637 583
636 584
639 585
638 586
639 587
638 588
638 589
639 590
639 591
635 592
639 593
638 594
639 595
639 596
639 597
640 598
638 599
637 600
636 601
637 602
636 603
638 604
636 605
637 606
637 607
636 608
636 609
639 610
640 611
639 612
638 613
636 614
634 615
634 616
636 617
639 618
637 619
636 620
637 621
638 622
637 623
636 624
638 625
638 626
635 627
636 628
635 629
636 630
634 631
636 632
633 633
633 634
634 635
636 636
633 637
635 638
632 639
631 640
631 641
630 642
633 643
633 644
629 645
632 646
633 647
628 648
629 649
630 650
632 651
629 652
629 653
627 654
627 655
623 656
627 657
627 658
627 659
626 660
628 661
629 662
627 663
628 664
632 665
633 666
636 667
634 668
631 669
633 670
626 671
630 672
630 673
626 674
629 675
623 676
624 677
625 678
614 679
629 680
628 681
629 682
622 683
610 684
612 685
622 686
622 687
622 688
616 689
618 690
621 691
614 692
613 693
618 694
616 695
615 696
619 697
614 698
609 699
615 700
623 701
625 702
618 703
600 704
606 705
606 706
602 707
611 708
608 709
609 710
606 711
606 712
597 713
594 714
596 715
600 716
606 717
612 718
614 719
