627 0
628 1
629 2
626 3
631 4
627 5
630 6
632 7
627 8
632 9
631 10
629 11
627 12
631 13
631 14
626 15
632 16
634 17
632 18
629 19
632 20
634 21
635 22
634 23
634 24
634 25
639 26
639 27
639 28
639 29
639 30
639 31
639 32
639 33
639 34
639 35
639 36
639 37
639 38
639 39
639 40
639 41
639 42
639 43
639 44
639 45
639 46
639 47
639 48
639 49
639 50
639 51
639 52
639 53
639 54
639 55
639 56
639 57
639 58
639 59
639 60
639 61
639 62
639 63
639 64
639 65
639 66
639 67
639 68
639 69
639 70
639 71
639 72
639 73
639 74
639 75
639 76
640 77
639 78
641 79
641 80
644 81
647 82
647 83
649 84
652 85
653 86
653 87
652 88
656 89
662 90
661 91
660 92
660 93
667 94
669 95
672 96
676 97
678 98
680 99
685 100
687 101
688 102
696 103
701 104
706 105
710 106
711 107
716 108
716 109
716 110
716 111
723 112
722 113
723 114
722 115
724 116
732 117
737 118
740 119
747 120
753 121
761 122
759 123
757 124
758 125
768 126
773 127
795 128
807 129
812 130
814 131
818 132
820 133
824 134
825 135
828 136
827 137
827 138
830 139
832 140
839 141
842 142
843 143
846 144
847 145
851 146
851 147
852 148
855 149
856 150
858 151
863 152
862 153
864 154
865 155
867 156
872 157
875 158
877 159
881 160
883 161
888 162
887 163
891 164
893 165
893 166
899 167
898 168
898 169
900 170
902 171
906 172
907 173
910 174
918 175
923 176
929 177
948 178
954 179
960 180
963 181
963 182
964 183
963 184
965 185
967 186
968 187
969 188
969 189
974 190
980 191
982 192
985 193
989 194
994 195
994 196
997 197
1004 198
1008 199
1006 200
1008 201
1011 202
1015 203
1018 204
1034 205
1041 206
1049 207
1059 208
1060 209
1066 210
1070 211
1073 212
1075 213
1078 214
1082 215
1085 216
1091 217
1096 218
1098 219
1103 220
1103 221
1106 222
1109 223
1114 224
1120 225
1123 226
1117 227
1122 228
1124 229
1125 230
1131 231
1132 232
1131 233
1133 234
1139 235
1140 236
1140 237
1144 238
1143 239
1149 240
1153 241
1157 242
1160 243
1162 244
1171 245
1174 246
1174 247
1179 248
1181 249
1185 250
1190 251
1191 252
1192 253
1201 254
1204 255
1204 256
1217 257
1223 258
1226 259
1240 260
1235 261
1224 262
1235 263
1245 264
1207 265
1215 266
1222 267
1213 268
1218 269
1229 270
1196 271
1240 272
1257 273
1249 274
1254 275
1226 276
1235 277
1236 278
1205 279
1254 280
1259 281
1252 282
1253 283
1257 284
1257 285
1256 286
1194 287
1255 288
1252 289
1256 290
1255 291
1160 292
1183 293
1258 294
1270 295
1275 296
883 298
1132 300
1133 301
1184 303
1083 305
1191 311
1133 312
3 317
3 318
106 319
4 320
8 321
10 322
11 323
14 324
55 325
68 326
19 327
19 328
26 329
29 330
31 331
36 332
44 333
47 334
80 335
114 336
122 337
127 338
142 339
143 340
144 341
156 342
160 343
174 344
191 345
197 346
199 347
205 348
217 349
219 350
217 351
231 352
226 353
229 354
233 355
227 356
229 357
244 358
244 359
248 360
253 361
253 362
268 363
272 364
285 365
286 366
289 367
292 368
299 369
301 370
301 371
306 372
308 373
311 374
313 375
314 376
314 377
320 378
324 379
328 380
334 381
335 382
333 383
334 384
340 385
340 386
341 387
342 388
341 389
342 390
341 391
344 392
344 393
341 394
341 395
340 396
340 397
340 398
340 399
344 400
346 401
348 402
352 403
350 404
349 405
343 406
330 407
339 408
339 409
337 410
332 411
331 412
330 413
331 414
329 415
322 416
321 417
337 418
346 419
348 420
345 421
349 422
351 423
359 424
360 425
356 426
359 427
374 428
394 429
414 430
420 431
413 432
422 433
426 434
437 435
443 436
454 437
471 438
472 439
477 440
489 441
503 442
506 443
519 444
527 445
533 446
536 447
538 448
549 449
556 450
560 451
563 452
562 453
569 454
575 455
581 456
587 457
581 458
579 459
584 460
588 461
598 462
598 463
600 464
599 465
597 466
594 467
601 468
604 469
609 470
612 471
616 472
614 473
617 474
618 475
623 476
624 477
626 478
622 479
614 480
615 481
613 482
616 483
615 484
618 485
622 486
618 487
621 488
623 489
618 490
612 491
616 492
622 493
623 494
625 495
621 496
625 497
625 498
625 499
627 500
627 501
627 502
618 503
625 504
628 505
628 506
626 507
626 508
627 509
626 510
620 511
624 512
623 513
626 514
626 515
629 516
628 517
628 518
621 519
624 520
627 521
628 522
628 523
626 524
625 525
627 526
627 527
627 528
628 529
629 530
629 531
630 532
629 533
628 534
629 535
626 536
628 537
628 538
628 539
626 540
626 541
627 542
627 543
629 544
629 545
627 546
630 547
631 548
631 549
631 550
631 551
629 552
627 553
631 554
630 555
632 556
635 557
634 558
630 559
625 560
635 561
637 562
636 563
636 564
637 565
636 566
632 567
632 568
633 569
632 570
633 571
634 572
633 573
632 574
632 575
633 576
637 577
636 578
637 579
639 580
638 581
638 582
637 583
633 584
634 585
635 586
637 587
639 588
638 589
637 590
635 591
636 592
635 593
635 594
637 595
637 596
637 597
634 598
632 599
635 600
636 601
638 602
636 603
636 604
637 605
636 606
635 607
633 608
635 609
635 610
635 611
632 612
632 613
632 614
628 615
632 616
631 617
634 618
637 619
636 620
635 621
634 622
632 623
628 624
628 625
636 626
635 627
632 628
631 629
631 630
634 631
633 632
635 633
637 634
634 635
633 636
635 637
633 638
633 639
632 640
632 641
634 642
634 643
630 644
628 645
634 646
630 647
629 648
632 649
628 650
629 651
628 652
628 653
629 654
625 655
626 656
625 657
629 658
629 659
622 660
626 661
628 662
624 663
625 664
629 665
632 666
634 667
630 668
629 669
631 670
625 671
625 672
627 673
625 674
628 675
630 676
627 677
624 678
611 679
623 680
626 681
630 682
623 683
617 684
615 685
619 686
619 687
615 688
618 689
621 690
624 691
612 692
610 693
619 694
618 695
620 696
616 697
616 698
615 699
622 700
618 701
616 702
611 703
614 704
611 705
604 706
608 707
622 708
618 709
612 710
600 711
604 712
608 713
608 714
615 715
612 716
610 717
611 718
614 719
