620 0
616 1
620 2
626 3
627 4
629 5
627 6
628 7
631 8
632 9
629 10
622 11
626 12
622 13
626 14
632 15
634 16
629 17
627 18
631 19
636 20
637 21
637 22
637 23
636 24
635 25
637 26
638 27
639 28
639 29
639 30
639 31
639 32
639 33
639 34
639 35
639 36
639 37
639 38
639 39
639 40
639 41
639 42
639 43
639 44
639 45
639 46
639 47
639 48
639 49
639 50
639 51
639 52
639 53
639 54
639 55
639 56
639 57
639 58
639 59
639 60
639 61
639 62
639 63
639 64
639 65
639 66
639 67
639 68
639 69
639 70
639 71
639 72
639 73
639 74
639 75
639 76
639 77
640 78
640 79
643 80
645 81
646 82
646 83
647 84
650 85
650 86
655 87
654 88
652 89
652 90
659 91
662 92
662 93
665 94
665 95
669 96
675 97
675 98
675 99
673 100
680 101
691 102
700 103
700 104
705 105
707 106
708 107
710 108
712 109
713 110
713 111
715 112
717 113
720 114
720 115
721 116
727 117
733 118
738 119
747 120
756 121
758 122
764 123
757 124
756 125
764 126
774 127
794 128
803 129
811 130
814 131
818 132
820 133
819 134
825 135
824 136
827 137
826 138
828 139
830 140
836 141
841 142
839 143
842 144
844 145
845 146
847 147
850 148
852 149
854 150
856 151
859 152
858 153
861 154
864 155
864 156
868 157
875 158
876 159
878 160
879 161
885 162
886 163
888 164
890 165
891 166
895 167
896 168
897 169
898 170
899 171
901 172
904 173
906 174
914 175
918 176
921 177
938 178
949 179
955 180
960 181
961 182
960 183
959 184
962 185
964 186
966 187
971 188
969 189
971 190
974 191
976 192
979 193
985 194
993 195
992 196
993 197
998 198
1003 199
1005 200
1005 201
1004 202
1008 203
1013 204
1023 205
1033 206
1046 207
1054 208
1055 209
1060 210
1065 211
1068 212
1071 213
1073 214
1077 215
1079 216
1085 217
1088 218
1095 219
1098 220
1099 221
1098 222
1099 223
1109 224
1119 225
1119 226
1117 227
1118 228
1120 229
1121 230
1123 231
1128 232
1133 233
1135 234
1133 235
1133 236
1134 237
1134 238
1135 239
1141 240
1145 241
1143 242
1155 243
1161 244
1159 245
1163 246
1163 247
1173 248
1178 249
1181 250
1180 251
1182 252
1186 253
1193 254
1197 255
1201 256
1206 257
1214 258
1218 259
1223 260
1235 261
1238 262
1229 263
1225 264
1209 265
1200 266
1201 267
1222 268
1219 269
1211 270
1192 271
1227 272
1201 273
1195 274
1238 275
1246 276
1212 277
1214 278
1236 279
1248 280
1247 281
1240 282
1234 283
1238 284
1241 285
1240 286
1251 287
1242 288
1279 289
1214 290
1240 291
1163 292
1088 294
1226 295
1279 299
1207 300
1247 303
1072 304
872 306
872 307
871 308
871 309
1184 317
1 318
404 319
281 320
5 321
162 322
146 323
9 324
44 325
14 326
19 327
53 328
24 329
60 330
29 331
31 332
54 333
57 334
86 335
107 336
119 337
132 338
132 339
133 340
141 341
158 342
173 343
163 344
180 345
187 346
195 347
209 348
213 349
222 350
218 351
222 352
225 353
227 354
224 355
229 356
223 357
235 358
243 359
253 360
253 361
261 362
268 363
271 364
271 365
280 366
289 367
291 368
296 369
296 370
299 371
299 372
303 373
305 374
310 375
317 376
318 377
321 378
320 379
325 380
325 381
328 382
321 383
325 384
331 385
335 386
333 387
337 388
336 389
333 390
339 391
339 392
335 393
334 394
335 395
333 396
331 397
331 398
337 399
340 400
338 401
340 402
343 403
341 404
341 405
336 406
332 407
331 408
325 409
327 410
328 411
329 412
324 413
321 414
318 415
317 416
338 417
336 418
340 419
341 420
345 421
349 422
352 423
351 424
350 425
351 426
359 427
369 428
378 429
400 430
403 431
414 432
419 433
429 434
445 435
457 436
464 437
466 438
482 439
490 440
497 441
506 442
518 443
523 444
527 445
534 446
537 447
545 448
545 449
552 450
556 451
559 452
565 453
567 454
566 455
575 456
584 457
583 458
581 459
583 460
584 461
589 462
585 463
599 464
602 465
603 466
606 467
606 468
607 469
610 470
615 471
620 472
617 473
616 474
614 475
612 476
614 477
622 478
621 479
616 480
622 481
616 482
614 483
619 484
618 485
622 486
622 487
619 488
618 489
620 490
628 491
626 492
625 493
624 494
619 495
619 496
622 497
622 498
627 499
628 500
628 501
629 502
625 503
625 504
626 505
623 506
623 507
627 508
627 509
625 510
626 511
628 512
628 513
629 514
628 515
628 516
626 517
627 518
627 519
628 520
630 521
629 522
629 523
632 524
631 525
631 526
631 527
630 528
629 529
630 530
632 531
631 532
630 533
631 534
632 535
629 536
628 537
629 538
629 539
630 540
629 541
630 542
628 543
630 544
628 545
630 546
631 547
629 548
629 549
632 550
630 551
631 552
634 553
634 554
633 555
636 556
635 557
633 558
632 559
628 560
634 561
635 562
632 563
632 564
635 565
634 566
632 567
632 568
632 569
636 570
633 571
634 572
633 573
636 574
638 575
636 576
638 577
638 578
637 579
637 580
636 581
636 582
635 583
634 584
636 585
636 586
637 587
637 588
634 589
635 590
634 591
635 592
636 593
634 594
633 595
633 596
636 597
636 598
632 599
633 600
633 601
633 602
635 603
635 604
636 605
636 606
635 607
638 608
635 609
636 610
638 611
637 612
632 613
634 614
634 615
634 616
636 617
638 618
634 619
635 620
637 621
636 622
634 623
634 624
636 625
637 626
636 627
632 628
634 629
630 630
625 631
630 632
631 633
634 634
635 635
636 636
626 637
629 638
634 639
635 640
635 641
630 642
628 643
628 644
625 645
627 646
627 647
632 648
635 649
629 650
630 651
629 652
627 653
627 654
618 655
626 656
625 657
626 658
630 659
629 660
628 661
631 662
625 663
631 664
634 665
632 666
628 667
626 668
626 669
624 670
616 671
621 672
631 673
629 674
620 675
629 676
624 677
627 678
623 679
624 680
622 681
619 682
623 683
624 684
620 685
613 686
620 687
622 688
617 689
610 690
615 691
620 692
618 693
621 694
619 695
622 696
627 697
625 698
621 699
619 700
626 701
627 702
627 703
618 704
616 705
610 706
611 707
620 708
614 709
612 710
613 711
614 712
607 713
620 714
624 715
615 716
626 717
624 718
621 719
