613 0
613 1
614 2
619 3
624 4
622 5
627 6
628 7
627 8
634 9
635 10
629 11
634 12
629 13
630 14
632 15
634 16
635 17
636 18
635 19
636 20
632 21
628 22
636 23
637 24
637 25
633 26
634 27
636 28
636 29
639 30
639 31
639 32
639 33
639 34
639 35
639 36
639 37
639 38
639 39
639 40
639 41
639 42
639 43
639 44
639 45
639 46
639 47
639 48
639 49
639 50
639 51
639 52
639 53
639 54
639 55
639 56
639 57
639 58
639 59
639 60
639 61
639 62
639 63
639 64
639 65
639 66
639 67
639 68
639 69
639 70
639 71
639 72
639 73
641 74
644 75
645 76
645 77
646 78
647 79
650 80
651 81
652 82
653 83
654 84
655 85
657 86
658 87
661 88
662 89
667 90
672 91
666 92
665 93
667 94
674 95
676 96
682 97
689 98
694 99
690 100
689 101
695 102
698 103
699 104
699 105
699 106
698 107
704 108
706 109
707 110
708 111
709 112
714 113
716 114
722 115
736 116
741 117
744 118
747 119
747 120
736 121
746 122
763 123
775 124
782 125
787 126
799 127
801 128
803 129
807 130
807 131
810 132
814 133
813 134
813 135
814 136
815 137
821 138
826 139
827 140
828 141
830 142
831 143
834 144
836 145
838 146
840 147
843 148
843 149
845 150
842 151
848 152
850 153
852 154
857 155
857 156
863 157
864 158
867 159
870 160
874 161
875 162
877 163
878 164
880 165
882 166
883 167
884 168
884 169
885 170
891 171
893 172
897 173
899 174
906 175
911 176
923 177
938 178
943 179
947 180
947 181
948 182
949 183
950 184
952 185
953 186
958 187
960 188
959 189
959 190
961 191
964 192
963 193
966 194
981 195
980 196
981 197
987 198
990 199
993 200
993 201
994 202
1000 203
1001 204
1007 205
1018 206
1031 207
1037 208
1043 209
1045 210
1050 211
1052 212
1058 213
1059 214
1062 215
1064 216
1067 217
1074 218
1075 219
1080 220
1082 221
1084 222
1086 223
1087 224
1096 225
1103 226
1103 227
1107 228
1106 229
1107 230
1107 231
1109 232
1112 233
1117 234
1117 235
1119 236
1123 237
1122 238
1124 239
1126 240
1130 241
1132 242
1134 243
1141 244
1144 245
1143 246
1142 247
1151 248
1155 249
1160 250
1164 251
1168 252
1170 253
1173 254
1178 255
1179 256
1186 257
1192 258
1197 259
1199 260
1206 261
1205 262
1188 263
1178 264
1188 265
1226 266
1223 267
1224 268
1214 269
1217 270
1219 271
1223 272
1221 273
1211 274
1215 275
1227 276
1218 277
1215 278
1202 279
1187 280
1209 281
1209 282
1221 283
1206 284
1204 285
1204 286
1212 287
1220 288
1218 289
1229 290
1234 291
1204 292
1229 293
1123 295
1251 296
1252 297
1254 298
1194 299
1194 300
1216 303
1248 304
1144 305
838 309
837 310
1072 311
1240 312
1267 313
1254 314
1270 315
1270 316
1272 317
1262 318
1262 319
1206 320
1042 322
1222 323
3 324
184 325
213 326
204 327
13 328
16 329
105 330
73 331
33 332
79 333
94 334
104 335
129 336
118 337
124 338
127 339
135 340
152 341
174 342
170 343
190 344
201 345
200 346
200 347
202 348
201 349
205 350
212 351
213 352
222 353
226 354
230 355
234 356
241 357
244 358
255 359
258 360
260 361
264 362
271 363
277 364
284 365
283 366
281 367
285 368
288 369
289 370
293 371
293 372
297 373
301 374
304 375
309 376
311 377
313 378
312 379
313 380
316 381
317 382
320 383
322 384
321 385
321 386
317 387
319 388
320 389
320 390
320 391
322 392
317 393
317 394
320 395
323 396
323 397
325 398
327 399
329 400
329 401
332 402
329 403
325 404
318 405
321 406
317 407
319 408
315 409
313 410
300 411
295 412
291 413
295 414
313 415
314 416
324 417
327 418
330 419
332 420
336 421
337 422
336 423
342 424
340 425
341 426
352 427
363 428
378 429
396 430
405 431
413 432
412 433
418 434
432 435
449 436
454 437
460 438
465 439
474 440
485 441
491 442
502 443
514 444
520 445
524 446
523 447
533 448
537 449
538 450
546 451
548 452
552 453
563 454
549 455
562 456
573 457
579 458
574 459
573 460
579 461
580 462
575 463
579 464
588 465
587 466
590 467
597 468
602 469
602 470
599 471
608 472
605 473
606 474
602 475
592 476
608 477
622 478
621 479
612 480
614 481
609 482
611 483
615 484
616 485
618 486
623 487
623 488
623 489
624 490
622 491
619 492
624 493
627 494
624 495
608 496
621 497
628 498
630 499
624 500
624 501
623 502
613 503
624 504
624 505
625 506
630 507
628 508
620 509
621 510
622 511
629 512
631 513
629 514
629 515
630 516
627 517
628 518
632 519
632 520
633 521
633 522
631 523
632 524
629 525
630 526
628 527
631 528
632 529
632 530
630 531
629 532
631 533
632 534
627 535
624 536
629 537
631 538
631 539
630 540
632 541
631 542
624 543
630 544
628 545
627 546
628 547
632 548
634 549
633 550
632 551
630 552
632 553
632 554
632 555
635 556
634 557
634 558
632 559
632 560
631 561
632 562
635 563
633 564
629 565
628 566
629 567
631 568
630 569
630 570
626 571
630 572
632 573
630 574
628 575
631 576
629 577
633 578
632 579
631 580
628 581
630 582
630 583
629 584
630 585
627 586
628 587
634 588
635 589
634 590
631 591
632 592
635 593
631 594
629 595
632 596
633 597
637 598
634 599
636 600
632 601
633 602
636 603
635 604
629 605
631 606
634 607
632 608
634 609
635 610
634 611
638 612
638 613
635 614
629 615
630 616
636 617
637 618
636 619
634 620
634 621
636 622
631 623
631 624
637 625
631 626
633 627
635 628
635 629
630 630
630 631
626 632
633 633
633 634
630 635
632 636
635 637
636 638
635 639
634 640
635 641
636 642
636 643
631 644
635 645
638 646
630 647
633 648
634 649
633 650
632 651
631 652
638 653
634 654
631 655
629 656
631 657
632 658
624 659
632 660
638 661
633 662
629 663
634 664
632 665
635 666
635 667
641 668
634 669
629 670
628 671
630 672
636 673
631 674
633 675
631 676
625 677
635 678
629 679
627 680
633 681
629 682
626 683
627 684
631 685
634 686
627 687
630 688
627 689
624 690
624 691
622 692
624 693
625 694
631 695
625 696
632 697
628 698
627 699
629 700
627 701
631 702
635 703
629 704
625 705
621 706
629 707
630 708
632 709
628 710
621 711
626 712
616 713
623 714
625 715
626 716
623 717
625 718
626 719
