612 0
607 1
607 2
610 3
614 4
616 5
614 6
618 7
629 8
630 9
630 10
629 11
634 12
632 13
632 14
635 15
632 16
627 17
631 18
632 19
633 20
634 21
635 22
631 23
633 24
635 25
631 26
631 27
633 28
636 29
638 30
637 31
637 32
637 33
638 34
638 35
639 36
639 37
639 38
639 39
639 40
639 41
639 42
639 43
639 44
639 45
639 46
639 47
639 48
639 49
639 50
639 51
639 52
639 53
639 54
639 55
639 56
639 57
639 58
639 59
639 60
639 61
639 62
639 63
639 64
639 65
639 66
639 67
639 68
642 69
644 70
644 71
645 72
646 73
649 74
651 75
651 76
656 77
654 78
657 79
654 80
656 81
659 82
660 83
662 84
663 85
662 86
663 87
671 88
670 89
672 90
676 91
682 92
684 93
681 94
681 95
685 96
684 97
685 98
687 99
687 100
687 101
687 102
691 103
694 104
695 105
695 106
693 107
696 108
707 109
710 110
723 111
729 112
729 113
730 114
735 115
733 116
727 117
731 118
744 119
763 120
770 121
774 122
779 123
789 124
790 125
791 126
794 127
791 128
796 129
798 130
801 131
803 132
802 133
804 134
812 135
812 136
818 137
818 138
819 139
820 140
821 141
825 142
825 143
829 144
829 145
833 146
835 147
832 148
833 149
839 150
840 151
845 152
849 153
852 154
853 155
855 156
856 157
860 158
863 159
865 160
867 161
868 162
870 163
872 164
873 165
875 166
875 167
875 168
876 169
877 170
884 171
890 172
892 173
902 174
908 175
922 176
929 177
933 178
935 179
938 180
938 181
939 182
938 183
940 184
940 185
943 186
947 187
947 188
946 189
951 190
952 191
953 192
958 193
971 194
970 195
970 196
977 197
980 198
984 199
983 200
983 201
986 202
989 203
992 204
1002 205
1013 206
1023 207
1025 208
1029 209
1035 210
1042 211
1044 212
1046 213
1049 214
1052 215
1054 216
1059 217
1058 218
1063 219
1070 220
1075 221
1077 222
1076 223
1079 224
1083 225
1092 226
1094 227
1095 228
1093 229
1094 230
1097 231
1091 232
1093 233
1096 234
1104 235
1109 236
1107 237
1112 238
1114 239
1118 240
1123 241
1122 242
1127 243
1130 244
1133 245
1136 246
1139 247
1138 248
1142 249
1148 250
1152 251
1152 252
1154 253
1159 254
1163 255
1159 256
1164 257
1165 258
1166 259
1173 260
1169 261
1180 262
1180 263
1191 264
1197 265
1195 266
1198 267
1189 268
1203 269
1214 270
1203 271
1222 272
1219 273
1220 274
1227 275
1227 276
1234 277
1232 278
1230 279
1236 280
1199 281
1224 282
1210 283
1218 284
1220 285
1206 286
1199 287
1208 288
1215 289
1192 290
1193 291
1238 292
1224 293
1209 294
1179 295
1149 296
1176 297
1188 298
1128 301
992 302
1047 303
1216 304
1190 305
1175 308
1204 311
1182 312
1279 314
1237 315
1244 316
1253 319
1241 320
1237 321
1242 322
552 327
343 328
126 329
97 330
73 331
100 332
111 333
102 334
108 335
118 336
141 337
152 338
136 339
153 340
159 341
174 342
177 343
189 344
202 345
200 346
203 347
206 348
205 349
205 350
205 351
209 352
212 353
223 354
221 355
226 356
233 357
237 358
248 359
247 360
252 361
258 362
256 363
259 364
269 365
277 366
278 367
279 368
278 369
277 370
282 371
289 372
294 373
292 374
294 375
294 376
300 377
305 378
305 379
303 380
306 381
307 382
307 383
307 384
307 385
309 386
310 387
310 388
307 389
307 390
303 391
301 392
300 393
300 394
299 395
299 396
304 397
303 398
306 399
311 400
315 401
302 402
294 403
299 404
294 405
293 406
296 407
300 408
298 409
301 410
304 411
304 412
320 413
326 414
328 415
324 416
318 417
318 418
314 419
314 420
316 421
319 422
321 423
325 424
322 425
330 426
341 427
361 428
375 429
379 430
395 431
404 432
411 433
417 434
422 435
438 436
449 437
455 438
467 439
467 440
475 441
487 442
492 443
500 444
504 445
510 446
515 447
517 448
525 449
529 450
532 451
540 452
547 453
547 454
548 455
556 456
560 457
564 458
565 459
560 460
569 461
574 462
576 463
585 464
582 465
585 466
586 467
585 468
588 469
605 470
595 471
596 472
597 473
597 474
601 475
604 476
601 477
607 478
605 479
605 480
608 481
611 482
612 483
612 484
614 485
612 486
613 487
611 488
610 489
609 490
618 491
617 492
618 493
622 494
618 495
612 496
619 497
622 498
624 499
627 500
626 501
620 502
618 503
622 504
624 505
629 506
626 507
616 508
621 509
625 510
624 511
623 512
627 513
627 514
629 515
629 516
629 517
629 518
623 519
622 520
626 521
629 522
624 523
629 524
631 525
630 526
627 527
628 528
637 529
636 530
627 531
625 532
629 533
634 534
630 535
629 536
626 537
628 538
627 539
626 540
622 541
618 542
619 543
622 544
627 545
621 546
626 547
630 548
630 549
629 550
621 551
627 552
624 553
628 554
626 555
622 556
618 557
621 558
623 559
623 560
624 561
630 562
625 563
622 564
622 565
621 566
620 567
628 568
623 569
625 570
625 571
621 572
619 573
625 574
628 575
627 576
621 577
625 578
626 579
629 580
630 581
630 582
629 583
625 584
628 585
628 586
625 587
626 588
629 589
629 590
630 591
632 592
634 593
632 594
632 595
634 596
633 597
634 598
628 599
629 600
628 601
633 602
635 603
633 604
633 605
636 606
637 607
631 608
633 609
636 610
634 611
634 612
636 613
638 614
630 615
636 616
637 617
637 618
633 619
637 620
639 621
637 622
632 623
632 624
635 625
637 626
639 627
636 628
633 629
633 630
635 631
633 632
640 633
639 634
633 635
633 636
635 637
638 638
636 639
631 640
636 641
636 642
635 643
634 644
633 645
639 646
637 647
634 648
639 649
637 650
638 651
638 652
641 653
643 654
639 655
637 656
634 657
634 658
633 659
634 660
635 661
640 662
635 663
638 664
636 665
634 666
637 667
637 668
635 669
634 670
639 671
634 672
637 673
635 674
634 675
633 676
628 677
630 678
630 679
633 680
639 681
639 682
635 683
632 684
632 685
634 686
631 687
630 688
630 689
633 690
632 691
628 692
635 693
636 694
635 695
632 696
630 697
631 698
638 699
628 700
632 701
631 702
629 703
636 704
632 705
636 706
631 707
634 708
634 709
636 710
625 711
636 712
631 713
632 714
631 715
628 716
631 717
628 718
627 719
