620 0
616 1
621 2
627 3
630 4
626 5
628 6
621 7
627 8
632 9
629 10
629 11
627 12
627 13
632 14
632 15
633 16
628 17
629 18
635 19
636 20
633 21
635 22
634 23
635 24
636 25
634 26
634 27
639 28
639 29
639 30
639 31
639 32
639 33
639 34
639 35
639 36
639 37
639 38
639 39
639 40
639 41
639 42
639 43
639 44
639 45
639 46
639 47
639 48
639 49
639 50
639 51
639 52
639 53
639 54
639 55
639 56
639 57
639 58
639 59
639 60
639 61
639 62
639 63
639 64
639 65
639 66
639 67
639 68
639 69
639 70
639 71
639 72
639 73
639 74
639 75
639 76
639 77
639 78
642 79
643 80
643 81
646 82
647 83
649 84
649 85
649 86
654 87
656 88
658 89
658 90
659 91
662 92
665 93
664 94
665 95
672 96
676 97
678 98
674 99
687 100
692 101
694 102
694 103
699 104
703 105
707 106
709 107
710 108
710 109
713 110
716 111
717 112
720 113
720 114
720 115
723 116
728 117
733 118
740 119
751 120
753 121
759 122
763 123
756 124
757 125
767 126
774 127
791 128
794 129
807 130
812 131
816 132
821 133
821 134
822 135
823 136
825 137
825 138
828 139
832 140
837 141
839 142
839 143
841 144
844 145
846 146
848 147
851 148
852 149
857 150
857 151
857 152
860 153
862 154
863 155
865 156
866 157
873 158
872 159
879 160
881 161
885 162
888 163
888 164
890 165
891 166
893 167
896 168
896 169
896 170
897 171
899 172
902 173
907 174
913 175
917 176
923 177
940 178
951 179
953 180
959 181
962 182
960 183
961 184
961 185
963 186
967 187
969 188
969 189
968 190
967 191
973 192
974 193
975 194
991 195
992 196
993 197
998 198
1004 199
1005 200
1005 201
1005 202
1012 203
1013 204
1022 205
1035 206
1045 207
1052 208
1055 209
1062 210
1063 211
1067 212
1072 213
1075 214
1077 215
1079 216
1086 217
1090 218
1093 219
1097 220
1100 221
1099 222
1101 223
1110 224
1119 225
1118 226
1116 227
1119 228
1120 229
1121 230
1121 231
1125 232
1134 233
1135 234
1132 235
1137 236
1141 237
1141 238
1144 239
1147 240
1147 241
1148 242
1152 243
1152 244
1152 245
1158 246
1164 247
1173 248
1176 249
1179 250
1185 251
1186 252
1190 253
1193 254
1198 255
1204 256
1211 257
1219 258
1225 259
1222 260
1212 261
1209 262
1203 263
1217 264
1223 265
1224 266
1224 267
1230 268
1230 269
1214 270
1183 271
1191 272
1207 273
1227 274
1258 275
1232 276
1211 277
1211 278
1216 279
1233 280
1237 281
1247 282
1242 283
1224 284
1196 285
1272 286
1244 287
1214 288
1257 289
1257 290
1267 291
1276 292
1267 293
1262 298
1203 299
1086 300
1235 302
1224 303
858 304
1080 306
1080 307
1264 311
1262 315
1261 318
1 319
183 320
185 321
83 322
72 323
63 324
61 325
16 326
47 327
20 328
23 329
47 330
29 331
43 332
69 333
43 334
81 335
111 336
118 337
125 338
137 339
152 340
162 341
181 342
191 343
198 344
202 345
205 346
211 347
215 348
207 349
216 350
223 351
225 352
218 353
221 354
235 355
235 356
234 357
240 358
252 359
257 360
254 361
261 362
266 363
275 364
279 365
286 366
289 367
293 368
294 369
297 370
298 371
302 372
311 373
311 374
313 375
314 376
316 377
319 378
326 379
328 380
327 381
329 382
329 383
330 384
332 385
333 386
334 387
333 388
332 389
331 390
332 391
329 392
332 393
332 394
326 395
328 396
325 397
325 398
329 399
331 400
336 401
335 402
333 403
326 404
324 405
328 406
326 407
321 408
321 409
322 410
322 411
316 412
319 413
336 414
347 415
349 416
343 417
339 418
341 419
338 420
341 421
342 422
340 423
346 424
349 425
355 426
367 427
375 428
395 429
411 430
420 431
421 432
424 433
434 434
449 435
455 436
467 437
474 438
481 439
490 440
501 441
512 442
519 443
522 444
526 445
532 446
532 447
547 448
552 449
555 450
562 451
561 452
566 453
572 454
573 455
584 456
586 457
591 458
594 459
588 460
583 461
591 462
603 463
602 464
605 465
604 466
611 467
612 468
617 469
616 470
614 471
614 472
614 473
617 474
613 475
615 476
618 477
623 478
619 479
622 480
625 481
618 482
614 483
621 484
624 485
622 486
628 487
621 488
626 489
628 490
629 491
626 492
622 493
627 494
624 495
629 496
629 497
626 498
627 499
630 500
628 501
627 502
624 503
625 504
623 505
623 506
623 507
625 508
623 509
631 510
631 511
629 512
632 513
630 514
628 515
631 516
631 517
630 518
631 519
630 520
631 521
631 522
632 523
631 524
633 525
632 526
628 527
628 528
629 529
629 530
629 531
631 532
632 533
629 534
628 535
631 536
628 537
630 538
631 539
632 540
632 541
631 542
631 543
630 544
630 545
631 546
631 547
631 548
633 549
632 550
634 551
636 552
635 553
638 554
636 555
633 556
634 557
637 558
635 559
635 560
636 561
638 562
638 563
638 564
633 565
630 566
625 567
631 568
637 569
637 570
635 571
634 572
632 573
632 574
630 575
634 576
636 577
637 578
636 579
638 580
638 581
635 582
628 583
632 584
637 585
639 586
633 587
636 588
636 589
638 590
636 591
637 592
634 593
632 594
636 595
636 596
636 597
637 598
635 599
631 600
636 601
636 602
638 603
639 604
639 605
635 606
625 607
626 608
632 609
635 610
633 611
633 612
635 613
638 614
633 615
637 616
638 617
636 618
636 619
634 620
632 621
633 622
633 623
632 624
637 625
635 626
633 627
636 628
636 629
635 630
634 631
633 632
632 633
632 634
629 635
633 636
633 637
629 638
631 639
631 640
631 641
626 642
628 643
626 644
627 645
629 646
625 647
623 648
628 649
629 650
625 651
625 652
624 653
629 654
627 655
627 656
632 657
628 658
631 659
633 660
628 661
624 662
630 663
629 664
634 665
635 666
632 667
630 668
630 669
632 670
631 671
626 672
631 673
632 674
634 675
634 676
622 677
623 678
622 679
631 680
628 681
628 682
631 683
627 684
625 685
627 686
625 687
631 688
625 689
624 690
623 691
617 692
624 693
622 694
616 695
622 696
626 697
626 698
625 699
625 700
626 701
621 702
619 703
617 704
616 705
614 706
612 707
618 708
619 709
621 710
617 711
614 712
614 713
608 714
610 715
608 716
612 717
613 718
619 719
