622 0
618 1
624 2
626 3
627 4
628 5
624 6
623 7
633 8
635 9
633 10
631 11
631 12
623 13
628 14
629 15
627 16
633 17
632 18
633 19
632 20
630 21
631 22
634 23
632 24
634 25
633 26
636 27
637 28
639 29
639 30
639 31
639 32
639 33
639 34
639 35
639 36
639 37
639 38
639 39
639 40
639 41
639 42
639 43
639 44
639 45
639 46
639 47
639 48
639 49
639 50
639 51
639 52
639 53
639 54
639 55
639 56
639 57
639 58
639 59
639 60
639 61
639 62
639 63
639 64
639 65
639 66
639 67
639 68
639 69
639 70
639 71
639 72
639 73
639 74
639 75
639 76
641 77
644 78
645 79
646 80
646 81
648 82
650 83
651 84
652 85
653 86
653 87
658 88
658 89
660 90
662 91
662 92
666 93
669 94
672 95
675 96
673 97
674 98
682 99
687 100
693 101
695 102
698 103
701 104
706 105
707 106
708 107
708 108
708 109
714 110
712 111
714 112
715 113
717 114
723 115
727 116
737 117
746 118
749 119
755 120
754 121
754 122
750 123
762 124
770 125
789 126
794 127
803 128
808 129
809 130
813 131
817 132
818 133
819 134
820 135
818 136
822 137
825 138
830 139
833 140
834 141
838 142
839 143
842 144
843 145
844 146
846 147
846 148
852 149
851 150
853 151
853 152
857 153
858 154
861 155
865 156
869 157
872 158
874 159
876 160
879 161
883 162
885 163
886 164
887 165
889 166
890 167
891 168
892 169
894 170
897 171
899 172
903 173
908 174
914 175
915 176
932 177
946 178
947 179
953 180
957 181
957 182
955 183
955 184
958 185
958 186
961 187
963 188
963 189
964 190
969 191
970 192
971 193
977 194
989 195
989 196
990 197
997 198
1001 199
1000 200
1001 201
1005 202
1007 203
1010 204
1024 205
1032 206
1046 207
1047 208
1052 209
1061 210
1061 211
1066 212
1066 213
1070 214
1073 215
1074 216
1082 217
1088 218
1093 219
1094 220
1095 221
1097 222
1100 223
1108 224
1109 225
1111 226
1111 227
1116 228
1113 229
1113 230
1116 231
1119 232
1123 233
1124 234
1130 235
1130 236
1131 237
1133 238
1138 239
1143 240
1143 241
1143 242
1148 243
1153 244
1155 245
1156 246
1163 247
1166 248
1171 249
1176 250
1178 251
1180 252
1174 253
1174 254
1184 255
1187 256
1194 257
1191 258
1200 259
1217 260
1219 261
1233 262
1213 263
1231 264
1233 265
1231 266
1214 267
1224 268
1239 269
1238 270
1204 271
1226 272
1235 273
1222 274
1230 275
1202 276
1215 277
1224 278
1218 279
1221 280
1238 281
1237 282
1239 283
1245 284
1227 285
1226 286
1234 287
1147 288
1245 289
1248 290
1247 291
1213 292
1011 293
831 294
1076 295
1248 296
1271 297
1271 298
1117 299
1256 300
1157 304
1070 307
1265 309
1158 311
1250 312
1277 315
1277 316
1277 317
1277 318
1277 319
836 320
2 322
96 323
154 324
11 325
13 326
119 327
97 328
19 329
93 330
82 331
149 332
192 333
170 334
174 335
191 336
176 337
183 338
194 339
199 340
208 341
210 342
207 343
217 344
230 345
222 346
221 347
234 348
244 349
245 350
241 351
259 352
256 353
263 354
265 355
270 356
276 357
282 358
281 359
285 360
288 361
291 362
289 363
290 364
297 365
303 366
304 367
308 368
303 369
308 370
313 371
315 372
318 373
317 374
319 375
316 376
319 377
320 378
320 379
319 380
320 381
318 382
321 383
317 384
316 385
316 386
315 387
317 388
322 389
325 390
321 391
319 392
314 393
320 394
318 395
318 396
320 397
324 398
323 399
325 400
330 401
330 402
341 403
352 404
355 405
355 406
357 407
359 408
355 409
347 410
344 411
343 412
341 413
341 414
344 415
345 416
343 417
340 418
342 419
342 420
333 421
334 422
335 423
333 424
342 425
346 426
363 427
377 428
399 429
416 430
428 431
436 432
445 433
450 434
461 435
473 436
476 437
488 438
498 439
498 440
507 441
513 442
521 443
526 444
530 445
532 446
536 447
540 448
543 449
555 450
561 451
566 452
569 453
565 454
561 455
561 456
570 457
580 458
579 459
587 460
590 461
592 462
590 463
601 464
602 465
596 466
603 467
602 468
606 469
616 470
612 471
612 472
621 473
619 474
614 475
614 476
622 477
620 478
614 479
616 480
615 481
619 482
620 483
622 484
624 485
623 486
620 487
623 488
628 489
625 490
625 491
626 492
628 493
632 494
630 495
624 496
624 497
624 498
629 499
630 500
632 501
628 502
627 503
621 504
625 505
627 506
630 507
632 508
629 509
626 510
624 511
633 512
633 513
630 514
633 515
631 516
629 517
633 518
634 519
632 520
628 521
632 522
633 523
632 524
632 525
633 526
632 527
633 528
633 529
632 530
635 531
635 532
633 533
634 534
634 535
635 536
633 537
635 538
633 539
633 540
634 541
634 542
631 543
633 544
633 545
637 546
635 547
636 548
638 549
637 550
636 551
634 552
636 553
635 554
633 555
634 556
637 557
634 558
629 559
636 560
639 561
639 562
638 563
636 564
637 565
637 566
636 567
635 568
630 569
635 570
636 571
633 572
637 573
638 574
635 575
633 576
636 577
636 578
635 579
633 580
630 581
633 582
635 583
635 584
634 585
637 586
639 587
632 588
625 589
627 590
633 591
635 592
635 593
637 594
637 595
636 596
636 597
637 598
634 599
634 600
632 601
634 602
633 603
634 604
637 605
638 606
634 607
632 608
630 609
632 610
633 611
635 612
635 613
635 614
632 615
628 616
633 617
631 618
634 619
632 620
634 621
635 622
635 623
629 624
634 625
632 626
631 627
629 628
630 629
632 630
631 631
633 632
634 633
633 634
633 635
631 636
626 637
628 638
626 639
630 640
630 641
629 642
633 643
632 644
631 645
632 646
627 647
625 648
628 649
624 650
628 651
634 652
635 653
633 654
627 655
630 656
629 657
627 658
628 659
632 660
628 661
628 662
631 663
619 664
629 665
628 666
626 667
627 668
625 669
622 670
627 671
628 672
630 673
636 674
632 675
631 676
630 677
632 678
629 679
618 680
618 681
620 682
628 683
624 684
620 685
626 686
626 687
619 688
628 689
622 690
617 691
615 692
616 693
620 694
625 695
618 696
627 697
622 698
617 699
627 700
632 701
628 702
622 703
621 704
621 705
621 706
627 707
625 708
628 709
626 710
622 711
623 712
609 713
613 714
623 715
627 716
612 717
616 718
626 719
