639 0
639 1
639 2
639 3
639 4
639 5
639 6
639 7
639 8
639 9
639 10
639 11
639 12
639 13
639 14
639 15
639 16
639 17
639 18
639 19
639 20
639 21
639 22
639 23
639 24
639 25
639 26
639 27
639 28
639 29
639 30
639 31
639 32
639 33
639 34
639 35
639 36
639 37
639 38
639 39
639 40
639 41
639 42
639 43
639 44
639 45
639 46
639 47
639 48
639 49
639 50
639 51
639 52
639 53
639 54
639 55
639 56
639 57
639 58
639 59
639 60
639 61
639 62
639 63
639 64
639 65
639 66
639 67
639 68
639 69
639 70
639 71
639 72
639 73
639 74
639 75
639 76
639 77
639 78
639 79
639 80
639 81
639 82
639 83
639 84
639 85
639 86
639 87
639 88
639 89
639 90
639 91
639 92
640 93
642 94
643 95
647 96
654 97
669 98
667 99
671 100
671 101
668 102
671 103
679 104
693 105
699 106
701 107
704 108
706 109
708 110
719 111
722 112
727 113
727 114
724 115
731 116
744 117
745 118
748 119
751 120
754 121
759 122
770 123
769 124
770 125
777 126
783 127
790 128
790 129
794 130
801 131
811 132
820 133
827 134
825 135
830 136
847 137
868 138
870 139
876 140
876 141
875 142
878 143
877 144
879 145
883 146
889 147
890 148
894 149
898 150
898 151
900 152
903 153
906 154
909 155
910 156
913 157
912 158
914 159
916 160
921 161
923 162
925 163
934 164
936 165
938 166
941 167
946 168
946 169
949 170
950 171
951 172
952 173
955 174
959 175
967 176
975 177
993 178
998 179
1008 180
1011 181
1009 182
1011 183
1013 184
1016 185
1017 186
1017 187
1018 188
1024 189
1027 190
1027 191
1025 192
1038 193
1045 194
1054 195
1056 196
1055 197
1055 198
1064 199
1073 200
1090 201
1105 202
1106 203
1115 204
1118 205
1125 206
1129 207
1130 208
1137 209
1142 210
1151 211
1153 212
1153 213
1155 214
1164 215
1166 216
1175 217
1175 218
1174 219
1175 220
1176 221
1179 222
1187 223
1189 224
1186 225
1189 226
1192 227
1196 228
1199 229
1201 230
1204 231
1208 232
1207 233
1215 234
1222 235
1229 236
1232 237
1233 238
1229 239
1241 240
1241 241
1249 242
1235 243
1236 244
1252 245
1268 246
1236 247
1151 248
1185 249
1252 250
1268 251
1176 252
946 256
1012 258
1240 259
1240 260
842 261
928 262
1041 263
1025 264
931 265
935 269
937 272
938 275
1264 279
1264 280
1007 288
1215 292
1040 293
2 306
6 307
9 308
12 309
15 310
19 311
23 312
29 313
29 314
34 315
39 316
54 317
45 318
46 319
59 320
52 321
61 322
51 323
55 324
57 325
58 326
63 327
61 328
60 329
62 330
67 331
68 332
71 333
71 334
76 335
81 336
83 337
86 338
87 339
94 340
104 341
158 342
172 343
178 344
186 345
193 346
197 347
199 348
205 349
204 350
207 351
213 352
214 353
216 354
216 355
218 356
221 357
221 358
222 359
225 360
225 361
231 362
238 363
246 364
248 365
252 366
257 367
257 368
260 369
262 370
260 371
264 372
266 373
274 374
275 375
280 376
283 377
282 378
279 379
280 380
284 381
292 382
294 383
296 384
300 385
307 386
317 387
336 388
333 389
334 390
344 391
343 392
349 393
353 394
355 395
356 396
355 397
359 398
357 399
366 400
367 401
367 402
369 403
367 404
368 405
373 406
369 407
373 408
375 409
375 410
380 411
382 412
377 413
381 414
381 415
379 416
380 417
383 418
380 419
380 420
386 421
385 422
386 423
388 424
388 425
390 426
392 427
395 428
407 429
413 430
407 431
422 432
433 433
445 434
451 435
455 436
459 437
467 438
468 439
480 440
486 441
501 442
508 443
523 444
522 445
507 446
508 447
517 448
517 449
517 450
517 451
519 452
535 453
541 454
533 455
540 456
542 457
554 458
558 459
556 460
562 461
564 462
567 463
573 464
572 465
568 466
568 467
567 468
568 469
572 470
570 471
573 472
582 473
582 474
577 475
576 476
578 477
579 478
578 479
573 480
575 481
581 482
589 483
593 484
594 485
595 486
596 487
597 488
595 489
590 490
590 491
591 492
590 493
590 494
591 495
591 496
590 497
591 498
593 499
594 500
595 501
595 502
595 503
594 504
595 505
596 506
598 507
597 508
598 509
604 510
603 511
606 512
607 513
607 514
608 515
608 516
608 517
608 518
609 519
612 520
609 521
611 522
610 523
607 524
606 525
607 526
608 527
607 528
608 529
609 530
609 531
609 532
610 533
610 534
611 535
613 536
611 537
612 538
613 539
615 540
612 541
610 542
611 543
613 544
613 545
613 546
616 547
616 548
616 549
615 550
612 551
611 552
610 553
610 554
612 555
612 556
610 557
610 558
610 559
613 560
611 561
610 562
612 563
613 564
614 565
614 566
618 567
614 568
612 569
611 570
615 571
620 572
619 573
620 574
621 575
622 576
623 577
626 578
633 579
635 580
634 581
637 582
638 583
640 584
640 585
639 586
641 587
642 588
640 589
640 590
639 591
642 592
639 593
637 594
639 595
640 596
640 597
641 598
641 599
641 600
645 601
645 602
643 603
640 604
641 605
641 606
643 607
640 608
640 609
640 610
639 611
640 612
641 613
643 614
642 615
644 616
643 617
642 618
644 619
644 620
644 621
645 622
646 623
644 624
646 625
646 626
644 627
648 628
644 629
645 630
644 631
644 632
643 633
645 634
647 635
645 636
644 637
644 638
647 639
645 640
645 641
647 642
646 643
646 644
644 645
644 646
641 647
641 648
644 649
643 650
640 651
636 652
642 653
642 654
641 655
642 656
640 657
643 658
647 659
650 660
644 661
643 662
639 663
643 664
647 665
647 666
635 667
634 668
632 669
639 670
636 671
644 672
646 673
644 674
642 675
641 676
641 677
636 678
630 679
625 680
641 681
637 682
628 683
637 684
634 685
635 686
632 687
636 688
639 689
628 690
628 691
621 692
628 693
632 694
633 695
630 696
636 697
630 698
626 699
634 700
644 701
643 702
629 703
637 704
636 705
636 706
630 707
636 708
637 709
642 710
642 711
630 712
636 713
631 714
625 715
618 716
614 717
622 718
619 719
