639 0
639 1
639 2
639 3
639 4
639 5
639 6
639 7
639 8
639 9
639 10
639 11
639 12
639 13
639 14
639 15
639 16
639 17
639 18
639 19
639 20
639 21
639 22
639 23
639 24
639 25
639 26
639 27
639 28
639 29
639 30
639 31
639 32
639 33
639 34
639 35
639 36
639 37
639 38
639 39
639 40
639 41
639 42
639 43
639 44
639 45
639 46
639 47
639 48
639 49
639 50
639 51
639 52
639 53
639 54
639 55
639 56
639 57
639 58
639 59
639 60
639 61
639 62
639 63
639 64
639 65
639 66
639 67
639 68
639 69
639 70
639 71
639 72
639 73
639 74
639 75
639 76
639 77
639 78
639 79
639 80
639 81
639 82
639 83
639 84
639 85
639 86
639 87
639 88
639 89
639 90
639 91
639 92
641 93
641 94
643 95
647 96
651 97
661 98
670 99
672 100
672 101
668 102
667 103
684 104
697 105
698 106
699 107
703 108
702 109
709 110
718 111
722 112
728 113
729 114
727 115
731 116
739 117
753 118
753 119
754 120
754 121
761 122
769 123
769 124
769 125
774 126
786 127
792 128
789 129
794 130
808 131
810 132
820 133
822 134
822 135
833 136
844 137
863 138
872 139
872 140
871 141
874 142
879 143
878 144
879 145
881 146
890 147
892 148
893 149
897 150
898 151
899 152
902 153
906 154
906 155
910 156
913 157
913 158
914 159
914 160
916 161
920 162
927 163
934 164
935 165
938 166
940 167
942 168
947 169
949 170
948 171
950 172
953 173
955 174
956 175
970 176
980 177
995 178
999 179
1010 180
1009 181
1010 182
1012 183
1013 184
1015 185
1020 186
1020 187
1018 188
1021 189
1026 190
1028 191
1027 192
1031 193
1047 194
1055 195
1055 196
1057 197
1060 198
1070 199
1081 200
1096 201
1105 202
1107 203
1115 204
1120 205
1125 206
1126 207
1127 208
1136 209
1142 210
1153 211
1154 212
1152 213
1158 214
1155 215
1166 216
1174 217
1177 218
1173 219
1174 220
1176 221
1177 222
1184 223
1189 224
1190 225
1190 226
1193 227
1197 228
1201 229
1206 230
1206 231
1202 232
1214 233
1217 234
1222 235
1225 236
1234 237
1232 238
1229 239
1233 240
1243 241
1252 242
1257 243
1259 244
1241 245
1233 246
1151 247
1085 248
1018 249
1012 250
974 251
872 252
994 254
1216 255
1055 256
1002 257
1098 258
961 259
961 260
1021 261
1061 262
960 263
1198 264
1219 267
1226 268
1255 271
1016 272
983 275
1215 279
1040 283
1207 284
1040 287
1117 295
1101 297
1101 298
1076 303
1075 304
1072 305
184 306
6 307
10 308
119 309
126 310
90 311
92 312
79 313
31 314
33 315
40 316
81 317
57 318
48 319
48 320
50 321
52 322
53 323
57 324
65 325
58 326
60 327
69 328
69 329
64 330
89 331
77 332
71 333
82 334
76 335
86 336
93 337
101 338
90 339
100 340
121 341
169 342
181 343
184 344
194 345
194 346
199 347
202 348
205 349
209 350
211 351
216 352
214 353
214 354
217 355
218 356
220 357
222 358
222 359
227 360
229 361
235 362
240 363
245 364
254 365
255 366
257 367
260 368
262 369
263 370
266 371
268 372
271 373
275 374
278 375
275 376
279 377
284 378
286 379
286 380
290 381
290 382
289 383
296 384
297 385
298 386
301 387
303 388
305 389
306 390
308 391
313 392
312 393
312 394
316 395
316 396
321 397
325 398
322 399
327 400
330 401
338 402
341 403
341 404
337 405
340 406
344 407
347 408
346 409
347 410
345 411
343 412
345 413
347 414
343 415
346 416
346 417
346 418
346 419
348 420
356 421
364 422
371 423
363 424
373 425
374 426
380 427
382 428
385 429
388 430
385 431
397 432
391 433
406 434
411 435
409 436
411 437
422 438
438 439
443 440
452 441
459 442
474 443
470 444
475 445
469 446
465 447
480 448
498 449
499 450
505 451
508 452
511 453
513 454
518 455
517 456
527 457
521 458
511 459
523 460
534 461
530 462
527 463
526 464
523 465
513 466
514 467
529 468
533 469
531 470
525 471
528 472
529 473
524 474
522 475
513 476
519 477
511 478
505 479
513 480
512 481
506 482
516 483
520 484
517 485
527 486
531 487
539 488
553 489
563 490
562 491
565 492
570 493
572 494
570 495
568 496
566 497
573 498
574 499
567 500
567 501
566 502
563 503
567 504
564 505
566 506
567 507
565 508
568 509
573 510
580 511
583 512
585 513
587 514
588 515
586 516
587 517
593 518
590 519
592 520
590 521
591 522
592 523
584 524
587 525
595 526
601 527
600 528
599 529
600 530
600 531
602 532
602 533
603 534
603 535
599 536
602 537
603 538
605 539
603 540
602 541
602 542
601 543
602 544
602 545
602 546
602 547
602 548
602 549
601 550
603 551
600 552
601 553
600 554
602 555
602 556
604 557
602 558
601 559
601 560
600 561
600 562
601 563
598 564
598 565
600 566
601 567
601 568
599 569
600 570
600 571
598 572
599 573
600 574
597 575
597 576
597 577
595 578
595 579
594 580
593 581
597 582
600 583
604 584
603 585
601 586
602 587
600 588
602 589
603 590
599 591
602 592
601 593
600 594
601 595
600 596
601 597
602 598
603 599
602 600
600 601
602 602
605 603
613 604
616 605
617 606
618 607
619 608
621 609
620 610
619 611
622 612
623 613
624 614
623 615
624 616
629 617
633 618
632 619
633 620
631 621
629 622
630 623
629 624
631 625
632 626
631 627
630 628
629 629
631 630
627 631
629 632
631 633
629 634
626 635
625 636
629 637
630 638
630 639
627 640
629 641
625 642
628 643
629 644
624 645
629 646
628 647
632 648
630 649
625 650
624 651
624 652
623 653
624 654
617 655
619 656
621 657
620 658
623 659
623 660
622 661
622 662
620 663
621 664
624 665
623 666
626 667
619 668
624 669
628 670
619 671
614 672
623 673
625 674
622 675
623 676
619 677
621 678
618 679
617 680
619 681
613 682
616 683
615 684
614 685
612 686
609 687
615 688
613 689
614 690
607 691
606 692
602 693
604 694
606 695
599 696
610 697
609 698
605 699
604 700
602 701
601 702
591 703
594 704
592 705
587 706
591 707
587 708
595 709
599 710
586 711
586 712
580 713
578 714
589 715
582 716
583 717
586 718
600 719
