419 0
418 1
408 2
402 3
400 4
395 5
388 6
379 7
371 8
365 9
358 10
355 11
353 12
348 13
346 14
346 15
348 16
347 17
342 18
342 19
343 20
341 21
336 22
333 23
332 24
330 25
322 26
319 27
320 28
320 29
317 30
314 31
310 32
308 33
307 34
308 35
306 36
302 37
300 38
296 39
288 40
280 41
270 42
264 43
259 44
258 45
256 46
249 47
246 48
242 49
240 50
237 51
235 52
234 53
230 54
223 55
224 56
215 57
212 58
211 59
209 60
207 61
205 62
200 63
194 64
192 65
195 66
195 67
195 68
193 69
193 70
193 71
193 72
183 73
179 74
179 75
176 76
173 77
171 78
170 79
168 80
167 81
164 82
162 83
157 84
152 85
149 86
147 87
146 88
143 89
141 90
139 91
136 92
136 93
136 94
130 95
138 96
131 97
121 98
117 99
111 100
106 101
105 102
100 103
92 104
86 105
81 106
78 107
72 108
67 109
66 110
67 111
68 112
65 113
65 114
62 115
58 116
58 117
60 118
84 119
63 120
67 121
68 122
60 123
44 124
46 125
32 126
53 127
55 128
44 129
26 130
9 131
30 132
60 133
34 134
71 135
59 136
24 137
41 138
116 139
71 142
371 143
296 144
373 145
248 146
0 147
45 151
202 152
202 153
63 155
63 156
601 157
69 159
68 160
52 161
82 162
82 163
120 164
79 166
55 167
155 168
74 169
87 170
320 171
730 172
1213 173
1206 174
1178 175
1177 176
1158 177
1120 178
1085 179
1080 180
1111 181
1106 182
1089 183
1094 184
1076 185
1075 186
1076 187
1069 188
1074 189
1084 190
1074 191
1056 192
1058 193
1059 194
1064 195
1057 196
1043 197
1039 198
1025 199
1024 200
1026 201
1021 202
1019 203
1011 204
1006 205
1003 206
999 207
1000 208
1004 209
1000 210
994 211
991 212
992 213
989 214
982 215
985 216
981 217
976 218
981 219
976 220
973 221
964 222
962 223
972 224
968 225
967 226
968 227
971 228
970 229
971 230
971 231
970 232
969 233
974 234
975 235
974 236
968 237
963 238
953 239
955 240
954 241
948 242
948 243
952 244
952 245
952 246
959 247
955 248
970 249
967 250
968 251
967 252
968 253
971 254
971 255
959 256
952 257
951 258
955 259
957 260
955 261
954 262
959 263
957 264
951 265
951 266
948 267
943 268
940 269
941 270
942 271
937 272
933 273
931 274
929 275
915 276
896 277
895 278
897 279
889 280
872 281
860 282
861 283
857 284
843 285
835 286
830 287
814 288
807 289
802 290
794 291
785 292
782 293
779 294
767 295
767 296
758 297
754 298
753 299
750 300
742 301
739 302
738 303
739 304
728 305
732 306
734 307
719 308
718 309
719 310
712 311
712 312
711 313
709 314
704 315
704 316
700 317
698 318
697 319
694 320
696 321
701 322
695 323
687 324
683 325
685 326
688 327
694 328
692 329
682 330
674 331
676 332
677 333
671 334
677 335
672 336
668 337
670 338
680 339
679 340
676 341
678 342
678 343
674 344
672 345
675 346
669 347
672 348
677 349
677 350
676 351
670 352
665 353
670 354
667 355
672 356
681 357
687 358
679 359
677 360
675 361
672 362
671 363
674 364
684 365
676 366
666 367
669 368
664 369
667 370
669 371
669 372
667 373
666 374
668 375
664 376
663 377
661 378
663 379
664 380
668 381
667 382
671 383
673 384
670 385
668 386
669 387
670 388
674 389
675 390
665 391
670 392
666 393
669 394
673 395
676 396
670 397
673 398
673 399
674 400
673 401
670 402
675 403
677 404
669 405
671 406
674 407
672 408
678 409
670 410
667 411
671 412
676 413
679 414
672 415
670 416
669 417
671 418
668 419
664 420
664 421
667 422
669 423
671 424
668 425
673 426
666 427
663 428
662 429
668 430
666 431
669 432
666 433
663 434
663 435
664 436
664 437
662 438
664 439
662 440
659 441
656 442
657 443
659 444
658 445
656 446
659 447
660 448
653 449
654 450
655 451
658 452
656 453
656 454
656 455
652 456
652 457
651 458
652 459
650 460
649 461
648 462
650 463
651 464
648 465
648 466
650 467
650 468
650 469
647 470
647 471
647 472
647 473
646 474
647 475
644 476
644 477
643 478
641 479
641 480
643 481
644 482
645 483
647 484
643 485
641 486
639 487
640 488
642 489
641 490
638 491
637 492
639 493
638 494
639 495
637 496
638 497
637 498
636 499
640 500
640 501
639 502
638 503
640 504
639 505
638 506
642 507
641 508
638 509
637 510
642 511
638 512
640 513
641 514
641 515
644 516
645 517
647 518
647 519
646 520
649 521
652 522
648 523
648 524
648 525
649 526
647 527
651 528
654 529
655 530
649 531
647 532
650 533
648 534
644 535
650 536
644 537
648 538
652 539
645 540
645 541
651 542
645 543
645 544
653 545
657 546
652 547
657 548
663 549
653 550
653 551
656 552
658 553
653 554
649 555
648 556
653 557
647 558
649 559
663 560
663 561
657 562
654 563
658 564
663 565
657 566
659 567
671 568
674 569
673 570
677 571
678 572
687 573
691 574
686 575
688 576
680 577
674 578
677 579
679 580
674 581
683 582
685 583
677 584
678 585
676 586
676 587
678 588
678 589
679 590
689 591
680 592
687 593
684 594
690 595
688 596
692 597
695 598
686 599
688 600
686 601
692 602
691 603
693 604
693 605
698 606
704 607
713 608
710 609
711 610
712 611
720 612
725 613
739 614
748 615
750 616
758 617
756 618
754 619
765 620
771 621
775 622
784 623
779 624
774 625
785 626
796 627
799 628
797 629
798 630
807 631
799 632
805 633
808 634
800 635
791 636
801 637
800 638
803 639
797 640
792 641
795 642
804 643
804 644
805 645
803 646
795 647
796 648
806 649
798 650
796 651
802 652
800 653
794 654
800 655
789 656
786 657
780 658
784 659
782 660
783 661
777 662
757 663
754 664
756 665
751 666
746 667
747 668
740 669
730 670
723 671
708 672
719 673
713 674
709 675
711 676
702 677
702 678
700 679
695 680
701 681
709 682
710 683
704 684
716 685
714 686
710 687
718 688
727 689
721 690
718 691
710 692
720 693
726 694
729 695
711 696
720 697
719 698
719 699
711 700
702 701
708 702
702 703
708 704
717 705
715 706
722 707
725 708
721 709
723 710
729 711
719 712
725 713
727 714
711 715
710 716
701 717
687 718
684 719
