472 0
471 1
469 2
464 3
463 4
462 5
461 6
457 7
455 8
453 9
451 10
452 11
451 12
448 13
447 14
442 15
442 16
435 17
435 18
431 19
429 20
424 21
424 22
423 23
419 24
418 25
416 26
415 27
414 28
413 29
413 30
409 31
407 32
406 33
403 34
400 35
397 36
390 37
384 38
383 39
367 40
357 41
352 42
348 43
345 44
342 45
344 46
343 47
342 48
342 49
340 50
340 51
337 52
335 53
333 54
332 55
329 56
329 57
326 58
310 59
310 60
310 61
309 62
302 63
301 64
298 65
298 66
298 67
293 68
290 69
290 70
285 71
272 72
266 73
253 74
251 75
248 76
243 77
237 78
242 79
235 80
230 81
230 82
229 83
225 84
219 85
213 86
209 87
204 88
203 89
203 90
206 91
202 92
195 93
190 94
186 95
184 96
181 97
179 98
182 99
183 100
182 101
179 102
171 103
170 104
170 105
172 106
167 107
160 108
158 109
156 110
153 111
152 112
147 113
145 114
143 115
145 116
145 117
142 118
140 119
139 120
129 121
127 122
123 123
119 124
114 125
112 126
113 127
104 128
100 129
98 130
89 131
89 132
84 133
73 134
76 135
67 136
62 137
61 138
64 139
60 140
58 141
58 142
56 143
62 144
57 145
50 146
42 147
55 148
65 149
59 150
59 151
49 152
49 153
59 154
55 155
75 156
64 157
56 158
74 159
85 160
102 161
76 162
77 163
146 164
131 165
73 166
213 167
70 168
86 169
118 170
141 171
112 172
112 173
53 174
184 175
402 176
71 179
53 180
39 184
32 185
71 186
26 188
53 189
215 190
384 191
49 192
19 193
33 194
19 195
31 196
231 197
428 198
483 199
428 200
550 201
701 202
961 203
1042 204
1051 205
1085 206
1093 207
1074 208
1062 209
1064 210
1060 211
1062 212
1061 213
1057 214
1044 215
1040 216
1035 217
1044 218
1036 219
1029 220
1021 221
1008 222
1003 223
1004 224
998 225
998 226
994 227
994 228
996 229
989 230
985 231
989 232
981 233
979 234
983 235
981 236
977 237
973 238
972 239
974 240
974 241
970 242
964 243
969 244
972 245
968 246
967 247
965 248
969 249
970 250
970 251
972 252
970 253
972 254
971 255
967 256
962 257
953 258
948 259
947 260
944 261
945 262
948 263
946 264
955 265
955 266
949 267
948 268
949 269
951 270
948 271
951 272
943 273
931 274
918 275
914 276
917 277
925 278
930 279
930 280
933 281
933 282
930 283
929 284
930 285
927 286
930 287
926 288
925 289
924 290
923 291
917 292
924 293
927 294
927 295
926 296
922 297
927 298
927 299
925 300
924 301
921 302
914 303
904 304
896 305
883 306
879 307
875 308
862 309
843 310
835 311
826 312
825 313
824 314
809 315
799 316
792 317
791 318
788 319
779 320
779 321
772 322
766 323
760 324
758 325
751 326
748 327
742 328
734 329
730 330
731 331
729 332
729 333
724 334
719 335
725 336
716 337
716 338
715 339
713 340
713 341
707 342
702 343
703 344
691 345
693 346
696 347
698 348
699 349
694 350
686 351
679 352
682 353
683 354
689 355
687 356
681 357
681 358
681 359
673 360
684 361
683 362
679 363
682 364
677 365
670 366
673 367
676 368
676 369
672 370
668 371
665 372
660 373
663 374
665 375
672 376
668 377
668 378
667 379
671 380
672 381
676 382
675 383
672 384
671 385
671 386
668 387
665 388
667 389
673 390
674 391
664 392
665 393
666 394
661 395
659 396
660 397
661 398
653 399
659 400
655 401
658 402
660 403
657 404
657 405
662 406
658 407
658 408
656 409
661 410
659 411
659 412
657 413
662 414
659 415
659 416
659 417
656 418
657 419
663 420
660 421
654 422
661 423
665 424
665 425
664 426
661 427
659 428
659 429
661 430
666 431
661 432
664 433
659 434
657 435
659 436
657 437
655 438
663 439
664 440
664 441
657 442
654 443
652 444
657 445
659 446
663 447
664 448
660 449
658 450
657 451
656 452
659 453
658 454
657 455
652 456
652 457
652 458
659 459
657 460
652 461
652 462
652 463
654 464
648 465
648 466
650 467
651 468
648 469
645 470
645 471
648 472
646 473
647 474
645 475
646 476
647 477
641 478
641 479
646 480
646 481
648 482
643 483
641 484
640 485
640 486
645 487
645 488
641 489
639 490
641 491
641 492
641 493
643 494
643 495
644 496
647 497
640 498
639 499
640 500
643 501
647 502
649 503
648 504
640 505
639 506
639 507
641 508
643 509
644 510
645 511
641 512
641 513
639 514
640 515
644 516
643 517
641 518
643 519
643 520
642 521
642 522
644 523
644 524
638 525
636 526
642 527
642 528
642 529
643 530
641 531
637 532
638 533
638 534
643 535
647 536
643 537
642 538
645 539
644 540
643 541
641 542
640 543
646 544
642 545
642 546
640 547
638 548
640 549
643 550
644 551
648 552
646 553
639 554
638 555
637 556
640 557
641 558
643 559
640 560
642 561
645 562
640 563
638 564
643 565
651 566
650 567
651 568
647 569
647 570
652 571
657 572
649 573
651 574
653 575
654 576
660 577
657 578
650 579
652 580
660 581
656 582
650 583
654 584
654 585
652 586
659 587
661 588
660 589
661 590
666 591
654 592
656 593
655 594
663 595
669 596
673 597
676 598
672 599
676 600
681 601
683 602
685 603
685 604
682 605
690 606
695 607
687 608
688 609
685 610
693 611
702 612
701 613
691 614
697 615
696 616
696 617
698 618
700 619
707 620
708 621
701 622
700 623
711 624
711 625
705 626
708 627
711 628
714 629
715 630
714 631
709 632
716 633
717 634
718 635
714 636
716 637
722 638
719 639
727 640
744 641
743 642
742 643
748 644
748 645
758 646
750 647
755 648
771 649
764 650
762 651
777 652
783 653
785 654
788 655
783 656
794 657
795 658
793 659
782 660
783 661
787 662
790 663
774 664
783 665
784 666
794 667
785 668
782 669
777 670
785 671
781 672
775 673
783 674
780 675
766 676
777 677
786 678
782 679
766 680
770 681
773 682
771 683
767 684
766 685
766 686
764 687
763 688
765 689
753 690
743 691
728 692
735 693
741 694
737 695
739 696
741 697
720 698
714 699
711 700
710 701
703 702
690 703
692 704
695 705
683 706
689 707
690 708
678 709
682 710
674 711
670 712
675 713
675 714
686 715
671 716
674 717
692 718
687 719
