638 0
638 1
638 2
639 3
639 4
635 5
632 6
629 7
626 8
626 9
627 10
621 11
620 12
621 13
619 14
614 15
617 16
617 17
616 18
615 19
615 20
614 21
613 22
614 23
614 24
612 25
611 26
611 27
611 28
611 29
611 30
611 31
612 32
611 33
611 34
611 35
611 36
611 37
611 38
611 39
610 40
600 41
597 42
600 43
599 44
598 45
590 46
581 47
570 48
566 49
565 50
565 51
565 52
564 53
565 54
553 55
545 56
542 57
530 58
521 59
520 60
516 61
510 62
505 63
506 64
501 65
499 66
495 67
495 68
489 69
490 70
490 71
486 72
483 73
480 74
477 75
476 76
475 77
473 78
472 79
469 80
467 81
466 82
466 83
462 84
459 85
459 86
456 87
454 88
452 89
449 90
446 91
443 92
441 93
440 94
438 95
435 96
434 97
428 98
428 99
426 100
424 101
426 102
421 103
419 104
419 105
419 106
417 107
415 108
411 109
409 110
406 111
403 112
399 113
391 114
387 115
369 116
360 117
357 118
355 119
352 120
348 121
345 122
345 123
343 124
342 125
342 126
341 127
340 128
333 129
330 130
328 131
327 132
325 133
324 134
320 135
318 136
317 137
318 138
310 139
308 140
306 141
305 142
302 143
300 144
298 145
290 146
284 147
273 148
267 149
259 150
256 151
249 152
247 153
244 154
243 155
242 156
237 157
236 158
232 159
225 160
223 161
215 162
213 163
213 164
214 165
209 166
204 167
199 168
201 169
200 170
197 171
196 172
197 173
194 174
192 175
196 176
183 177
178 178
175 179
175 180
176 181
174 182
173 183
170 184
167 185
163 186
158 187
157 188
154 189
151 190
151 191
146 192
143 193
142 194
137 195
134 196
138 197
135 198
131 199
128 200
127 201
122 202
117 203
114 204
106 205
93 206
89 207
81 208
75 209
73 210
75 211
80 212
71 213
71 214
65 215
70 216
69 217
68 218
59 219
59 220
55 221
52 222
54 223
53 224
60 225
51 226
45 227
48 228
40 229
45 230
58 231
35 232
40 233
44 234
27 235
60 236
79 237
48 238
44 239
72 240
5 241
9 242
4 243
10 244
133 245
50 246
6 247
36 248
53 249
23 250
5 251
5 252
2 253
2 254
159 255
59 256
2 257
88 258
76 259
77 260
96 261
74 263
63 264
92 268
64 269
87 270
659 271
1130 272
1137 273
1163 274
1155 275
1147 276
1157 277
1138 278
1115 279
1085 280
1086 281
1094 282
1091 283
1096 284
1086 285
1079 286
1075 287
1074 288
1074 289
1070 290
1063 291
1049 292
1041 293
1032 294
1029 295
1033 296
1023 297
1023 298
1027 299
1017 300
1005 301
1004 302
1006 303
1004 304
1004 305
998 306
994 307
997 308
996 309
987 310
984 311
984 312
983 313
976 314
972 315
972 316
974 317
975 318
971 319
971 320
970 321
972 322
971 323
969 324
970 325
973 326
969 327
967 328
971 329
972 330
971 331
970 332
970 333
964 334
960 335
957 336
954 337
956 338
954 339
949 340
948 341
950 342
959 343
953 344
970 345
971 346
965 347
971 348
969 349
970 350
963 351
962 352
954 353
948 354
952 355
957 356
956 357
954 358
951 359
947 360
952 361
951 362
948 363
946 364
942 365
940 366
940 367
935 368
936 369
931 370
917 371
911 372
901 373
891 374
895 375
881 376
874 377
861 378
852 379
842 380
833 381
830 382
824 383
814 384
806 385
793 386
788 387
785 388
776 389
768 390
768 391
765 392
759 393
747 394
747 395
738 396
737 397
735 398
738 399
732 400
724 401
719 402
724 403
716 404
719 405
715 406
714 407
712 408
700 409
699 410
702 411
697 412
703 413
697 414
686 415
690 416
688 417
696 418
702 419
699 420
689 421
685 422
681 423
671 424
678 425
691 426
691 427
678 428
674 429
679 430
678 431
677 432
677 433
677 434
673 435
668 436
672 437
677 438
678 439
677 440
674 441
669 442
662 443
665 444
668 445
670 446
676 447
670 448
671 449
671 450
673 451
675 452
676 453
674 454
675 455
670 456
666 457
669 458
668 459
663 460
662 461
664 462
667 463
664 464
661 465
663 466
669 467
673 468
670 469
669 470
665 471
670 472
670 473
667 474
666 475
671 476
674 477
668 478
665 479
670 480
671 481
669 482
667 483
671 484
672 485
670 486
672 487
669 488
668 489
670 490
669 491
669 492
666 493
666 494
674 495
671 496
670 497
668 498
679 499
677 500
670 501
667 502
670 503
667 504
669 505
669 506
671 507
672 508
672 509
672 510
672 511
673 512
671 513
673 514
672 515
665 516
662 517
666 518
668 519
662 520
665 521
666 522
667 523
664 524
669 525
669 526
662 527
660 528
660 529
660 530
666 531
663 532
656 533
655 534
654 535
657 536
659 537
659 538
655 539
653 540
653 541
650 542
657 543
655 544
657 545
654 546
652 547
650 548
648 549
648 550
649 551
647 552
651 553
650 554
646 555
646 556
644 557
644 558
647 559
643 560
645 561
645 562
644 563
643 564
644 565
645 566
644 567
643 568
642 569
642 570
643 571
646 572
642 573
638 574
640 575
641 576
640 577
640 578
642 579
636 580
635 581
636 582
640 583
637 584
637 585
637 586
636 587
637 588
637 589
636 590
634 591
632 592
636 593
633 594
630 595
632 596
634 597
633 598
635 599
639 600
636 601
637 602
637 603
643 604
642 605
640 606
637 607
636 608
647 609
641 610
641 611
649 612
646 613
644 614
644 615
646 616
647 617
646 618
649 619
650 620
641 621
641 622
645 623
649 624
646 625
643 626
637 627
642 628
646 629
650 630
652 631
650 632
648 633
646 634
639 635
647 636
655 637
655 638
647 639
651 640
641 641
635 642
645 643
652 644
649 645
649 646
652 647
646 648
649 649
651 650
651 651
658 652
661 653
661 654
661 655
655 656
655 657
667 658
672 659
661 660
661 661
666 662
656 663
662 664
662 665
663 666
665 667
672 668
674 669
676 670
681 671
671 672
669 673
663 674
663 675
671 676
674 677
677 678
667 679
669 680
661 681
661 682
671 683
673 684
685 685
682 686
679 687
675 688
680 689
684 690
691 691
690 692
687 693
680 694
679 695
678 696
685 697
687 698
674 699
673 700
683 701
690 702
696 703
704 704
720 705
724 706
738 707
753 708
759 709
764 710
771 711
766 712
785 713
788 714
774 715
789 716
792 717
796 718
784 719
