474 0
474 1
468 2
466 3
468 4
464 5
463 6
461 7
455 8
454 9
453 10
448 11
448 12
447 13
444 14
438 15
436 16
435 17
433 18
431 19
431 20
428 21
427 22
425 23
425 24
423 25
424 26
423 27
419 28
416 29
412 30
408 31
408 32
399 33
392 34
369 35
365 36
364 37
361 38
358 39
356 40
355 41
355 42
355 43
354 44
353 45
350 46
350 47
347 48
348 49
345 50
343 51
341 52
336 53
331 54
321 55
323 56
323 57
322 58
317 59
313 60
310 61
311 62
311 63
308 64
305 65
302 66
299 67
290 68
282 69
269 70
264 71
266 72
255 73
252 74
250 75
248 76
244 77
245 78
240 79
241 80
237 81
234 82
228 83
222 84
219 85
214 86
213 87
213 88
214 89
210 90
202 91
198 92
200 93
195 94
199 95
202 96
198 97
197 98
195 99
188 100
180 101
182 102
182 103
182 104
175 105
173 106
170 107
168 108
165 109
163 110
159 111
158 112
155 113
154 114
150 115
147 116
148 117
149 118
147 119
143 120
142 121
138 122
136 123
133 124
128 125
126 126
122 127
116 128
105 129
94 130
89 131
86 132
87 133
87 134
76 135
75 136
77 137
76 138
70 139
66 140
70 141
70 142
72 143
65 144
58 145
60 146
72 147
61 148
67 149
59 150
49 151
50 152
52 153
47 154
53 155
60 156
54 157
53 158
47 159
55 160
42 161
42 162
54 163
63 164
70 165
123 166
317 167
55 168
84 169
53 170
8 171
5 172
3 173
1 174
63 175
16 176
5 177
84 178
24 179
4 180
0 181
0 182
77 183
21 184
21 185
0 186
55 187
75 188
94 189
355 190
352 191
217 192
51 193
384 194
529 195
496 196
690 197
1191 198
1170 199
1166 200
1177 201
1150 202
1110 203
1123 204
1096 205
1104 206
1104 207
1094 208
1088 209
1090 210
1068 211
1101 212
1087 213
1080 214
1085 215
1069 216
1072 217
1056 218
1053 219
1038 220
1039 221
1038 222
1028 223
1035 224
1031 225
1024 226
1013 227
1010 228
1008 229
1008 230
1005 231
1001 232
1002 233
1001 234
1000 235
994 236
994 237
992 238
991 239
985 240
981 241
989 242
983 243
979 244
975 245
977 246
975 247
971 248
971 249
971 250
974 251
973 252
973 253
973 254
970 255
977 256
978 257
977 258
975 259
975 260
973 261
969 262
969 263
965 264
972 265
976 266
974 267
968 268
964 269
963 270
968 271
968 272
968 273
963 274
955 275
940 276
937 277
936 278
933 279
933 280
928 281
932 282
940 283
940 284
942 285
944 286
944 287
938 288
941 289
938 290
939 291
942 292
941 293
944 294
950 295
948 296
942 297
943 298
939 299
935 300
930 301
917 302
899 303
890 304
887 305
876 306
865 307
849 308
845 309
833 310
827 311
821 312
813 313
809 314
804 315
796 316
792 317
788 318
786 319
777 320
772 321
770 322
760 323
752 324
752 325
751 326
749 327
753 328
748 329
748 330
746 331
735 332
729 333
726 334
731 335
730 336
716 337
714 338
712 339
717 340
715 341
706 342
710 343
704 344
701 345
700 346
696 347
697 348
703 349
700 350
695 351
693 352
684 353
684 354
681 355
682 356
677 357
680 358
687 359
685 360
683 361
684 362
686 363
678 364
680 365
682 366
674 367
682 368
676 369
680 370
687 371
682 372
679 373
681 374
681 375
680 376
682 377
680 378
673 379
674 380
672 381
671 382
678 383
674 384
675 385
673 386
669 387
666 388
671 389
678 390
684 391
677 392
678 393
676 394
668 395
671 396
665 397
667 398
671 399
666 400
671 401
668 402
669 403
667 404
669 405
671 406
668 407
670 408
669 409
669 410
671 411
676 412
675 413
676 414
675 415
670 416
674 417
669 418
669 419
672 420
672 421
669 422
668 423
672 424
670 425
673 426
673 427
673 428
675 429
674 430
669 431
668 432
673 433
672 434
671 435
671 436
667 437
670 438
669 439
673 440
673 441
673 442
675 443
674 444
679 445
679 446
675 447
671 448
665 449
665 450
670 451
674 452
675 453
669 454
671 455
672 456
668 457
665 458
664 459
665 460
669 461
665 462
664 463
663 464
665 465
662 466
659 467
658 468
658 469
659 470
662 471
661 472
658 473
658 474
657 475
656 476
655 477
654 478
659 479
655 480
654 481
654 482
652 483
653 484
652 485
653 486
653 487
652 488
653 489
653 490
653 491
653 492
651 493
650 494
652 495
651 496
652 497
650 498
650 499
650 500
648 501
649 502
649 503
654 504
648 505
648 506
648 507
647 508
647 509
645 510
648 511
647 512
644 513
645 514
647 515
644 516
643 517
644 518
645 519
643 520
640 521
642 522
643 523
645 524
644 525
644 526
647 527
647 528
644 529
646 530
647 531
649 532
645 533
642 534
645 535
648 536
650 537
650 538
645 539
645 540
649 541
654 542
658 543
653 544
656 545
653 546
650 547
649 548
651 549
650 550
652 551
653 552
655 553
655 554
656 555
658 556
655 557
659 558
661 559
665 560
664 561
663 562
657 563
661 564
666 565
663 566
669 567
663 568
661 569
665 570
662 571
657 572
664 573
665 574
668 575
668 576
667 577
664 578
667 579
678 580
673 581
672 582
674 583
674 584
671 585
670 586
675 587
672 588
672 589
672 590
672 591
674 592
681 593
678 594
680 595
684 596
684 597
681 598
674 599
689 600
693 601
696 602
693 603
693 604
698 605
698 606
706 607
700 608
695 609
699 610
703 611
708 612
705 613
702 614
703 615
707 616
708 617
712 618
711 619
714 620
716 621
718 622
724 623
722 624
719 625
715 626
724 627
727 628
725 629
721 630
711 631
724 632
725 633
735 634
746 635
753 636
748 637
753 638
748 639
762 640
759 641
768 642
775 643
777 644
777 645
776 646
776 647
781 648
789 649
800 650
806 651
813 652
809 653
804 654
798 655
797 656
795 657
796 658
791 659
792 660
790 661
794 662
790 663
792 664
800 665
799 666
797 667
795 668
797 669
804 670
799 671
781 672
784 673
788 674
785 675
784 676
779 677
782 678
785 679
778 680
783 681
785 682
776 683
772 684
762 685
762 686
760 687
761 688
742 689
738 690
733 691
714 692
717 693
727 694
710 695
687 696
678 697
663 698
676 699
668 700
674 701
682 702
671 703
656 704
653 705
654 706
657 707
667 708
666 709
671 710
668 711
656 712
649 713
657 714
657 715
648 716
655 717
669 718
662 719
