666 0
665 1
665 2
669 3
665 4
665 5
666 6
661 7
656 8
655 9
651 10
646 11
652 12
650 13
647 14
653 15
646 16
647 17
645 18
646 19
647 20
645 21
645 22
648 23
644 24
644 25
645 26
645 27
645 28
642 29
640 30
641 31
641 32
640 33
639 34
639 35
639 36
639 37
639 38
639 39
639 40
639 41
639 42
639 43
639 44
639 45
639 46
639 47
639 48
639 49
639 50
639 51
639 52
639 53
639 54
639 55
639 56
639 57
639 58
639 59
639 60
639 61
639 62
639 63
639 64
639 65
639 66
639 67
639 68
636 69
635 70
634 71
632 72
631 73
629 74
625 75
625 76
624 77
622 78
622 79
621 80
623 81
620 82
620 83
617 84
613 85
610 86
609 87
611 88
612 89
609 90
601 91
597 92
596 93
597 94
599 95
598 96
594 97
593 98
593 99
593 100
593 101
593 102
594 103
587 104
585 105
584 106
585 107
583 108
578 109
571 110
553 111
551 112
549 113
547 114
548 115
548 116
550 117
550 118
527 119
518 120
513 121
504 122
501 123
492 124
491 125
488 126
484 127
483 128
480 129
479 130
475 131
477 132
476 133
475 134
469 135
466 136
463 137
461 138
459 139
459 140
458 141
455 142
454 143
451 144
451 145
448 146
447 147
445 148
443 149
441 150
439 151
433 152
431 153
429 154
427 155
425 156
423 157
419 158
416 159
415 160
414 161
412 162
410 163
407 164
406 165
406 166
406 167
405 168
405 169
398 170
395 171
391 172
386 173
380 174
371 175
358 176
352 177
346 178
342 179
341 180
341 181
341 182
342 183
339 184
338 185
336 186
332 187
332 188
330 189
329 190
327 191
327 192
318 193
306 194
307 195
306 196
303 197
300 198
297 199
297 200
298 201
293 202
291 203
287 204
277 205
269 206
252 207
254 208
250 209
244 210
239 211
236 212
232 213
231 214
228 215
226 216
220 217
218 218
214 219
207 220
206 221
206 222
207 223
202 224
198 225
189 226
187 227
182 228
182 229
182 230
183 231
184 232
182 233
178 234
170 235
170 236
170 237
166 238
165 239
166 240
159 241
155 242
153 243
150 244
147 245
144 246
153 247
141 248
139 249
136 250
133 251
133 252
126 253
123 254
119 255
124 256
114 257
112 258
104 259
95 260
91 261
94 262
89 263
82 264
77 265
85 266
79 267
81 268
65 269
66 270
74 271
76 272
57 273
54 274
46 275
41 276
46 277
50 278
48 279
47 280
48 281
48 282
56 283
47 284
43 285
53 286
59 287
51 288
63 289
66 290
64 291
76 292
83 293
79 295
129 296
68 297
248 298
116 299
96 303
159 304
55 305
88 311
59 312
64 313
54 314
50 315
54 316
60 317
44 318
46 319
67 320
37 323
33 324
32 325
1278 326
1065 327
1121 328
1258 329
1238 330
1206 331
1191 332
1182 333
1177 334
1171 335
1170 336
1160 337
1157 338
1154 339
1144 340
1130 341
1133 342
1118 343
1103 344
1091 345
1075 346
1081 347
1079 348
1080 349
1057 350
1045 351
1053 352
1052 353
1039 354
1024 355
1031 356
1028 357
1018 358
1011 359
1006 360
995 361
994 362
996 363
993 364
984 365
984 366
980 367
984 368
981 369
978 370
980 371
977 372
971 373
976 374
974 375
973 376
973 377
972 378
972 379
970 380
974 381
975 382
968 383
960 384
958 385
954 386
950 387
950 388
948 389
949 390
947 391
946 392
941 393
939 394
936 395
935 396
936 397
934 398
936 399
936 400
938 401
937 402
936 403
946 404
963 405
968 406
974 407
977 408
982 409
984 410
986 411
977 412
966 413
965 414
963 415
949 416
946 417
946 418
942 419
940 420
929 421
924 422
925 423
920 424
918 425
917 426
919 427
916 428
911 429
898 430
889 431
880 432
878 433
874 434
870 435
859 436
846 437
843 438
840 439
834 440
824 441
816 442
814 443
803 444
798 445
794 446
791 447
784 448
767 449
761 450
762 451
749 452
748 453
746 454
742 455
740 456
726 457
722 458
728 459
725 460
721 461
711 462
710 463
703 464
705 465
696 466
696 467
704 468
700 469
688 470
696 471
692 472
692 473
690 474
678 475
669 476
671 477
670 478
671 479
682 480
678 481
678 482
676 483
673 484
670 485
669 486
681 487
677 488
673 489
677 490
676 491
675 492
676 493
676 494
681 495
678 496
683 497
676 498
674 499
670 500
668 501
664 502
664 503
668 504
663 505
665 506
669 507
673 508
667 509
662 510
665 511
663 512
667 513
670 514
670 515
668 516
667 517
668 518
669 519
664 520
657 521
656 522
659 523
657 524
655 525
659 526
659 527
665 528
663 529
664 530
665 531
664 532
666 533
665 534
664 535
661 536
658 537
660 538
663 539
660 540
661 541
658 542
660 543
662 544
665 545
664 546
662 547
659 548
661 549
668 550
667 551
663 552
666 553
668 554
665 555
666 556
662 557
670 558
672 559
667 560
662 561
662 562
664 563
665 564
666 565
657 566
659 567
661 568
658 569
664 570
660 571
660 572
659 573
658 574
659 575
662 576
655 577
656 578
661 579
663 580
658 581
653 582
653 583
649 584
657 585
658 586
652 587
653 588
649 589
648 590
652 591
653 592
650 593
653 594
646 595
643 596
643 597
649 598
649 599
649 600
642 601
644 602
644 603
641 604
643 605
642 606
648 607
649 608
647 609
644 610
642 611
638 612
644 613
646 614
646 615
644 616
641 617
642 618
643 619
645 620
645 621
645 622
645 623
644 624
641 625
639 626
641 627
645 628
642 629
640 630
645 631
640 632
642 633
644 634
645 635
641 636
640 637
640 638
642 639
641 640
643 641
642 642
641 643
642 644
641 645
640 646
644 647
643 648
646 649
646 650
646 651
645 652
645 653
645 654
644 655
647 656
645 657
642 658
644 659
643 660
644 661
645 662
648 663
646 664
642 665
645 666
645 667
641 668
639 669
641 670
645 671
652 672
646 673
643 674
649 675
654 676
649 677
645 678
651 679
648 680
643 681
650 682
649 683
647 684
643 685
644 686
647 687
648 688
642 689
647 690
646 691
648 692
642 693
638 694
635 695
647 696
647 697
646 698
647 699
643 700
634 701
637 702
640 703
648 704
643 705
647 706
643 707
650 708
648 709
641 710
642 711
654 712
657 713
646 714
643 715
652 716
655 717
647 718
649 719
