482 0
483 1
483 2
481 3
479 4
473 5
471 6
469 7
467 8
464 9
462 10
461 11
458 12
457 13
454 14
452 15
449 16
447 17
446 18
444 19
442 20
442 21
439 22
439 23
439 24
438 25
439 26
436 27
431 28
428 29
427 30
418 31
414 32
411 33
407 34
389 35
383 36
380 37
378 38
374 39
369 40
371 41
369 42
369 43
368 44
370 45
368 46
364 47
364 48
362 49
358 50
357 51
357 52
356 53
347 54
336 55
336 56
337 57
336 58
333 59
328 60
325 61
324 62
324 63
324 64
322 65
317 66
316 67
310 68
305 69
299 70
288 71
281 72
275 73
273 74
268 75
264 76
263 77
260 78
257 79
259 80
257 81
257 82
249 83
245 84
245 85
243 86
239 87
233 88
230 89
230 90
228 91
226 92
220 93
210 94
212 95
208 96
212 97
210 98
210 99
208 100
206 101
205 102
197 103
193 104
196 105
195 106
191 107
188 108
187 109
184 110
180 111
178 112
175 113
174 114
170 115
171 116
173 117
172 118
165 119
164 120
164 121
161 122
158 123
151 124
145 125
141 126
141 127
142 128
137 129
129 130
125 131
118 132
108 133
108 134
110 135
103 136
93 137
92 138
91 139
92 140
90 141
89 142
81 143
82 144
80 145
83 146
79 147
74 148
63 149
65 150
70 151
73 152
66 153
87 154
79 155
82 156
59 157
60 158
62 159
61 160
46 161
60 162
72 163
69 164
59 165
50 166
33 167
65 168
44 169
64 170
28 171
107 172
38 173
40 174
34 175
55 176
30 177
77 178
99 179
106 180
86 181
108 182
92 183
86 184
27 185
26 186
28 187
62 188
40 189
25 190
32 191
23 192
19 193
43 194
51 195
417 196
789 197
937 198
987 199
985 200
1021 201
1008 202
1006 203
1022 204
1013 205
1033 206
1018 207
1038 208
1057 209
1079 210
1059 211
1031 212
1061 213
1056 214
1066 215
1064 216
1075 217
1070 218
1041 219
1040 220
1060 221
1059 222
1043 223
1048 224
1036 225
1030 226
1039 227
1040 228
1040 229
1037 230
1031 231
1024 232
1027 233
1023 234
1016 235
1011 236
1012 237
1010 238
1010 239
1004 240
1003 241
1003 242
1000 243
997 244
1001 245
998 246
991 247
994 248
992 249
988 250
988 251
991 252
987 253
986 254
983 255
986 256
987 257
988 258
989 259
998 260
1001 261
1003 262
1011 263
1006 264
1016 265
1019 266
1020 267
1017 268
1020 269
1012 270
1009 271
1001 272
993 273
978 274
960 275
955 276
953 277
951 278
950 279
946 280
948 281
946 282
944 283
946 284
948 285
946 286
955 287
955 288
960 289
960 290
960 291
966 292
973 293
978 294
981 295
981 296
981 297
979 298
967 299
958 300
933 301
920 302
903 303
890 304
889 305
885 306
871 307
857 308
854 309
847 310
844 311
839 312
831 313
828 314
825 315
821 316
810 317
807 318
800 319
794 320
788 321
783 322
779 323
773 324
770 325
767 326
761 327
758 328
757 329
755 330
747 331
741 332
741 333
737 334
737 335
736 336
731 337
727 338
724 339
728 340
723 341
721 342
723 343
718 344
714 345
708 346
708 347
709 348
706 349
704 350
709 351
706 352
695 353
692 354
693 355
691 356
692 357
696 358
700 359
698 360
699 361
692 362
691 363
693 364
689 365
684 366
684 367
692 368
694 369
695 370
686 371
681 372
681 373
686 374
687 375
684 376
676 377
686 378
685 379
684 380
685 381
688 382
685 383
685 384
681 385
679 386
683 387
682 388
680 389
679 390
681 391
682 392
675 393
676 394
671 395
670 396
672 397
676 398
679 399
676 400
677 401
677 402
679 403
685 404
684 405
679 406
674 407
676 408
678 409
678 410
684 411
684 412
681 413
679 414
679 415
683 416
683 417
686 418
690 419
691 420
688 421
686 422
687 423
689 424
689 425
691 426
687 427
684 428
684 429
686 430
691 431
695 432
691 433
688 434
685 435
684 436
686 437
687 438
690 439
687 440
689 441
687 442
687 443
686 444
685 445
687 446
696 447
689 448
680 449
680 450
679 451
683 452
682 453
681 454
683 455
679 456
680 457
682 458
680 459
686 460
681 461
677 462
682 463
686 464
685 465
678 466
678 467
680 468
682 469
677 470
678 471
679 472
675 473
673 474
675 475
674 476
673 477
671 478
671 479
674 480
672 481
670 482
671 483
671 484
671 485
669 486
671 487
668 488
669 489
669 490
670 491
669 492
669 493
668 494
671 495
670 496
667 497
668 498
666 499
667 500
665 501
667 502
668 503
668 504
667 505
666 506
664 507
664 508
664 509
664 510
662 511
664 512
662 513
661 514
660 515
660 516
661 517
657 518
660 519
660 520
661 521
660 522
659 523
659 524
658 525
658 526
660 527
660 528
659 529
661 530
661 531
663 532
664 533
665 534
667 535
663 536
663 537
669 538
668 539
664 540
665 541
666 542
667 543
665 544
668 545
668 546
669 547
668 548
670 549
673 550
670 551
673 552
674 553
675 554
673 555
672 556
677 557
679 558
679 559
675 560
675 561
677 562
675 563
673 564
670 565
673 566
679 567
676 568
678 569
677 570
677 571
674 572
673 573
675 574
683 575
677 576
676 577
673 578
672 579
684 580
684 581
678 582
681 583
681 584
686 585
691 586
684 587
693 588
691 589
690 590
694 591
697 592
698 593
703 594
693 595
689 596
694 597
702 598
696 599
704 600
704 601
704 602
701 603
699 604
698 605
709 606
708 607
718 608
703 609
708 610
714 611
717 612
718 613
728 614
712 615
710 616
717 617
727 618
728 619
725 620
730 621
731 622
733 623
737 624
744 625
748 626
744 627
741 628
739 629
749 630
735 631
748 632
753 633
762 634
768 635
770 636
776 637
772 638
770 639
777 640
788 641
792 642
803 643
802 644
808 645
808 646
822 647
823 648
822 649
812 650
807 651
816 652
808 653
815 654
814 655
807 656
807 657
802 658
795 659
801 660
807 661
798 662
788 663
794 664
800 665
798 666
795 667
799 668
791 669
792 670
790 671
783 672
780 673
788 674
791 675
792 676
791 677
779 678
775 679
785 680
784 681
781 682
773 683
764 684
758 685
747 686
736 687
731 688
717 689
713 690
704 691
689 692
695 693
695 694
698 695
685 696
677 697
669 698
679 699
665 700
660 701
663 702
666 703
682 704
678 705
680 706
680 707
667 708
672 709
665 710
650 711
654 712
636 713
637 714
645 715
633 716
636 717
651 718
657 719
