474 0
473 1
469 2
465 3
467 4
467 5
463 6
461 7
459 8
454 9
453 10
450 11
448 12
446 13
443 14
441 15
438 16
436 17
433 18
432 19
430 20
429 21
428 22
426 23
427 24
425 25
424 26
423 27
422 28
418 29
413 30
409 31
405 32
398 33
394 34
379 35
368 36
365 37
365 38
358 39
357 40
356 41
355 42
355 43
355 44
354 45
354 46
353 47
353 48
350 49
349 50
345 51
343 52
342 53
338 54
321 55
323 56
323 57
321 58
316 59
313 60
311 61
310 62
311 63
310 64
306 65
303 66
299 67
291 68
282 69
272 70
265 71
264 72
259 73
253 74
250 75
249 76
246 77
242 78
240 79
238 80
236 81
235 82
229 83
232 84
224 85
217 86
213 87
212 88
211 89
210 90
206 91
200 92
201 93
198 94
201 95
197 96
197 97
196 98
197 99
197 100
186 101
183 102
184 103
180 104
176 105
175 106
171 107
169 108
168 109
167 110
161 111
159 112
155 113
153 114
152 115
150 116
144 117
141 118
139 119
142 120
140 121
139 122
134 123
130 124
126 125
126 126
122 127
127 128
120 129
114 130
103 131
91 132
88 133
84 134
74 135
76 136
76 137
77 138
76 139
72 140
72 141
65 142
63 143
71 144
60 145
56 146
84 147
45 148
57 149
51 150
53 151
46 152
41 153
54 154
59 155
62 156
56 157
52 158
52 159
47 160
29 161
37 162
51 163
81 164
49 165
0 166
72 167
89 168
88 169
80 170
281 171
438 172
46 173
18 174
82 175
191 176
32 177
22 178
3 179
14 180
14 181
14 182
58 183
20 184
33 185
25 186
15 187
19 188
63 189
465 191
218 192
63 194
63 195
468 196
744 197
1201 198
1188 199
1173 200
1177 201
1165 202
1144 203
1146 204
1118 205
1111 206
1108 207
1092 208
1099 209
1095 210
1087 211
1084 212
1076 213
1079 214
1073 215
1072 216
1063 217
1069 218
1070 219
1056 220
1047 221
1043 222
1050 223
1032 224
1021 225
1017 226
1014 227
1011 228
1011 229
1009 230
1003 231
1001 232
1003 233
999 234
1000 235
998 236
987 237
988 238
981 239
976 240
982 241
985 242
978 243
978 244
974 245
973 246
971 247
971 248
968 249
972 250
973 251
971 252
972 253
974 254
973 255
973 256
972 257
972 258
974 259
977 260
972 261
967 262
959 263
958 264
960 265
959 266
956 267
965 268
962 269
960 270
962 271
959 272
964 273
962 274
962 275
964 276
954 277
942 278
930 279
927 280
927 281
936 282
936 283
938 284
946 285
948 286
944 287
938 288
937 289
940 290
939 291
941 292
938 293
933 294
935 295
936 296
946 297
942 298
939 299
938 300
944 301
925 302
906 303
902 304
894 305
890 306
879 307
864 308
849 309
846 310
842 311
835 312
826 313
813 314
810 315
802 316
797 317
793 318
784 319
786 320
775 321
771 322
769 323
761 324
757 325
749 326
747 327
748 328
746 329
741 330
737 331
735 332
734 333
731 334
732 335
730 336
722 337
713 338
715 339
716 340
709 341
701 342
706 343
700 344
702 345
702 346
702 347
702 348
701 349
699 350
698 351
684 352
688 353
685 354
682 355
689 356
685 357
681 358
686 359
685 360
678 361
682 362
685 363
680 364
675 365
674 366
676 367
677 368
679 369
679 370
670 371
670 372
675 373
678 374
685 375
679 376
679 377
679 378
678 379
680 380
680 381
680 382
680 383
677 384
681 385
680 386
678 387
679 388
679 389
677 390
679 391
674 392
680 393
677 394
671 395
672 396
669 397
670 398
671 399
676 400
672 401
675 402
673 403
672 404
672 405
673 406
670 407
665 408
663 409
668 410
669 411
673 412
674 413
668 414
673 415
671 416
670 417
671 418
678 419
681 420
673 421
669 422
671 423
669 424
676 425
676 426
672 427
667 428
672 429
676 430
672 431
677 432
671 433
673 434
675 435
673 436
675 437
674 438
670 439
674 440
672 441
676 442
678 443
675 444
679 445
681 446
677 447
675 448
675 449
671 450
670 451
672 452
671 453
672 454
668 455
667 456
666 457
669 458
667 459
671 460
671 461
670 462
665 463
663 464
661 465
660 466
665 467
663 468
662 469
659 470
660 471
662 472
658 473
660 474
657 475
655 476
657 477
657 478
657 479
656 480
656 481
657 482
657 483
655 484
659 485
656 486
652 487
654 488
655 489
654 490
652 491
652 492
654 493
652 494
652 495
652 496
650 497
650 498
648 499
649 500
652 501
649 502
648 503
650 504
648 505
646 506
649 507
650 508
647 509
646 510
647 511
645 512
645 513
645 514
644 515
644 516
641 517
642 518
645 519
646 520
642 521
642 522
641 523
644 524
642 525
644 526
648 527
643 528
644 529
643 530
642 531
643 532
645 533
644 534
643 535
643 536
645 537
645 538
647 539
647 540
649 541
653 542
651 543
650 544
651 545
652 546
653 547
652 548
650 549
651 550
655 551
653 552
650 553
652 554
654 555
655 556
660 557
657 558
653 559
659 560
662 561
662 562
655 563
660 564
663 565
660 566
662 567
663 568
659 569
664 570
663 571
662 572
664 573
668 574
668 575
667 576
669 577
671 578
668 579
666 580
669 581
669 582
668 583
669 584
676 585
673 586
677 587
677 588
677 589
673 590
670 591
668 592
672 593
679 594
681 595
676 596
681 597
691 598
692 599
695 600
690 601
695 602
690 603
693 604
692 605
688 606
693 607
695 608
692 609
699 610
702 611
706 612
707 613
714 614
712 615
706 616
707 617
712 618
720 619
721 620
715 621
721 622
722 623
726 624
726 625
734 626
726 627
731 628
730 629
727 630
728 631
726 632
729 633
733 634
731 635
734 636
735 637
750 638
756 639
758 640
757 641
756 642
756 643
762 644
759 645
765 646
758 647
776 648
777 649
784 650
790 651
797 652
784 653
785 654
792 655
795 656
790 657
794 658
790 659
794 660
789 661
793 662
785 663
797 664
797 665
791 666
788 667
788 668
785 669
784 670
786 671
785 672
782 673
782 674
781 675
789 676
794 677
790 678
774 679
782 680
784 681
776 682
773 683
766 684
760 685
760 686
750 687
749 688
748 689
742 690
734 691
723 692
726 693
720 694
713 695
699 696
688 697
673 698
685 699
674 700
675 701
681 702
677 703
679 704
675 705
673 706
655 707
647 708
662 709
681 710
686 711
661 712
631 713
632 714
669 715
667 716
662 717
667 718
674 719
