663 0
668 1
665 2
660 3
659 4
662 5
664 6
665 7
662 8
660 9
655 10
652 11
651 12
652 13
648 14
643 15
649 16
643 17
642 18
642 19
642 20
642 21
643 22
644 23
642 24
645 25
643 26
642 27
645 28
641 29
641 30
640 31
646 32
642 33
641 34
641 35
639 36
639 37
639 38
641 39
641 40
639 41
639 42
639 43
639 44
639 45
639 46
639 47
639 48
639 49
639 50
639 51
639 52
639 53
639 54
639 55
639 56
639 57
638 58
639 59
639 60
639 61
637 62
635 63
634 64
633 65
631 66
630 67
628 68
625 69
623 70
623 71
623 72
618 73
618 74
615 75
615 76
613 77
614 78
614 79
614 80
615 81
612 82
609 83
609 84
607 85
608 86
609 87
609 88
608 89
608 90
608 91
608 92
609 93
609 94
609 95
609 96
606 97
602 98
601 99
599 100
600 101
600 102
596 103
589 104
583 105
575 106
568 107
563 108
563 109
561 110
561 111
566 112
566 113
558 114
534 115
525 116
521 117
518 118
515 119
509 120
507 121
502 122
497 123
497 124
496 125
494 126
492 127
489 128
492 129
491 130
486 131
480 132
478 133
476 134
475 135
474 136
473 137
471 138
468 139
468 140
465 141
464 142
461 143
461 144
460 145
458 146
455 147
453 148
450 149
446 150
442 151
441 152
440 153
439 154
435 155
433 156
429 157
428 158
429 159
425 160
423 161
421 162
419 163
419 164
418 165
418 166
416 167
415 168
413 169
404 170
404 171
396 172
393 173
382 174
363 175
362 176
359 177
355 178
355 179
353 180
353 181
351 182
352 183
352 184
349 185
347 186
342 187
342 188
340 189
338 190
333 191
323 192
315 193
315 194
315 195
314 196
314 197
311 198
310 199
310 200
309 201
305 202
302 203
299 204
288 205
281 206
273 207
268 208
263 209
259 210
251 211
251 212
249 213
246 214
242 215
240 216
236 217
236 218
229 219
228 220
219 221
217 222
216 223
216 224
214 225
215 226
207 227
202 228
195 229
195 230
199 231
196 232
196 233
193 234
189 235
184 236
183 237
183 238
180 239
180 240
178 241
174 242
169 243
168 244
166 245
162 246
159 247
158 248
152 249
152 250
149 251
146 252
150 253
146 254
140 255
133 256
130 257
126 258
126 259
122 260
117 261
108 262
102 263
105 264
104 265
102 266
109 267
97 268
87 269
89 270
91 271
93 272
99 273
92 274
73 275
76 276
92 277
86 278
55 279
78 280
73 281
54 282
52 283
44 284
46 285
47 286
57 287
52 288
61 289
58 290
50 291
44 292
37 293
33 294
49 295
84 296
62 297
30 298
29 299
117 300
22 301
23 302
76 303
8 304
23 305
31 306
11 307
11 308
10 309
18 310
18 311
14 312
10 313
14 314
18 315
6 316
7 317
7 318
3 319
46 320
30 321
29 322
14 323
21 324
217 325
245 326
1074 327
1174 328
1211 329
1191 330
1173 331
1184 332
1190 333
1186 334
1179 335
1155 336
1159 337
1171 338
1168 339
1163 340
1160 341
1156 342
1158 343
1148 344
1157 345
1144 346
1150 347
1139 348
1140 349
1132 350
1104 351
1090 352
1089 353
1086 354
1082 355
1078 356
1070 357
1064 358
1054 359
1049 360
1035 361
1038 362
1030 363
1014 364
1005 365
1000 366
998 367
990 368
989 369
987 370
984 371
986 372
985 373
983 374
980 375
985 376
982 377
979 378
981 379
980 380
981 381
981 382
979 383
976 384
967 385
963 386
961 387
960 388
960 389
962 390
962 391
956 392
953 393
951 394
955 395
954 396
955 397
954 398
953 399
949 400
948 401
946 402
948 403
955 404
955 405
954 406
957 407
956 408
957 409
957 410
956 411
957 412
958 413
957 414
959 415
956 416
965 417
971 418
967 419
973 420
971 421
963 422
957 423
959 424
952 425
952 426
950 427
939 428
937 429
930 430
915 431
913 432
904 433
899 434
888 435
873 436
863 437
859 438
853 439
844 440
839 441
829 442
820 443
819 444
815 445
810 446
808 447
799 448
800 449
795 450
788 451
778 452
777 453
776 454
767 455
764 456
761 457
757 458
755 459
751 460
744 461
742 462
744 463
737 464
722 465
722 466
725 467
726 468
726 469
722 470
710 471
706 472
710 473
716 474
714 475
710 476
702 477
696 478
696 479
700 480
697 481
687 482
694 483
696 484
690 485
684 486
686 487
689 488
681 489
681 490
683 491
681 492
679 493
680 494
679 495
685 496
689 497
687 498
687 499
686 500
681 501
681 502
685 503
682 504
679 505
682 506
682 507
690 508
690 509
691 510
693 511
688 512
691 513
686 514
682 515
682 516
684 517
688 518
680 519
684 520
682 521
681 522
679 523
679 524
679 525
671 526
674 527
675 528
676 529
676 530
679 531
679 532
678 533
679 534
680 535
678 536
671 537
673 538
679 539
678 540
676 541
675 542
685 543
679 544
679 545
679 546
680 547
679 548
681 549
687 550
683 551
682 552
687 553
686 554
682 555
681 556
683 557
684 558
685 559
689 560
686 561
680 562
677 563
684 564
689 565
686 566
681 567
682 568
683 569
687 570
685 571
680 572
683 573
683 574
678 575
674 576
675 577
675 578
674 579
680 580
678 581
676 582
677 583
677 584
670 585
674 586
673 587
669 588
669 589
670 590
668 591
669 592
670 593
668 594
670 595
670 596
663 597
662 598
662 599
655 600
657 601
659 602
656 603
659 604
658 605
655 606
658 607
657 608
652 609
651 610
651 611
651 612
651 613
654 614
655 615
651 616
648 617
650 618
648 619
648 620
651 621
652 622
647 623
647 624
646 625
648 626
649 627
647 628
648 629
646 630
645 631
646 632
646 633
647 634
649 635
649 636
647 637
642 638
640 639
642 640
639 641
643 642
640 643
642 644
638 645
638 646
639 647
635 648
637 649
638 650
635 651
642 652
638 653
638 654
640 655
640 656
636 657
639 658
640 659
640 660
641 661
638 662
637 663
643 664
644 665
640 666
640 667
642 668
638 669
639 670
647 671
644 672
644 673
647 674
646 675
648 676
654 677
651 678
646 679
646 680
644 681
648 682
658 683
654 684
650 685
648 686
652 687
657 688
652 689
654 690
655 691
656 692
648 693
652 694
660 695
664 696
660 697
657 698
656 699
655 700
657 701
656 702
662 703
662 704
660 705
655 706
661 707
662 708
663 709
659 710
656 711
660 712
661 713
665 714
663 715
667 716
668 717
667 718
671 719
