461 0
462 1
455 2
454 3
453 4
450 5
446 6
444 7
443 8
442 9
440 10
437 11
433 12
430 13
429 14
427 15
427 16
422 17
421 18
417 19
414 20
413 21
411 22
410 23
409 24
406 25
403 26
405 27
402 28
402 29
399 30
396 31
394 32
390 33
387 34
379 35
375 36
368 37
349 38
349 39
342 40
335 41
335 42
336 43
336 44
335 45
334 46
331 47
331 48
329 49
328 50
324 51
321 52
320 53
317 54
313 55
300 56
300 57
301 58
299 59
294 60
291 61
290 62
291 63
289 64
283 65
282 66
280 67
270 68
260 69
249 70
245 71
242 72
235 73
228 74
228 75
226 76
222 77
221 78
216 79
215 80
213 81
204 82
205 83
200 84
198 85
191 86
191 87
190 88
183 89
180 90
182 91
176 92
171 93
171 94
172 95
173 96
170 97
169 98
164 99
160 100
166 101
163 102
160 103
157 104
151 105
149 106
145 107
146 108
139 109
138 110
138 111
132 112
128 113
125 114
126 115
123 116
120 117
118 118
120 119
120 120
113 121
110 122
108 123
101 124
97 125
92 126
82 127
77 128
68 129
62 130
59 131
55 132
52 133
53 134
55 135
48 136
50 137
54 138
59 139
59 140
52 141
57 142
70 143
58 144
53 145
53 146
57 147
71 148
75 149
76 150
107 151
75 152
67 153
59 154
59 155
59 156
57 157
55 158
54 159
105 160
431 161
197 162
58 163
416 164
416 165
50 167
26 168
35 170
29 171
34 172
39 175
18 176
25 179
43 180
18 181
299 184
157 185
17 186
15 187
15 188
12 189
50 190
200 191
2 194
1 195
0 196
553 197
420 198
896 199
869 200
1019 201
1121 202
1119 203
1130 204
1126 205
1094 206
1089 207
1087 208
1090 209
1092 210
1082 211
1078 212
1080 213
1076 214
1064 215
1059 216
1061 217
1053 218
1053 219
1041 220
1034 221
1037 222
1036 223
1035 224
1021 225
1015 226
1011 227
1004 228
1001 229
997 230
999 231
989 232
983 233
984 234
984 235
981 236
979 237
981 238
975 239
970 240
968 241
966 242
964 243
964 244
962 245
958 246
958 247
960 248
959 249
957 250
958 251
958 252
955 253
954 254
957 255
962 256
964 257
966 258
965 259
961 260
962 261
960 262
955 263
954 264
965 265
963 266
961 267
960 268
957 269
952 270
953 271
953 272
950 273
945 274
930 275
923 276
920 277
913 278
914 279
912 280
911 281
912 282
916 283
923 284
932 285
934 286
934 287
929 288
926 289
923 290
924 291
924 292
930 293
932 294
935 295
937 296
935 297
932 298
933 299
925 300
906 301
891 302
877 303
872 304
865 305
856 306
839 307
833 308
826 309
811 310
808 311
803 312
791 313
791 314
789 315
780 316
768 317
763 318
762 319
760 320
757 321
749 322
747 323
737 324
728 325
731 326
731 327
722 328
724 329
726 330
719 331
716 332
713 333
709 334
710 335
699 336
696 337
692 338
687 339
688 340
687 341
687 342
688 343
680 344
677 345
682 346
689 347
686 348
684 349
678 350
676 351
672 352
662 353
662 354
671 355
667 356
664 357
657 358
668 359
661 360
661 361
663 362
664 363
666 364
672 365
669 366
662 367
667 368
665 369
667 370
665 371
657 372
657 373
664 374
665 375
654 376
657 377
658 378
655 379
653 380
653 381
651 382
657 383
664 384
653 385
655 386
652 387
651 388
656 389
664 390
661 391
651 392
652 393
656 394
652 395
654 396
653 397
651 398
647 399
649 400
646 401
651 402
654 403
655 404
648 405
650 406
656 407
652 408
650 409
650 410
649 411
652 412
653 413
653 414
655 415
656 416
661 417
653 418
651 419
652 420
648 421
645 422
646 423
648 424
652 425
651 426
651 427
652 428
652 429
648 430
649 431
651 432
658 433
658 434
656 435
652 436
651 437
650 438
654 439
658 440
666 441
656 442
647 443
653 444
652 445
646 446
647 447
652 448
652 449
654 450
650 451
646 452
647 453
650 454
651 455
649 456
650 457
651 458
649 459
644 460
645 461
644 462
644 463
644 464
647 465
645 466
645 467
645 468
647 469
647 470
645 471
649 472
646 473
647 474
648 475
643 476
642 477
642 478
644 479
643 480
643 481
643 482
649 483
647 484
640 485
640 486
642 487
640 488
640 489
641 490
639 491
639 492
642 493
645 494
647 495
651 496
645 497
642 498
641 499
645 500
647 501
645 502
649 503
642 504
640 505
641 506
645 507
643 508
641 509
641 510
642 511
640 512
643 513
646 514
643 515
641 516
642 517
641 518
646 519
646 520
643 521
649 522
651 523
644 524
642 525
640 526
642 527
643 528
641 529
640 530
647 531
648 532
643 533
640 534
640 535
646 536
646 537
646 538
643 539
642 540
642 541
643 542
644 543
643 544
642 545
642 546
641 547
638 548
640 549
645 550
649 551
653 552
649 553
644 554
649 555
644 556
648 557
652 558
658 559
652 560
647 561
639 562
636 563
644 564
649 565
646 566
646 567
644 568
638 569
643 570
647 571
648 572
648 573
649 574
645 575
644 576
636 577
637 578
637 579
644 580
653 581
648 582
644 583
648 584
647 585
651 586
648 587
646 588
642 589
644 590
649 591
644 592
650 593
655 594
650 595
656 596
667 597
665 598
656 599
667 600
671 601
671 602
669 603
666 604
670 605
673 606
682 607
684 608
686 609
680 610
677 611
686 612
681 613
678 614
680 615
693 616
688 617
688 618
692 619
696 620
697 621
708 622
706 623
701 624
704 625
707 626
709 627
708 628
710 629
711 630
717 631
701 632
696 633
702 634
704 635
705 636
714 637
719 638
718 639
734 640
738 641
733 642
736 643
750 644
738 645
741 646
739 647
760 648
755 649
759 650
766 651
762 652
759 653
773 654
776 655
785 656
790 657
790 658
788 659
791 660
774 661
778 662
785 663
781 664
786 665
780 666
770 667
774 668
782 669
785 670
784 671
781 672
781 673
781 674
787 675
791 676
774 677
766 678
767 679
762 680
774 681
767 682
762 683
766 684
765 685
756 686
766 687
756 688
762 689
757 690
743 691
742 692
731 693
735 694
742 695
738 696
732 697
726 698
723 699
721 700
718 701
722 702
725 703
722 704
722 705
718 706
710 707
704 708
702 709
694 710
704 711
697 712
700 713
710 714
711 715
710 716
698 717
697 718
701 719
