464 0
462 1
461 2
455 3
454 4
454 5
453 6
450 7
450 8
447 9
442 10
437 11
439 12
434 13
433 14
431 15
428 16
425 17
422 18
421 19
418 20
417 21
417 22
414 23
414 24
412 25
412 26
411 27
409 28
408 29
404 30
398 31
392 32
388 33
382 34
371 35
365 36
357 37
349 38
345 39
343 40
342 41
342 42
342 43
342 44
343 45
340 46
337 47
337 48
337 49
335 50
332 51
328 52
327 53
320 54
309 55
308 56
308 57
308 58
301 59
298 60
297 61
297 62
298 63
294 64
290 65
289 66
281 67
273 68
264 69
251 70
250 71
246 72
240 73
237 74
235 75
231 76
228 77
225 78
224 79
222 80
216 81
213 82
208 83
202 84
201 85
201 86
203 87
204 88
195 89
188 90
183 91
180 92
183 93
182 94
182 95
181 96
178 97
178 98
173 99
168 100
170 101
167 102
166 103
161 104
159 105
154 106
152 107
149 108
148 109
145 110
141 111
144 112
140 113
139 114
133 115
133 116
131 117
126 118
124 119
122 120
119 121
124 122
119 123
113 124
106 125
95 126
88 127
81 128
76 129
73 130
69 131
63 132
67 133
61 134
70 135
57 136
54 137
52 138
57 139
58 140
56 141
60 142
56 143
78 144
72 145
58 146
57 147
47 148
46 149
53 150
73 151
73 152
73 153
100 154
89 155
62 156
75 157
72 158
79 159
75 160
52 161
59 162
66 163
172 164
79 165
60 166
64 167
108 168
176 170
83 171
83 172
246 175
80 177
74 178
47 179
422 181
307 182
212 183
54 184
24 185
24 186
24 187
228 190
220 191
218 192
564 195
565 196
510 197
260 198
989 199
1014 200
1147 201
1111 202
1121 203
1113 204
1089 205
1092 206
1068 207
1084 208
1087 209
1074 210
1074 211
1078 212
1068 213
1067 214
1069 215
1054 216
1051 217
1049 218
1036 219
1041 220
1036 221
1028 222
1022 223
1023 224
1010 225
1008 226
1007 227
1000 228
999 229
1000 230
998 231
1000 232
995 233
990 234
987 235
983 236
985 237
982 238
979 239
977 240
977 241
971 242
970 243
969 244
967 245
965 246
962 247
962 248
963 249
962 250
962 251
964 252
965 253
963 254
967 255
969 256
970 257
969 258
974 259
969 260
959 261
963 262
971 263
973 264
967 265
961 266
955 267
955 268
954 269
954 270
952 271
947 272
934 273
920 274
921 275
915 276
917 277
928 278
928 279
924 280
930 281
928 282
926 283
926 284
928 285
925 286
922 287
924 288
930 289
937 290
939 291
941 292
940 293
936 294
932 295
931 296
928 297
925 298
919 299
918 300
902 301
886 302
882 303
874 304
867 305
858 306
843 307
835 308
830 309
815 310
813 311
804 312
796 313
792 314
785 315
784 316
773 317
771 318
768 319
767 320
759 321
752 322
751 323
746 324
743 325
739 326
737 327
734 328
731 329
726 330
720 331
718 332
715 333
713 334
711 335
706 336
701 337
699 338
697 339
692 340
703 341
703 342
700 343
690 344
689 345
692 346
694 347
687 348
686 349
686 350
682 351
680 352
676 353
667 354
668 355
670 356
682 357
681 358
682 359
667 360
676 361
679 362
677 363
673 364
669 365
666 366
667 367
676 368
669 369
666 370
667 371
659 372
661 373
664 374
665 375
667 376
660 377
664 378
664 379
659 380
667 381
668 382
666 383
668 384
665 385
666 386
667 387
667 388
667 389
667 390
658 391
658 392
658 393
655 394
655 395
653 396
654 397
657 398
654 399
655 400
656 401
656 402
656 403
655 404
657 405
657 406
663 407
659 408
657 409
655 410
654 411
653 412
657 413
659 414
658 415
658 416
658 417
658 418
657 419
654 420
652 421
654 422
657 423
660 424
660 425
660 426
664 427
659 428
658 429
657 430
660 431
665 432
661 433
658 434
659 435
660 436
653 437
651 438
654 439
657 440
653 441
657 442
658 443
657 444
656 445
660 446
660 447
660 448
653 449
652 450
654 451
658 452
652 453
654 454
654 455
653 456
653 457
646 458
650 459
649 460
649 461
653 462
649 463
648 464
644 465
647 466
645 467
647 468
647 469
650 470
646 471
647 472
643 473
642 474
644 475
643 476
641 477
640 478
641 479
643 480
640 481
643 482
647 483
642 484
642 485
642 486
643 487
640 488
642 489
641 490
641 491
640 492
640 493
641 494
642 495
643 496
644 497
642 498
639 499
641 500
641 501
640 502
645 503
644 504
639 505
640 506
641 507
647 508
643 509
639 510
642 511
639 512
638 513
639 514
641 515
642 516
647 517
646 518
642 519
641 520
640 521
642 522
646 523
643 524
642 525
642 526
644 527
644 528
642 529
640 530
642 531
641 532
644 533
642 534
644 535
641 536
637 537
640 538
643 539
639 540
637 541
638 542
642 543
637 544
638 545
638 546
645 547
640 548
641 549
644 550
645 551
645 552
645 553
639 554
641 555
643 556
642 557
639 558
646 559
640 560
640 561
638 562
639 563
647 564
648 565
650 566
649 567
648 568
645 569
646 570
650 571
650 572
653 573
651 574
654 575
648 576
649 577
653 578
653 579
652 580
656 581
653 582
653 583
659 584
654 585
655 586
659 587
652 588
656 589
663 590
655 591
658 592
654 593
660 594
670 595
674 596
665 597
664 598
674 599
676 600
675 601
674 602
675 603
678 604
681 605
688 606
689 607
693 608
705 609
695 610
691 611
692 612
697 613
693 614
693 615
696 616
695 617
691 618
704 619
699 620
697 621
700 622
697 623
704 624
704 625
714 626
715 627
716 628
711 629
708 630
706 631
714 632
711 633
709 634
714 635
721 636
728 637
731 638
729 639
736 640
739 641
748 642
749 643
757 644
747 645
746 646
754 647
758 648
767 649
769 650
759 651
765 652
769 653
782 654
788 655
785 656
797 657
790 658
784 659
788 660
791 661
787 662
783 663
797 664
783 665
775 666
789 667
783 668
778 669
778 670
778 671
780 672
779 673
779 674
769 675
777 676
787 677
785 678
785 679
771 680
764 681
761 682
758 683
762 684
748 685
748 686
747 687
760 688
755 689
755 690
754 691
746 692
738 693
740 694
732 695
735 696
720 697
723 698
720 699
707 700
715 701
719 702
708 703
704 704
701 705
694 706
690 707
691 708
689 709
689 710
687 711
690 712
684 713
683 714
680 715
677 716
685 717
696 718
697 719
