462 0
460 1
457 2
455 3
453 4
451 5
450 6
448 7
446 8
443 9
441 10
442 11
439 12
438 13
435 14
431 15
429 16
426 17
423 18
422 19
420 20
417 21
413 22
410 23
409 24
407 25
406 26
405 27
403 28
400 29
400 30
402 31
398 32
395 33
393 34
387 35
383 36
378 37
375 38
354 39
352 40
343 41
340 42
335 43
333 44
335 45
334 46
332 47
330 48
332 49
331 50
324 51
324 52
326 53
319 54
318 55
318 56
316 57
305 58
300 59
301 60
299 61
291 62
289 63
288 64
288 65
287 66
283 67
280 68
276 69
264 70
255 71
248 72
240 73
238 74
232 75
228 76
226 77
223 78
220 79
219 80
215 81
213 82
206 83
208 84
203 85
198 86
197 87
192 88
187 89
186 90
179 91
179 92
173 93
169 94
170 95
173 96
172 97
169 98
167 99
164 100
154 101
156 102
155 103
154 104
153 105
149 106
146 107
142 108
139 109
138 110
136 111
134 112
130 113
126 114
127 115
121 116
120 117
114 118
112 119
109 120
107 121
108 122
99 123
95 124
95 125
89 126
96 127
86 128
89 129
81 130
72 131
57 132
58 133
54 134
56 135
57 136
50 137
46 138
47 139
49 140
58 141
65 142
62 143
59 144
53 145
59 146
65 147
73 148
61 149
47 150
53 151
58 152
58 153
57 154
67 155
68 156
64 157
45 158
48 159
104 160
44 161
37 162
68 163
84 164
63 165
31 167
147 168
10 169
41 170
41 171
464 174
15 175
15 176
465 179
349 180
463 181
463 182
316 183
464 184
38 185
96 186
98 187
10 188
0 190
18 191
19 192
968 199
1070 200
1186 201
1194 202
1193 203
1163 204
1161 205
1153 206
1119 207
1124 208
1114 209
1101 210
1096 211
1095 212
1098 213
1089 214
1085 215
1087 216
1073 217
1071 218
1079 219
1081 220
1072 221
1071 222
1068 223
1062 224
1060 225
1054 226
1043 227
1034 228
1033 229
1029 230
1024 231
1023 232
1020 233
1012 234
1002 235
1002 236
1000 237
997 238
994 239
989 240
988 241
984 242
982 243
981 244
976 245
975 246
972 247
972 248
971 249
966 250
964 251
966 252
968 253
966 254
963 255
961 256
963 257
961 258
962 259
961 260
962 261
964 262
966 263
963 264
969 265
972 266
977 267
979 268
996 269
1000 270
1001 271
1003 272
1003 273
1001 274
999 275
995 276
983 277
975 278
966 279
952 280
947 281
931 282
929 283
928 284
925 285
922 286
924 287
920 288
921 289
921 290
924 291
925 292
931 293
931 294
931 295
932 296
931 297
930 298
923 299
914 300
901 301
884 302
863 303
859 304
861 305
855 306
843 307
833 308
819 309
806 310
806 311
805 312
795 313
786 314
781 315
773 316
769 317
762 318
756 319
745 320
739 321
739 322
734 323
730 324
725 325
723 326
727 327
717 328
714 329
712 330
709 331
708 332
710 333
701 334
697 335
696 336
689 337
689 338
695 339
693 340
691 341
688 342
682 343
684 344
678 345
674 346
674 347
664 348
669 349
671 350
664 351
662 352
659 353
665 354
672 355
670 356
669 357
665 358
662 359
655 360
653 361
662 362
666 363
667 364
656 365
656 366
661 367
661 368
655 369
656 370
652 371
657 372
657 373
659 374
660 375
654 376
659 377
652 378
644 379
648 380
650 381
651 382
654 383
650 384
649 385
644 386
646 387
645 388
650 389
650 390
652 391
653 392
646 393
643 394
646 395
645 396
643 397
642 398
640 399
638 400
643 401
642 402
640 403
642 404
645 405
645 406
644 407
643 408
638 409
638 410
647 411
648 412
643 413
643 414
641 415
645 416
646 417
647 418
646 419
646 420
647 421
647 422
647 423
650 424
646 425
646 426
649 427
651 428
650 429
646 430
653 431
658 432
652 433
645 434
643 435
645 436
648 437
649 438
653 439
649 440
647 441
649 442
649 443
646 444
646 445
645 446
648 447
651 448
653 449
645 450
643 451
646 452
646 453
647 454
652 455
652 456
646 457
645 458
644 459
650 460
649 461
646 462
643 463
640 464
646 465
648 466
647 467
648 468
645 469
643 470
648 471
645 472
642 473
642 474
645 475
649 476
643 477
644 478
648 479
646 480
643 481
646 482
646 483
644 484
643 485
640 486
642 487
644 488
646 489
647 490
644 491
643 492
641 493
641 494
641 495
642 496
642 497
645 498
643 499
638 500
645 501
646 502
647 503
641 504
645 505
646 506
643 507
641 508
641 509
644 510
645 511
642 512
643 513
640 514
642 515
642 516
645 517
643 518
642 519
642 520
642 521
646 522
647 523
644 524
643 525
641 526
640 527
640 528
640 529
638 530
639 531
641 532
643 533
643 534
641 535
641 536
634 537
637 538
636 539
639 540
640 541
641 542
641 543
645 544
645 545
643 546
640 547
642 548
650 549
648 550
650 551
648 552
640 553
642 554
640 555
644 556
644 557
643 558
643 559
648 560
647 561
638 562
638 563
638 564
651 565
652 566
644 567
645 568
639 569
643 570
639 571
641 572
647 573
638 574
641 575
643 576
640 577
643 578
648 579
642 580
638 581
641 582
643 583
640 584
650 585
652 586
651 587
657 588
656 589
659 590
653 591
651 592
647 593
644 594
649 595
648 596
644 597
646 598
659 599
663 600
653 601
656 602
672 603
672 604
668 605
673 606
672 607
679 608
676 609
677 610
672 611
691 612
699 613
692 614
694 615
695 616
692 617
689 618
697 619
699 620
710 621
702 622
698 623
694 624
691 625
700 626
701 627
704 628
704 629
704 630
707 631
703 632
695 633
697 634
710 635
710 636
709 637
718 638
724 639
728 640
739 641
740 642
754 643
751 644
749 645
757 646
759 647
774 648
770 649
771 650
778 651
789 652
794 653
790 654
789 655
792 656
793 657
789 658
781 659
790 660
785 661
787 662
782 663
783 664
784 665
790 666
788 667
775 668
782 669
787 670
775 671
786 672
774 673
773 674
776 675
770 676
758 677
755 678
769 679
767 680
760 681
765 682
765 683
764 684
755 685
773 686
763 687
752 688
754 689
751 690
741 691
744 692
733 693
734 694
738 695
743 696
740 697
727 698
730 699
723 700
721 701
726 702
720 703
711 704
711 705
701 706
710 707
718 708
701 709
701 710
693 711
712 712
709 713
708 714
713 715
719 716
722 717
710 718
712 719
