460 0
460 1
456 2
455 3
453 4
450 5
450 6
447 7
444 8
442 9
441 10
441 11
437 12
434 13
434 14
431 15
428 16
425 17
425 18
421 19
419 20
417 21
413 22
412 23
409 24
408 25
406 26
403 27
400 28
401 29
401 30
399 31
398 32
397 33
396 34
385 35
384 36
378 37
372 38
357 39
344 40
340 41
337 42
336 43
335 44
335 45
333 46
332 47
334 48
334 49
329 50
324 51
330 52
325 53
322 54
318 55
318 56
316 57
302 58
301 59
300 60
298 61
291 62
288 63
288 64
288 65
288 66
284 67
282 68
276 69
268 70
254 71
244 72
239 73
237 74
232 75
226 76
226 77
222 78
219 79
215 80
214 81
212 82
210 83
209 84
202 85
195 86
195 87
191 88
193 89
185 90
182 91
176 92
176 93
173 94
175 95
171 96
169 97
169 98
168 99
168 100
160 101
160 102
162 103
159 104
154 105
152 106
149 107
148 108
144 109
140 110
135 111
133 112
131 113
126 114
123 115
120 116
117 117
114 118
111 119
110 120
106 121
103 122
100 123
100 124
106 125
99 126
94 127
98 128
94 129
81 130
85 131
78 132
84 133
83 134
73 135
50 136
50 137
47 138
72 139
46 140
66 141
65 142
65 143
64 144
54 145
55 146
51 147
48 148
57 149
64 150
90 151
69 152
70 153
76 154
79 155
75 156
62 157
60 158
59 159
137 160
448 162
96 164
47 165
22 168
22 169
31 171
31 172
26 173
26 174
18 176
17 177
41 178
97 179
23 180
106 183
52 184
15 185
450 187
201 188
305 189
197 190
197 191
379 192
545 193
55 194
1278 198
1277 199
1167 200
1266 201
1263 202
1234 203
1177 204
1135 205
1132 206
1111 207
1115 208
1108 209
1098 210
1102 211
1095 212
1083 213
1088 214
1092 215
1076 216
1075 217
1072 218
1070 219
1072 220
1063 221
1059 222
1068 223
1070 224
1061 225
1047 226
1036 227
1038 228
1036 229
1029 230
1027 231
1021 232
1016 233
1006 234
1005 235
1006 236
1000 237
994 238
995 239
989 240
986 241
985 242
982 243
982 244
982 245
975 246
975 247
975 248
971 249
972 250
967 251
968 252
961 253
959 254
958 255
958 256
959 257
956 258
955 259
957 260
959 261
958 262
962 263
960 264
966 265
966 266
967 267
969 268
971 269
974 270
983 271
990 272
984 273
986 274
985 275
982 276
977 277
973 278
959 279
962 280
952 281
942 282
940 283
929 284
924 285
924 286
922 287
919 288
921 289
921 290
928 291
930 292
940 293
941 294
941 295
937 296
933 297
931 298
932 299
920 300
901 301
874 302
874 303
865 304
857 305
850 306
850 307
829 308
825 309
815 310
806 311
811 312
794 313
795 314
790 315
777 316
768 317
763 318
758 319
754 320
751 321
747 322
742 323
737 324
733 325
729 326
726 327
725 328
715 329
709 330
705 331
703 332
702 333
702 334
708 335
703 336
687 337
683 338
691 339
685 340
679 341
680 342
694 343
676 344
674 345
667 346
667 347
677 348
677 349
682 350
681 351
672 352
666 353
663 354
665 355
661 356
662 357
662 358
665 359
665 360
661 361
660 362
663 363
661 364
654 365
658 366
660 367
662 368
657 369
659 370
667 371
660 372
661 373
656 374
653 375
649 376
652 377
658 378
656 379
651 380
655 381
658 382
655 383
657 384
650 385
650 386
647 387
644 388
646 389
655 390
650 391
650 392
641 393
642 394
641 395
640 396
642 397
642 398
648 399
647 400
646 401
644 402
642 403
647 404
650 405
647 406
648 407
647 408
647 409
650 410
649 411
647 412
647 413
646 414
648 415
651 416
647 417
648 418
646 419
649 420
647 421
647 422
649 423
648 424
654 425
654 426
651 427
650 428
648 429
646 430
651 431
648 432
655 433
650 434
651 435
652 436
655 437
654 438
652 439
656 440
655 441
646 442
644 443
646 444
651 445
652 446
649 447
652 448
652 449
647 450
648 451
649 452
652 453
653 454
649 455
649 456
644 457
643 458
646 459
646 460
647 461
649 462
648 463
647 464
647 465
648 466
647 467
644 468
647 469
644 470
645 471
642 472
640 473
642 474
645 475
641 476
641 477
643 478
642 479
646 480
640 481
639 482
645 483
642 484
642 485
645 486
650 487
646 488
642 489
646 490
645 491
644 492
644 493
644 494
644 495
646 496
642 497
640 498
642 499
646 500
642 501
639 502
641 503
643 504
640 505
641 506
641 507
641 508
640 509
640 510
642 511
642 512
642 513
639 514
642 515
643 516
646 517
642 518
644 519
642 520
640 521
641 522
643 523
642 524
644 525
641 526
642 527
640 528
640 529
642 530
640 531
638 532
641 533
640 534
639 535
641 536
642 537
642 538
641 539
637 540
639 541
639 542
644 543
644 544
644 545
643 546
642 547
643 548
641 549
638 550
644 551
648 552
651 553
644 554
642 555
646 556
645 557
643 558
646 559
647 560
645 561
639 562
640 563
643 564
644 565
647 566
643 567
647 568
641 569
645 570
647 571
639 572
640 573
645 574
642 575
646 576
647 577
654 578
650 579
646 580
638 581
638 582
647 583
642 584
637 585
639 586
651 587
653 588
652 589
652 590
648 591
646 592
646 593
645 594
650 595
658 596
655 597
654 598
656 599
648 600
657 601
659 602
656 603
671 604
675 605
677 606
676 607
676 608
677 609
672 610
681 611
677 612
679 613
691 614
701 615
697 616
692 617
688 618
698 619
702 620
695 621
702 622
704 623
699 624
703 625
708 626
710 627
705 628
708 629
708 630
705 631
707 632
711 633
702 634
704 635
711 636
711 637
713 638
721 639
741 640
737 641
744 642
764 643
757 644
760 645
763 646
749 647
751 648
760 649
774 650
779 651
770 652
762 653
769 654
785 655
802 656
791 657
783 658
789 659
786 660
781 661
786 662
787 663
785 664
790 665
792 666
784 667
777 668
783 669
783 670
773 671
778 672
783 673
779 674
776 675
778 676
775 677
776 678
773 679
763 680
760 681
757 682
770 683
782 684
778 685
766 686
760 687
760 688
750 689
742 690
740 691
741 692
742 693
744 694
731 695
736 696
730 697
723 698
721 699
726 700
718 701
716 702
724 703
717 704
724 705
717 706
711 707
715 708
709 709
700 710
690 711
690 712
703 713
708 714
714 715
712 716
712 717
714 718
730 719
