462 0
459 1
456 2
455 3
452 4
452 5
450 6
448 7
447 8
444 9
441 10
443 11
440 12
437 13
435 14
430 15
428 16
425 17
423 18
422 19
418 20
417 21
412 22
412 23
410 24
407 25
406 26
403 27
400 28
398 29
399 30
399 31
398 32
395 33
392 34
388 35
385 36
381 37
373 38
358 39
342 40
339 41
341 42
339 43
334 44
333 45
333 46
331 47
333 48
331 49
328 50
325 51
324 52
325 53
323 54
318 55
316 56
313 57
301 58
301 59
300 60
297 61
293 62
289 63
288 64
288 65
287 66
281 67
280 68
276 69
265 70
254 71
247 72
241 73
237 74
230 75
228 76
226 77
222 78
220 79
215 80
214 81
212 82
206 83
202 84
201 85
197 86
191 87
194 88
192 89
186 90
176 91
173 92
172 93
174 94
175 95
174 96
172 97
174 98
170 99
165 100
159 101
161 102
160 103
153 104
151 105
150 106
148 107
149 108
143 109
138 110
139 111
137 112
129 113
127 114
124 115
122 116
118 117
117 118
115 119
113 120
106 121
103 122
99 123
96 124
101 125
96 126
83 127
89 128
80 129
72 130
81 131
71 132
81 133
79 134
79 135
57 136
62 137
55 138
50 139
54 140
59 141
57 142
94 143
58 144
54 145
53 146
53 147
55 148
66 149
63 150
58 151
53 152
59 153
70 154
92 155
60 156
46 157
57 158
115 159
85 160
384 161
355 162
63 163
41 164
46 165
39 166
39 167
60 168
33 172
55 177
52 178
60 179
56 182
231 183
145 184
127 185
11 186
9 187
36 188
166 192
13 194
19 195
0 196
208 197
1275 199
1129 200
1202 201
1262 202
1226 203
1192 204
1173 205
1156 206
1148 207
1146 208
1132 209
1122 210
1109 211
1093 212
1089 213
1089 214
1077 215
1089 216
1084 217
1074 218
1067 219
1068 220
1070 221
1065 222
1066 223
1068 224
1061 225
1062 226
1057 227
1046 228
1041 229
1038 230
1032 231
1022 232
1024 233
1021 234
1016 235
1010 236
1014 237
1007 238
999 239
992 240
990 241
992 242
989 243
987 244
984 245
981 246
976 247
979 248
977 249
970 250
969 251
968 252
966 253
963 254
959 255
957 256
959 257
960 258
962 259
958 260
957 261
958 262
958 263
959 264
960 265
961 266
966 267
966 268
967 269
970 270
977 271
978 272
988 273
989 274
983 275
982 276
983 277
985 278
984 279
975 280
969 281
960 282
947 283
942 284
941 285
931 286
928 287
923 288
921 289
923 290
925 291
925 292
933 293
938 294
938 295
941 296
929 297
929 298
921 299
912 300
883 301
871 302
866 303
866 304
855 305
849 306
843 307
839 308
827 309
817 310
813 311
802 312
801 313
792 314
787 315
778 316
768 317
767 318
764 319
755 320
756 321
746 322
745 323
736 324
728 325
726 326
723 327
725 328
717 329
714 330
705 331
711 332
703 333
695 334
697 335
692 336
692 337
695 338
695 339
689 340
684 341
683 342
685 343
676 344
676 345
680 346
674 347
671 348
668 349
668 350
667 351
673 352
664 353
671 354
672 355
662 356
660 357
662 358
660 359
655 360
653 361
653 362
660 363
669 364
666 365
667 366
665 367
659 368
661 369
660 370
659 371
660 372
668 373
660 374
657 375
658 376
648 377
650 378
657 379
659 380
651 381
649 382
651 383
655 384
654 385
655 386
654 387
648 388
646 389
649 390
653 391
651 392
647 393
645 394
643 395
640 396
642 397
647 398
648 399
643 400
642 401
641 402
641 403
643 404
649 405
654 406
648 407
644 408
644 409
649 410
647 411
646 412
647 413
646 414
647 415
647 416
645 417
648 418
648 419
648 420
645 421
645 422
648 423
650 424
650 425
649 426
655 427
654 428
647 429
645 430
650 431
648 432
648 433
648 434
650 435
651 436
653 437
652 438
656 439
654 440
652 441
648 442
646 443
648 444
649 445
650 446
653 447
650 448
642 449
640 450
649 451
654 452
650 453
646 454
647 455
649 456
649 457
653 458
650 459
647 460
653 461
650 462
645 463
647 464
644 465
645 466
649 467
649 468
647 469
645 470
645 471
645 472
644 473
646 474
647 475
644 476
642 477
641 478
645 479
642 480
640 481
645 482
647 483
644 484
641 485
643 486
650 487
642 488
644 489
647 490
646 491
642 492
644 493
645 494
643 495
644 496
643 497
642 498
642 499
642 500
641 501
644 502
647 503
641 504
641 505
642 506
647 507
643 508
640 509
642 510
643 511
641 512
640 513
643 514
643 515
641 516
643 517
643 518
642 519
645 520
639 521
639 522
641 523
642 524
640 525
640 526
641 527
642 528
643 529
646 530
643 531
643 532
642 533
640 534
638 535
640 536
641 537
645 538
647 539
639 540
637 541
638 542
637 543
645 544
641 545
637 546
638 547
637 548
638 549
640 550
646 551
646 552
646 553
649 554
649 555
643 556
643 557
641 558
642 559
645 560
639 561
641 562
636 563
643 564
648 565
648 566
642 567
638 568
636 569
640 570
650 571
645 572
643 573
642 574
645 575
643 576
641 577
642 578
638 579
644 580
648 581
646 582
641 583
646 584
640 585
641 586
644 587
641 588
643 589
643 590
648 591
647 592
641 593
650 594
659 595
658 596
651 597
655 598
659 599
668 600
663 601
657 602
659 603
666 604
668 605
669 606
673 607
677 608
669 609
674 610
674 611
681 612
681 613
681 614
695 615
701 616
694 617
696 618
705 619
705 620
710 621
714 622
702 623
692 624
695 625
700 626
699 627
701 628
708 629
710 630
709 631
700 632
707 633
699 634
698 635
702 636
710 637
714 638
731 639
742 640
741 641
738 642
732 643
747 644
746 645
749 646
748 647
754 648
767 649
781 650
781 651
773 652
775 653
777 654
783 655
803 656
791 657
780 658
790 659
793 660
786 661
780 662
787 663
778 664
785 665
781 666
780 667
784 668
785 669
781 670
784 671
780 672
792 673
783 674
769 675
769 676
766 677
771 678
771 679
771 680
761 681
750 682
759 683
764 684
770 685
763 686
744 687
748 688
742 689
747 690
749 691
746 692
744 693
737 694
736 695
733 696
732 697
722 698
719 699
717 700
718 701
724 702
730 703
732 704
717 705
718 706
699 707
700 708
716 709
715 710
704 711
705 712
709 713
718 714
716 715
702 716
708 717
706 718
703 719
