462 0
460 1
458 2
455 3
451 4
451 5
450 6
449 7
444 8
443 9
441 10
443 11
440 12
437 13
436 14
429 15
429 16
424 17
424 18
422 19
419 20
417 21
413 22
411 23
411 24
408 25
406 26
403 27
402 28
402 29
399 30
401 31
396 32
396 33
393 34
388 35
385 36
378 37
371 38
364 39
348 40
340 41
335 42
335 43
335 44
336 45
332 46
331 47
331 48
331 49
327 50
325 51
328 52
326 53
322 54
319 55
317 56
317 57
300 58
300 59
300 60
296 61
292 62
291 63
287 64
287 65
288 66
283 67
281 68
278 69
266 70
254 71
250 72
240 73
235 74
232 75
227 76
225 77
221 78
220 79
216 80
214 81
212 82
209 83
203 84
201 85
196 86
198 87
197 88
193 89
191 90
180 91
178 92
181 93
171 94
170 95
170 96
170 97
169 98
168 99
162 100
159 101
158 102
154 103
153 104
151 105
149 106
146 107
144 108
139 109
138 110
133 111
131 112
130 113
125 114
122 115
121 116
116 117
114 118
112 119
114 120
105 121
102 122
103 123
108 124
103 125
94 126
102 127
93 128
75 129
64 130
64 131
56 132
57 133
59 134
53 135
60 136
52 137
57 138
48 139
45 140
54 141
50 142
56 143
66 144
56 145
56 146
49 147
47 148
68 149
71 150
63 151
66 152
59 153
61 154
73 155
74 156
147 157
164 158
155 159
52 160
49 161
50 162
50 163
73 167
101 168
23 169
283 170
235 171
430 172
282 173
20 175
27 180
82 181
5 182
59 183
20 184
28 185
16 186
15 187
232 191
519 192
16 193
32 194
35 195
292 196
680 197
497 198
919 199
1062 200
995 201
1086 202
1149 203
1142 204
1121 205
1122 206
1121 207
1093 208
1108 209
1110 210
1100 211
1097 212
1099 213
1101 214
1093 215
1090 216
1086 217
1080 218
1076 219
1073 220
1071 221
1070 222
1071 223
1065 224
1067 225
1061 226
1056 227
1050 228
1045 229
1044 230
1040 231
1033 232
1029 233
1024 234
1023 235
1022 236
1017 237
1011 238
1004 239
1005 240
1004 241
1002 242
1000 243
1000 244
994 245
994 246
993 247
995 248
993 249
992 250
992 251
992 252
992 253
993 254
994 255
987 256
988 257
988 258
988 259
991 260
989 261
992 262
997 263
999 264
1008 265
1014 266
1016 267
1013 268
1009 269
1002 270
993 271
987 272
980 273
974 274
967 275
968 276
966 277
963 278
959 279
953 280
945 281
943 282
942 283
944 284
944 285
943 286
942 287
941 288
941 289
949 290
961 291
965 292
964 293
958 294
952 295
953 296
941 297
936 298
926 299
904 300
890 301
871 302
851 303
844 304
838 305
838 306
830 307
821 308
811 309
808 310
799 311
796 312
789 313
785 314
778 315
775 316
771 317
762 318
760 319
757 320
750 321
745 322
741 323
734 324
728 325
725 326
721 327
719 328
711 329
711 330
707 331
703 332
705 333
704 334
698 335
700 336
698 337
697 338
693 339
692 340
683 341
679 342
683 343
669 344
666 345
666 346
668 347
669 348
674 349
662 350
665 351
656 352
662 353
656 354
658 355
662 356
658 357
654 358
661 359
657 360
650 361
649 362
655 363
660 364
658 365
657 366
662 367
658 368
656 369
654 370
655 371
653 372
647 373
642 374
653 375
651 376
647 377
649 378
650 379
644 380
650 381
649 382
646 383
643 384
641 385
642 386
642 387
642 388
643 389
645 390
646 391
643 392
641 393
638 394
636 395
637 396
635 397
636 398
646 399
639 400
638 401
639 402
639 403
638 404
637 405
639 406
640 407
637 408
634 409
637 410
640 411
643 412
637 413
638 414
644 415
644 416
644 417
646 418
646 419
648 420
644 421
643 422
647 423
646 424
648 425
646 426
644 427
652 428
653 429
650 430
650 431
649 432
647 433
649 434
649 435
651 436
649 437
642 438
642 439
647 440
647 441
648 442
650 443
649 444
649 445
649 446
646 447
645 448
650 449
648 450
644 451
643 452
646 453
648 454
651 455
645 456
642 457
643 458
649 459
645 460
647 461
647 462
648 463
644 464
643 465
644 466
643 467
650 468
650 469
646 470
643 471
643 472
640 473
641 474
645 475
643 476
643 477
643 478
645 479
640 480
642 481
644 482
646 483
641 484
639 485
640 486
646 487
645 488
644 489
642 490
641 491
639 492
642 493
643 494
648 495
647 496
640 497
643 498
645 499
642 500
641 501
640 502
644 503
644 504
643 505
642 506
640 507
643 508
644 509
642 510
648 511
641 512
641 513
643 514
645 515
644 516
648 517
646 518
646 519
641 520
641 521
639 522
642 523
643 524
642 525
639 526
638 527
641 528
641 529
644 530
643 531
642 532
642 533
639 534
646 535
646 536
644 537
645 538
640 539
641 540
637 541
640 542
644 543
645 544
646 545
650 546
646 547
640 548
639 549
643 550
649 551
644 552
647 553
646 554
645 555
642 556
643 557
644 558
648 559
639 560
639 561
638 562
640 563
643 564
644 565
639 566
641 567
645 568
642 569
640 570
644 571
645 572
648 573
645 574
643 575
643 576
639 577
640 578
644 579
644 580
647 581
646 582
642 583
642 584
647 585
649 586
642 587
645 588
644 589
642 590
650 591
637 592
646 593
651 594
658 595
653 596
646 597
653 598
654 599
663 600
659 601
661 602
668 603
675 604
675 605
670 606
679 607
688 608
682 609
683 610
679 611
684 612
683 613
684 614
691 615
695 616
687 617
682 618
677 619
692 620
692 621
696 622
700 623
698 624
695 625
699 626
702 627
705 628
705 629
711 630
708 631
694 632
709 633
713 634
711 635
705 636
707 637
712 638
717 639
730 640
736 641
731 642
737 643
747 644
747 645
750 646
759 647
759 648
763 649
779 650
774 651
774 652
773 653
775 654
787 655
787 656
793 657
802 658
789 659
793 660
793 661
791 662
776 663
778 664
772 665
776 666
783 667
782 668
785 669
782 670
769 671
784 672
777 673
773 674
769 675
764 676
770 677
768 678
768 679
764 680
766 681
765 682
757 683
752 684
757 685
754 686
754 687
755 688
763 689
752 690
743 691
734 692
726 693
736 694
737 695
731 696
722 697
717 698
715 699
720 700
716 701
710 702
712 703
716 704
700 705
699 706
710 707
704 708
706 709
703 710
692 711
684 712
700 713
715 714
723 715
720 716
699 717
703 718
708 719
