462 0
460 1
456 2
456 3
455 4
452 5
452 6
449 7
443 8
443 9
443 10
439 11
439 12
437 13
436 14
434 15
432 16
424 17
423 18
422 19
419 20
413 21
411 22
410 23
410 24
407 25
406 26
404 27
401 28
401 29
401 30
400 31
398 32
393 33
389 34
386 35
383 36
381 37
371 38
361 39
346 40
340 41
337 42
335 43
334 44
334 45
331 46
331 47
330 48
330 49
328 50
326 51
324 52
322 53
321 54
316 55
317 56
315 57
304 58
301 59
300 60
297 61
292 62
288 63
287 64
287 65
287 66
283 67
280 68
278 69
267 70
255 71
248 72
242 73
235 74
230 75
227 76
226 77
223 78
219 79
217 80
215 81
211 82
205 83
204 84
201 85
193 86
193 87
191 88
190 89
187 90
181 91
180 92
175 93
170 94
169 95
174 96
173 97
172 98
169 99
161 100
158 101
164 102
159 103
153 104
152 105
149 106
146 107
146 108
142 109
140 110
134 111
131 112
128 113
126 114
123 115
120 116
119 117
115 118
110 119
108 120
107 121
104 122
103 123
99 124
92 125
87 126
95 127
93 128
87 129
74 130
76 131
69 132
75 133
72 134
72 135
69 136
50 137
56 138
57 139
58 140
62 141
56 142
67 143
80 144
67 145
63 146
45 147
51 148
62 149
56 150
67 151
62 152
57 153
61 154
57 155
64 156
72 157
53 158
63 159
114 160
187 161
125 162
60 163
42 164
34 165
21 166
18 167
13 170
128 172
74 173
67 174
231 175
128 176
107 177
111 179
111 180
56 182
20 183
140 184
22 186
240 187
275 188
460 189
310 190
21 191
0 192
0 196
23 197
1279 198
830 199
934 200
1135 201
1243 202
1226 203
1186 204
1175 205
1175 206
1146 207
1134 208
1140 209
1126 210
1110 211
1101 212
1096 213
1087 214
1080 215
1085 216
1073 217
1076 218
1074 219
1078 220
1069 221
1065 222
1068 223
1068 224
1062 225
1056 226
1054 227
1052 228
1045 229
1033 230
1025 231
1022 232
1018 233
1021 234
1015 235
1014 236
1013 237
1008 238
1004 239
997 240
993 241
991 242
985 243
982 244
979 245
978 246
978 247
972 248
975 249
975 250
969 251
969 252
965 253
964 254
966 255
963 256
960 257
959 258
959 259
957 260
959 261
959 262
959 263
960 264
961 265
962 266
963 267
967 268
968 269
971 270
976 271
978 272
987 273
994 274
994 275
991 276
989 277
989 278
987 279
977 280
973 281
967 282
958 283
949 284
939 285
934 286
929 287
927 288
926 289
925 290
926 291
923 292
923 293
924 294
932 295
930 296
929 297
931 298
918 299
906 300
884 301
870 302
861 303
854 304
852 305
853 306
842 307
830 308
818 309
814 310
816 311
800 312
796 313
789 314
785 315
782 316
771 317
763 318
761 319
755 320
750 321
748 322
744 323
733 324
727 325
719 326
723 327
712 328
710 329
709 330
709 331
705 332
700 333
701 334
702 335
697 336
692 337
689 338
692 339
690 340
686 341
685 342
689 343
687 344
677 345
676 346
684 347
679 348
668 349
667 350
676 351
670 352
661 353
662 354
661 355
660 356
666 357
666 358
669 359
664 360
662 361
665 362
666 363
661 364
660 365
659 366
660 367
658 368
661 369
664 370
660 371
655 372
657 373
656 374
649 375
654 376
658 377
653 378
645 379
645 380
651 381
648 382
648 383
650 384
650 385
651 386
649 387
652 388
653 389
648 390
650 391
649 392
646 393
641 394
641 395
640 396
643 397
644 398
644 399
644 400
645 401
645 402
644 403
646 404
647 405
646 406
649 407
642 408
644 409
645 410
644 411
647 412
645 413
646 414
646 415
647 416
649 417
647 418
645 419
644 420
644 421
647 422
654 423
650 424
650 425
649 426
646 427
651 428
652 429
649 430
648 431
647 432
650 433
649 434
647 435
645 436
651 437
653 438
654 439
650 440
650 441
649 442
649 443
652 444
650 445
653 446
648 447
651 448
649 449
648 450
648 451
644 452
645 453
643 454
645 455
648 456
644 457
640 458
643 459
644 460
647 461
645 462
642 463
641 464
646 465
648 466
648 467
647 468
645 469
647 470
647 471
645 472
644 473
643 474
645 475
644 476
644 477
643 478
644 479
642 480
644 481
646 482
646 483
645 484
643 485
643 486
648 487
649 488
643 489
641 490
641 491
641 492
643 493
639 494
640 495
644 496
648 497
646 498
646 499
645 500
641 501
639 502
640 503
639 504
638 505
641 506
642 507
641 508
643 509
642 510
643 511
643 512
638 513
644 514
644 515
647 516
643 517
641 518
643 519
639 520
641 521
640 522
644 523
646 524
643 525
645 526
643 527
642 528
641 529
641 530
645 531
647 532
638 533
639 534
639 535
645 536
643 537
641 538
644 539
646 540
645 541
642 542
640 543
643 544
644 545
646 546
643 547
637 548
640 549
645 550
645 551
647 552
647 553
646 554
643 555
638 556
640 557
645 558
651 559
654 560
637 561
640 562
643 563
643 564
641 565
642 566
638 567
640 568
640 569
641 570
639 571
646 572
649 573
646 574
642 575
642 576
639 577
641 578
647 579
647 580
644 581
645 582
653 583
645 584
641 585
645 586
651 587
650 588
645 589
642 590
646 591
653 592
650 593
652 594
657 595
651 596
645 597
651 598
661 599
666 600
665 601
669 602
664 603
666 604
663 605
674 606
681 607
687 608
685 609
686 610
679 611
680 612
691 613
693 614
698 615
693 616
700 617
697 618
689 619
695 620
703 621
708 622
697 623
698 624
700 625
703 626
704 627
708 628
708 629
705 630
698 631
703 632
699 633
694 634
704 635
713 636
721 637
729 638
730 639
735 640
747 641
752 642
755 643
749 644
751 645
760 646
762 647
759 648
758 649
769 650
775 651
784 652
797 653
798 654
794 655
796 656
788 657
793 658
797 659
791 660
781 661
778 662
791 663
794 664
791 665
801 666
803 667
785 668
777 669
788 670
778 671
790 672
789 673
785 674
774 675
777 676
776 677
783 678
779 679
766 680
759 681
750 682
756 683
764 684
768 685
766 686
752 687
754 688
752 689
755 690
739 691
748 692
748 693
738 694
726 695
733 696
734 697
732 698
728 699
726 700
730 701
734 702
734 703
726 704
720 705
721 706
705 707
692 708
705 709
719 710
708 711
689 712
698 713
710 714
715 715
724 716
712 717
706 718
716 719
