461 0
460 1
458 2
455 3
453 4
452 5
450 6
447 7
443 8
443 9
440 10
441 11
439 12
437 13
434 14
431 15
430 16
426 17
423 18
422 19
419 20
415 21
412 22
410 23
409 24
407 25
406 26
403 27
402 28
400 29
400 30
399 31
398 32
394 33
393 34
388 35
383 36
381 37
375 38
365 39
345 40
341 41
338 42
336 43
333 44
333 45
333 46
331 47
331 48
330 49
327 50
328 51
327 52
326 53
321 54
316 55
316 56
315 57
300 58
300 59
301 60
297 61
292 62
289 63
288 64
288 65
287 66
282 67
280 68
277 69
266 70
253 71
244 72
243 73
238 74
230 75
227 76
226 77
222 78
219 79
217 80
214 81
211 82
206 83
203 84
203 85
198 86
198 87
196 88
190 89
185 90
179 91
174 92
176 93
175 94
172 95
176 96
174 97
172 98
171 99
169 100
165 101
159 102
162 103
163 104
151 105
148 106
146 107
142 108
141 109
138 110
135 111
135 112
131 113
126 114
124 115
121 116
119 117
114 118
111 119
109 120
105 121
103 122
99 123
96 124
97 125
97 126
94 127
93 128
87 129
79 130
85 131
77 132
75 133
71 134
83 135
61 136
62 137
69 138
68 139
45 140
58 141
54 142
64 143
76 144
68 145
62 146
49 147
50 148
71 149
78 150
78 151
69 152
66 153
58 154
68 155
68 156
63 157
63 158
232 159
93 160
86 161
48 162
51 163
54 164
50 165
99 166
144 167
141 168
213 171
24 173
24 174
6 175
7 176
119 177
224 178
3 179
39 181
39 182
8 183
29 184
232 185
270 186
161 187
28 188
408 189
449 190
42 192
20 195
16 196
1277 199
877 200
1266 201
1263 202
1218 203
1195 204
1165 205
1140 206
1130 207
1134 208
1134 209
1097 210
1098 211
1097 212
1092 213
1091 214
1092 215
1081 216
1078 217
1077 218
1079 219
1080 220
1069 221
1067 222
1066 223
1064 224
1063 225
1053 226
1041 227
1041 228
1043 229
1035 230
1023 231
1022 232
1014 233
1015 234
1013 235
1012 236
1006 237
1000 238
995 239
996 240
991 241
986 242
985 243
981 244
978 245
976 246
975 247
975 248
973 249
970 250
966 251
963 252
964 253
961 254
961 255
959 256
957 257
955 258
956 259
958 260
957 261
961 262
956 263
958 264
962 265
965 266
964 267
962 268
965 269
969 270
974 271
984 272
989 273
988 274
984 275
982 276
978 277
975 278
974 279
971 280
970 281
961 282
946 283
944 284
936 285
927 286
925 287
926 288
921 289
921 290
924 291
927 292
934 293
939 294
941 295
937 296
935 297
934 298
925 299
918 300
907 301
885 302
866 303
861 304
855 305
853 306
847 307
834 308
823 309
814 310
808 311
806 312
795 313
792 314
785 315
771 316
768 317
768 318
763 319
758 320
753 321
750 322
742 323
736 324
727 325
725 326
720 327
725 328
712 329
708 330
706 331
708 332
707 333
707 334
701 335
700 336
698 337
687 338
689 339
690 340
680 341
683 342
674 343
681 344
685 345
681 346
676 347
676 348
675 349
673 350
674 351
674 352
670 353
671 354
673 355
671 356
667 357
663 358
666 359
663 360
656 361
660 362
669 363
662 364
662 365
662 366
665 367
660 368
651 369
655 370
661 371
655 372
656 373
656 374
657 375
656 376
656 377
656 378
650 379
651 380
647 381
653 382
657 383
663 384
660 385
658 386
654 387
651 388
649 389
648 390
651 391
650 392
648 393
647 394
647 395
643 396
643 397
641 398
649 399
649 400
647 401
648 402
647 403
651 404
645 405
643 406
650 407
646 408
648 409
646 410
646 411
652 412
650 413
644 414
653 415
649 416
649 417
650 418
651 419
649 420
647 421
649 422
647 423
649 424
648 425
655 426
656 427
651 428
649 429
650 430
649 431
654 432
645 433
645 434
646 435
659 436
654 437
648 438
650 439
649 440
643 441
645 442
645 443
643 444
648 445
651 446
648 447
646 448
647 449
649 450
654 451
654 452
655 453
651 454
652 455
647 456
647 457
645 458
646 459
651 460
650 461
647 462
644 463
646 464
643 465
643 466
646 467
651 468
646 469
645 470
650 471
648 472
643 473
645 474
648 475
643 476
640 477
639 478
645 479
644 480
644 481
645 482
644 483
645 484
644 485
643 486
642 487
644 488
643 489
645 490
647 491
641 492
641 493
642 494
642 495
644 496
642 497
643 498
643 499
643 500
643 501
644 502
646 503
643 504
640 505
641 506
642 507
641 508
640 509
642 510
645 511
638 512
639 513
639 514
641 515
641 516
641 517
639 518
643 519
641 520
639 521
640 522
645 523
646 524
649 525
645 526
644 527
645 528
638 529
645 530
644 531
642 532
643 533
643 534
646 535
644 536
645 537
643 538
641 539
642 540
644 541
643 542
641 543
638 544
638 545
638 546
644 547
644 548
640 549
638 550
639 551
644 552
645 553
645 554
642 555
642 556
641 557
641 558
642 559
645 560
649 561
649 562
644 563
644 564
647 565
645 566
650 567
650 568
641 569
639 570
642 571
643 572
643 573
641 574
649 575
649 576
644 577
645 578
640 579
639 580
642 581
641 582
650 583
648 584
652 585
656 586
663 587
652 588
652 589
655 590
655 591
654 592
657 593
658 594
654 595
649 596
652 597
653 598
653 599
647 600
654 601
662 602
667 603
673 604
679 605
673 606
673 607
678 608
680 609
676 610
676 611
679 612
680 613
689 614
689 615
691 616
688 617
683 618
688 619
693 620
698 621
692 622
691 623
691 624
697 625
699 626
705 627
709 628
713 629
713 630
708 631
705 632
706 633
700 634
696 635
714 636
726 637
725 638
725 639
740 640
751 641
755 642
752 643
745 644
746 645
756 646
763 647
764 648
770 649
766 650
771 651
772 652
774 653
786 654
786 655
795 656
797 657
787 658
789 659
788 660
791 661
805 662
785 663
791 664
798 665
796 666
788 667
787 668
788 669
788 670
772 671
773 672
763 673
768 674
782 675
785 676
777 677
779 678
773 679
775 680
770 681
764 682
767 683
765 684
761 685
765 686
757 687
759 688
761 689
756 690
740 691
745 692
748 693
746 694
746 695
736 696
741 697
741 698
732 699
726 700
715 701
721 702
726 703
733 704
726 705
723 706
707 707
706 708
705 709
719 710
711 711
710 712
706 713
706 714
708 715
699 716
703 717
711 718
707 719
