639 0
639 1
639 2
639 3
639 4
639 5
639 6
639 7
639 8
639 9
639 10
639 11
639 12
639 13
639 14
639 15
639 16
639 17
639 18
639 19
639 20
639 21
639 22
639 23
639 24
639 25
639 26
639 27
639 28
639 29
639 30
639 31
639 32
639 33
639 34
639 35
639 36
639 37
639 38
639 39
639 40
639 41
639 42
639 43
639 44
639 45
639 46
639 47
639 48
639 49
639 50
639 51
639 52
639 53
639 54
639 55
639 56
639 57
639 58
639 59
639 60
639 61
639 62
639 63
639 64
639 65
639 66
639 67
639 68
639 69
639 70
639 71
639 72
639 73
639 74
639 75
639 76
639 77
639 78
639 79
639 80
639 81
639 82
639 83
639 84
639 85
639 86
639 87
639 88
639 89
639 90
639 91
639 92
639 93
642 94
643 95
645 96
653 97
656 98
661 99
671 100
672 101
672 102
676 103
681 104
684 105
697 106
705 107
707 108
706 109
712 110
719 111
722 112
727 113
735 114
735 115
740 116
740 117
746 118
749 119
751 120
757 121
759 122
769 123
770 124
773 125
773 126
783 127
790 128
792 129
793 130
803 131
813 132
817 133
814 134
822 135
834 136
844 137
865 138
870 139
872 140
876 141
877 142
878 143
875 144
881 145
885 146
888 147
891 148
893 149
896 150
898 151
900 152
902 153
907 154
909 155
910 156
913 157
914 158
914 159
917 160
920 161
923 162
928 163
934 164
937 165
939 166
941 167
946 168
946 169
948 170
949 171
950 172
954 173
954 174
959 175
965 176
975 177
993 178
1001 179
1011 180
1011 181
1011 182
1012 183
1013 184
1016 185
1019 186
1018 187
1018 188
1022 189
1026 190
1028 191
1026 192
1036 193
1047 194
1054 195
1057 196
1057 197
1061 198
1072 199
1080 200
1104 201
1108 202
1109 203
1113 204
1120 205
1124 206
1128 207
1129 208
1136 209
1142 210
1152 211
1154 212
1153 213
1155 214
1161 215
1173 216
1176 217
1176 218
1176 219
1175 220
1175 221
1177 222
1187 223
1188 224
1188 225
1191 226
1194 227
1198 228
1199 229
1204 230
1210 231
1210 232
1214 233
1215 234
1219 235
1227 236
1234 237
1232 238
1239 239
1244 240
1241 241
1237 242
1255 243
1238 244
1217 245
1228 246
1220 247
1061 248
897 249
1151 250
1195 251
1106 252
1063 253
1181 255
951 256
1231 259
1042 261
1042 262
1086 263
1169 264
1256 265
1223 266
1091 267
986 271
965 274
974 275
1016 279
1256 285
1033 293
1093 294
1096 295
1099 296
1107 302
1016 303
739 305
445 306
5 307
67 308
94 309
68 310
91 311
62 312
47 313
33 314
51 315
51 316
41 317
43 318
45 319
48 320
50 321
53 322
54 323
57 324
57 325
59 326
61 327
60 328
62 329
66 330
74 331
82 332
85 333
86 334
83 335
79 336
84 337
87 338
100 339
93 340
112 341
168 342
178 343
184 344
191 345
194 346
199 347
201 348
205 349
208 350
210 351
212 352
216 353
214 354
216 355
219 356
220 357
222 358
223 359
225 360
230 361
234 362
239 363
247 364
253 365
259 366
264 367
257 368
261 369
262 370
262 371
264 372
268 373
272 374
276 375
276 376
283 377
284 378
285 379
287 380
289 381
289 382
291 383
294 384
296 385
298 386
301 387
301 388
303 389
306 390
307 391
309 392
311 393
312 394
316 395
317 396
323 397
324 398
327 399
326 400
332 401
336 402
336 403
342 404
341 405
344 406
349 407
348 408
346 409
342 410
342 411
342 412
341 413
344 414
350 415
344 416
351 417
350 418
350 419
353 420
360 421
369 422
367 423
369 424
375 425
381 426
383 427
391 428
396 429
391 430
390 431
390 432
399 433
401 434
410 435
413 436
413 437
421 438
436 439
449 440
455 441
472 442
476 443
477 444
490 445
495 446
491 447
496 448
501 449
504 450
499 451
505 452
507 453
504 454
533 455
527 456
533 457
539 458
532 459
543 460
543 461
545 462
540 463
544 464
538 465
531 466
537 467
536 468
528 469
539 470
547 471
530 472
534 473
539 474
526 475
516 476
507 477
503 478
496 479
489 480
501 481
497 482
498 483
512 484
511 485
514 486
513 487
531 488
553 489
560 490
561 491
561 492
564 493
563 494
560 495
561 496
563 497
569 498
574 499
573 500
574 501
582 502
580 503
581 504
585 505
589 506
590 507
585 508
580 509
585 510
585 511
586 512
582 513
584 514
585 515
583 516
577 517
581 518
580 519
588 520
589 521
590 522
588 523
590 524
592 525
592 526
596 527
596 528
598 529
597 530
598 531
600 532
603 533
603 534
602 535
603 536
601 537
601 538
601 539
601 540
600 541
600 542
598 543
600 544
600 545
600 546
599 547
601 548
602 549
600 550
600 551
598 552
599 553
600 554
602 555
600 556
600 557
600 558
601 559
599 560
599 561
599 562
600 563
600 564
599 565
598 566
597 567
598 568
599 569
598 570
600 571
601 572
601 573
601 574
602 575
602 576
602 577
599 578
601 579
602 580
602 581
601 582
600 583
601 584
601 585
600 586
601 587
600 588
601 589
600 590
601 591
604 592
602 593
600 594
601 595
602 596
603 597
604 598
605 599
609 600
611 601
613 602
617 603
618 604
620 605
622 606
620 607
621 608
625 609
625 610
627 611
626 612
628 613
632 614
631 615
633 616
634 617
633 618
632 619
633 620
634 621
633 622
633 623
635 624
633 625
634 626
634 627
635 628
632 629
631 630
629 631
629 632
630 633
629 634
628 635
626 636
628 637
631 638
628 639
628 640
628 641
626 642
627 643
627 644
626 645
628 646
628 647
627 648
628 649
623 650
624 651
624 652
626 653
622 654
621 655
626 656
625 657
623 658
622 659
621 660
618 661
619 662
623 663
626 664
623 665
624 666
620 667
618 668
620 669
620 670
615 671
618 672
625 673
625 674
622 675
619 676
621 677
617 678
611 679
618 680
622 681
619 682
615 683
613 684
616 685
618 686
599 687
604 688
608 689
613 690
611 691
602 692
604 693
614 694
612 695
611 696
607 697
597 698
599 699
596 700
603 701
605 702
598 703
587 704
591 705
593 706
592 707
590 708
593 709
600 710
594 711
589 712
584 713
580 714
575 715
577 716
583 717
580 718
585 719
