477 0
475 1
472 2
469 3
465 4
463 5
464 6
462 7
461 8
459 9
455 10
451 11
449 12
446 13
445 14
446 15
443 16
439 17
436 18
433 19
431 20
430 21
428 22
426 23
426 24
423 25
422 26
422 27
421 28
422 29
420 30
416 31
410 32
406 33
403 34
397 35
395 36
383 37
371 38
366 39
358 40
357 41
357 42
357 43
355 44
353 45
353 46
352 47
349 48
346 49
345 50
347 51
346 52
342 53
339 54
337 55
330 56
319 57
322 58
322 59
321 60
312 61
311 62
309 63
309 64
309 65
306 66
301 67
301 68
296 69
290 70
280 71
271 72
265 73
260 74
258 75
251 76
249 77
247 78
241 79
241 80
237 81
237 82
238 83
234 84
229 85
226 86
227 87
217 88
215 89
215 90
214 91
210 92
201 93
199 94
196 95
194 96
191 97
193 98
191 99
190 100
188 101
182 102
179 103
180 104
177 105
176 106
173 107
171 108
169 109
165 110
167 111
160 112
158 113
156 114
153 115
150 116
146 117
145 118
143 119
146 120
139 121
138 122
138 123
133 124
131 125
127 126
127 127
118 128
113 129
105 130
99 131
88 132
86 133
86 134
89 135
82 136
75 137
71 138
68 139
68 140
66 141
74 142
90 143
67 144
74 145
79 146
70 147
55 148
61 149
64 150
61 151
62 152
36 153
30 154
34 155
48 156
54 157
36 158
40 159
44 160
24 161
19 162
50 163
62 164
47 165
38 166
28 167
202 168
106 169
86 170
282 171
129 172
183 173
326 174
189 175
205 176
245 177
119 178
91 179
3 180
12 181
2 182
37 183
0 184
56 188
150 189
417 191
54 192
70 193
663 198
754 199
1080 200
1146 201
1180 202
1185 203
1145 204
1124 205
1137 206
1122 207
1113 208
1120 209
1098 210
1093 211
1103 212
1102 213
1083 214
1080 215
1092 216
1088 217
1088 218
1084 219
1085 220
1078 221
1073 222
1070 223
1067 224
1060 225
1053 226
1054 227
1051 228
1048 229
1043 230
1035 231
1029 232
1025 233
1025 234
1018 235
1015 236
1017 237
1015 238
1009 239
1009 240
1005 241
1002 242
1003 243
1002 244
999 245
996 246
994 247
992 248
990 249
990 250
991 251
992 252
989 253
985 254
985 255
982 256
980 257
982 258
983 259
982 260
982 261
989 262
991 263
998 264
1007 265
1013 266
1016 267
1019 268
1024 269
1025 270
1023 271
1025 272
1033 273
1018 274
996 275
987 276
984 277
967 278
958 279
953 280
948 281
945 282
945 283
944 284
942 285
942 286
942 287
942 288
941 289
942 290
942 291
945 292
950 293
960 294
969 295
964 296
962 297
953 298
939 299
934 300
924 301
903 302
888 303
879 304
879 305
874 306
870 307
855 308
846 309
834 310
826 311
818 312
809 313
804 314
797 315
790 316
783 317
782 318
779 319
773 320
766 321
765 322
759 323
754 324
751 325
747 326
746 327
742 328
736 329
734 330
730 331
727 332
723 333
727 334
724 335
721 336
711 337
707 338
707 339
707 340
705 341
704 342
698 343
691 344
689 345
692 346
688 347
689 348
689 349
684 350
686 351
681 352
680 353
683 354
679 355
677 356
676 357
676 358
674 359
674 360
672 361
674 362
679 363
678 364
679 365
677 366
670 367
666 368
668 369
673 370
671 371
660 372
662 373
668 374
666 375
663 376
668 377
675 378
671 379
666 380
662 381
660 382
662 383
664 384
660 385
661 386
664 387
664 388
661 389
656 390
656 391
658 392
655 393
652 394
652 395
657 396
656 397
661 398
657 399
656 400
652 401
648 402
651 403
653 404
654 405
653 406
654 407
660 408
653 409
661 410
664 411
661 412
660 413
664 414
663 415
656 416
659 417
660 418
661 419
668 420
662 421
661 422
664 423
664 424
670 425
673 426
668 427
666 428
669 429
670 430
672 431
668 432
667 433
666 434
667 435
674 436
673 437
671 438
669 439
669 440
666 441
668 442
669 443
674 444
671 445
670 446
669 447
662 448
662 449
665 450
669 451
668 452
665 453
662 454
666 455
664 456
665 457
666 458
663 459
664 460
666 461
663 462
664 463
664 464
664 465
663 466
661 467
659 468
658 469
660 470
660 471
658 472
658 473
658 474
659 475
661 476
658 477
652 478
651 479
653 480
652 481
654 482
653 483
653 484
650 485
649 486
650 487
650 488
650 489
650 490
650 491
647 492
649 493
648 494
648 495
649 496
648 497
650 498
647 499
645 500
648 501
648 502
645 503
647 504
645 505
644 506
643 507
643 508
642 509
643 510
647 511
647 512
644 513
642 514
643 515
642 516
642 517
640 518
641 519
640 520
639 521
638 522
642 523
645 524
640 525
638 526
638 527
640 528
643 529
639 530
637 531
639 532
642 533
642 534
641 535
645 536
645 537
642 538
647 539
645 540
643 541
646 542
650 543
650 544
648 545
651 546
649 547
650 548
649 549
650 550
652 551
653 552
650 553
652 554
658 555
659 556
656 557
653 558
655 559
658 560
654 561
654 562
660 563
664 564
665 565
664 566
662 567
658 568
658 569
659 570
669 571
674 572
664 573
663 574
669 575
665 576
664 577
669 578
674 579
670 580
664 581
658 582
657 583
669 584
668 585
676 586
677 587
672 588
668 589
671 590
674 591
674 592
676 593
680 594
678 595
683 596
682 597
676 598
687 599
691 600
689 601
687 602
699 603
697 604
695 605
691 606
691 607
696 608
692 609
692 610
713 611
716 612
706 613
696 614
696 615
707 616
710 617
709 618
706 619
707 620
707 621
707 622
708 623
717 624
722 625
721 626
729 627
716 628
718 629
724 630
725 631
718 632
733 633
732 634
736 635
746 636
747 637
751 638
759 639
775 640
775 641
776 642
788 643
789 644
779 645
779 646
786 647
790 648
804 649
806 650
806 651
812 652
815 653
826 654
816 655
813 656
805 657
806 658
808 659
798 660
795 661
802 662
792 663
788 664
794 665
801 666
799 667
799 668
791 669
791 670
784 671
793 672
789 673
788 674
785 675
791 676
792 677
779 678
774 679
782 680
782 681
778 682
775 683
761 684
760 685
765 686
756 687
758 688
737 689
725 690
721 691
713 692
711 693
716 694
706 695
695 696
682 697
674 698
679 699
676 700
678 701
667 702
657 703
659 704
663 705
656 706
656 707
663 708
673 709
675 710
671 711
667 712
663 713
663 714
664 715
646 716
659 717
670 718
673 719
