460 0
460 1
456 2
455 3
454 4
452 5
449 6
447 7
447 8
443 9
441 10
441 11
439 12
436 13
437 14
434 15
431 16
425 17
423 18
422 19
418 20
416 21
415 22
410 23
409 24
408 25
406 26
402 27
401 28
400 29
400 30
401 31
398 32
397 33
394 34
388 35
384 36
379 37
372 38
361 39
346 40
342 41
339 42
335 43
333 44
333 45
333 46
332 47
331 48
328 49
325 50
324 51
325 52
325 53
321 54
319 55
317 56
316 57
303 58
300 59
300 60
299 61
292 62
289 63
287 64
287 65
288 66
283 67
280 68
276 69
266 70
254 71
247 72
243 73
240 74
236 75
226 76
224 77
222 78
223 79
215 80
215 81
213 82
206 83
202 84
208 85
207 86
196 87
193 88
190 89
188 90
177 91
177 92
173 93
170 94
174 95
174 96
170 97
168 98
168 99
164 100
158 101
158 102
156 103
153 104
153 105
148 106
146 107
142 108
141 109
138 110
135 111
137 112
130 113
128 114
127 115
122 116
117 117
114 118
112 119
112 120
106 121
105 122
101 123
96 124
91 125
93 126
95 127
92 128
87 129
77 130
78 131
72 132
81 133
86 134
81 135
82 136
82 137
58 138
52 139
53 140
53 141
54 142
69 143
62 144
55 145
58 146
47 147
52 148
70 149
69 150
73 151
74 152
54 153
47 154
66 155
53 156
53 157
53 158
55 159
456 160
50 161
50 162
51 163
51 164
24 167
24 168
79 169
109 170
31 171
18 173
20 174
456 176
287 177
224 178
126 183
456 186
242 187
171 188
467 189
18 191
463 192
48 194
1140 199
1221 200
1269 201
1262 202
1239 203
1190 204
1175 205
1168 206
1132 207
1145 208
1140 209
1127 210
1105 211
1104 212
1096 213
1091 214
1084 215
1082 216
1078 217
1068 218
1075 219
1077 220
1075 221
1066 222
1068 223
1064 224
1061 225
1055 226
1045 227
1038 228
1035 229
1039 230
1037 231
1026 232
1018 233
1012 234
1016 235
1010 236
1011 237
1010 238
1000 239
994 240
995 241
992 242
985 243
986 244
986 245
980 246
975 247
973 248
972 249
973 250
971 251
969 252
971 253
966 254
969 255
964 256
960 257
958 258
958 259
956 260
959 261
960 262
960 263
961 264
961 265
960 266
962 267
967 268
971 269
974 270
977 271
975 272
991 273
998 274
996 275
990 276
991 277
989 278
988 279
979 280
978 281
970 282
957 283
945 284
941 285
928 286
929 287
926 288
923 289
923 290
926 291
925 292
924 293
929 294
930 295
929 296
934 297
928 298
918 299
906 300
885 301
871 302
869 303
859 304
856 305
851 306
839 307
829 308
822 309
815 310
819 311
804 312
796 313
790 314
782 315
779 316
770 317
759 318
763 319
763 320
754 321
743 322
739 323
736 324
729 325
719 326
722 327
722 328
714 329
718 330
714 331
705 332
702 333
703 334
703 335
696 336
691 337
694 338
698 339
692 340
684 341
686 342
690 343
680 344
684 345
678 346
681 347
677 348
678 349
678 350
670 351
666 352
658 353
663 354
667 355
659 356
657 357
663 358
665 359
660 360
660 361
662 362
664 363
665 364
664 365
664 366
658 367
657 368
662 369
664 370
662 371
653 372
654 373
656 374
659 375
654 376
657 377
655 378
653 379
651 380
652 381
653 382
659 383
656 384
643 385
646 386
653 387
646 388
646 389
650 390
648 391
649 392
644 393
643 394
645 395
642 396
641 397
641 398
645 399
642 400
643 401
645 402
644 403
648 404
646 405
649 406
648 407
644 408
645 409
652 410
655 411
645 412
648 413
651 414
645 415
645 416
648 417
653 418
648 419
647 420
644 421
642 422
647 423
643 424
648 425
648 426
643 427
642 428
651 429
649 430
653 431
654 432
651 433
650 434
647 435
647 436
651 437
650 438
647 439
645 440
653 441
651 442
645 443
644 444
644 445
645 446
652 447
652 448
642 449
642 450
646 451
647 452
649 453
658 454
651 455
648 456
641 457
641 458
645 459
647 460
648 461
652 462
653 463
648 464
646 465
642 466
642 467
647 468
646 469
643 470
642 471
644 472
644 473
645 474
643 475
644 476
643 477
643 478
644 479
641 480
641 481
644 482
645 483
643 484
640 485
639 486
641 487
645 488
646 489
645 490
641 491
641 492
644 493
641 494
641 495
643 496
640 497
642 498
642 499
642 500
644 501
645 502
643 503
642 504
641 505
641 506
641 507
644 508
645 509
644 510
647 511
644 512
642 513
642 514
643 515
641 516
642 517
641 518
640 519
642 520
641 521
638 522
640 523
641 524
643 525
640 526
641 527
642 528
644 529
646 530
646 531
641 532
643 533
644 534
647 535
644 536
642 537
640 538
646 539
641 540
637 541
638 542
643 543
644 544
648 545
650 546
645 547
639 548
642 549
646 550
645 551
647 552
639 553
639 554
640 555
639 556
642 557
649 558
651 559
650 560
646 561
644 562
645 563
643 564
646 565
647 566
646 567
642 568
641 569
641 570
642 571
643 572
640 573
640 574
645 575
643 576
639 577
637 578
643 579
651 580
641 581
638 582
650 583
642 584
646 585
646 586
637 587
640 588
650 589
653 590
651 591
652 592
654 593
655 594
653 595
655 596
656 597
658 598
658 599
661 600
660 601
658 602
659 603
659 604
660 605
674 606
681 607
676 608
674 609
665 610
672 611
677 612
685 613
687 614
689 615
691 616
687 617
685 618
685 619
681 620
688 621
694 622
699 623
696 624
700 625
702 626
713 627
697 628
705 629
702 630
701 631
696 632
703 633
710 634
712 635
713 636
718 637
726 638
728 639
726 640
731 641
742 642
759 643
765 644
754 645
754 646
754 647
755 648
773 649
785 650
775 651
785 652
783 653
787 654
798 655
803 656
808 657
806 658
795 659
790 660
796 661
788 662
795 663
787 664
785 665
783 666
777 667
785 668
790 669
786 670
785 671
782 672
773 673
770 674
776 675
774 676
774 677
775 678
770 679
766 680
763 681
759 682
770 683
765 684
764 685
765 686
770 687
753 688
742 689
752 690
759 691
750 692
743 693
743 694
721 695
732 696
724 697
736 698
734 699
723 700
728 701
729 702
726 703
719 704
720 705
707 706
710 707
705 708
710 709
698 710
687 711
699 712
720 713
727 714
715 715
723 716
729 717
711 718
709 719
