462 0
460 1
458 2
455 3
453 4
451 5
450 6
448 7
446 8
442 9
440 10
439 11
439 12
438 13
436 14
430 15
427 16
424 17
423 18
421 19
419 20
415 21
411 22
411 23
409 24
408 25
406 26
403 27
400 28
401 29
400 30
401 31
399 32
396 33
392 34
386 35
384 36
380 37
371 38
366 39
347 40
342 41
337 42
335 43
335 44
334 45
334 46
332 47
331 48
332 49
330 50
326 51
325 52
326 53
322 54
321 55
318 56
316 57
301 58
300 59
300 60
299 61
293 62
289 63
288 64
288 65
288 66
281 67
281 68
280 69
266 70
258 71
248 72
241 73
238 74
236 75
228 76
226 77
222 78
219 79
215 80
214 81
213 82
205 83
206 84
204 85
200 86
194 87
197 88
194 89
188 90
179 91
173 92
175 93
170 94
175 95
172 96
172 97
171 98
175 99
168 100
163 101
159 102
160 103
156 104
155 105
155 106
148 107
147 108
142 109
141 110
136 111
135 112
133 113
129 114
124 115
119 116
118 117
114 118
113 119
112 120
109 121
106 122
101 123
100 124
96 125
101 126
97 127
85 128
84 129
88 130
84 131
79 132
85 133
87 134
80 135
82 136
69 137
82 138
82 139
70 140
53 141
49 142
70 143
60 144
46 145
49 146
52 147
56 148
66 149
48 150
73 151
58 152
61 153
61 154
59 155
66 156
69 157
63 158
63 159
49 160
303 161
158 162
456 163
40 164
54 166
45 167
36 168
36 169
56 170
40 171
223 172
84 173
120 176
120 178
42 183
16 184
21 185
0 186
472 188
184 189
283 190
231 191
99 192
3 193
3 194
5 196
185 197
1278 199
1275 200
1240 201
1128 202
1190 203
1188 204
1171 205
1161 206
1130 207
1115 208
1139 209
1136 210
1104 211
1099 212
1089 213
1082 214
1083 215
1073 216
1072 217
1072 218
1077 219
1070 220
1070 221
1069 222
1074 223
1075 224
1059 225
1060 226
1054 227
1052 228
1044 229
1039 230
1035 231
1026 232
1029 233
1022 234
1019 235
1013 236
1015 237
1012 238
997 239
989 240
989 241
990 242
986 243
986 244
987 245
986 246
978 247
974 248
976 249
971 250
967 251
969 252
965 253
960 254
965 255
964 256
958 257
957 258
957 259
957 260
958 261
961 262
959 263
960 264
960 265
960 266
964 267
963 268
964 269
969 270
971 271
977 272
985 273
992 274
989 275
988 276
987 277
989 278
982 279
977 280
978 281
966 282
953 283
950 284
948 285
933 286
930 287
928 288
926 289
925 290
924 291
925 292
926 293
924 294
932 295
934 296
930 297
923 298
916 299
907 300
887 301
868 302
864 303
861 304
853 305
860 306
844 307
834 308
824 309
816 310
816 311
804 312
796 313
792 314
784 315
777 316
770 317
765 318
754 319
755 320
752 321
750 322
743 323
736 324
724 325
718 326
717 327
717 328
715 329
712 330
707 331
702 332
703 333
700 334
698 335
700 336
691 337
690 338
689 339
683 340
678 341
684 342
688 343
682 344
675 345
680 346
678 347
683 348
678 349
677 350
674 351
670 352
666 353
663 354
669 355
671 356
675 357
674 358
658 359
663 360
667 361
671 362
667 363
655 364
650 365
656 366
658 367
658 368
659 369
662 370
659 371
660 372
654 373
656 374
659 375
662 376
659 377
657 378
650 379
651 380
649 381
644 382
649 383
648 384
648 385
651 386
650 387
650 388
648 389
651 390
661 391
655 392
647 393
644 394
640 395
637 396
639 397
642 398
645 399
643 400
642 401
643 402
644 403
644 404
646 405
644 406
649 407
646 408
647 409
650 410
650 411
651 412
652 413
646 414
648 415
648 416
646 417
644 418
647 419
647 420
649 421
644 422
643 423
646 424
652 425
653 426
650 427
654 428
649 429
646 430
650 431
658 432
653 433
653 434
652 435
648 436
647 437
645 438
646 439
649 440
655 441
653 442
645 443
646 444
649 445
654 446
652 447
650 448
650 449
655 450
651 451
643 452
644 453
645 454
648 455
649 456
648 457
648 458
648 459
650 460
649 461
646 462
646 463
646 464
645 465
648 466
648 467
645 468
644 469
640 470
641 471
642 472
647 473
651 474
645 475
645 476
642 477
643 478
645 479
646 480
643 481
641 482
641 483
641 484
642 485
644 486
646 487
645 488
643 489
641 490
641 491
643 492
643 493
642 494
644 495
643 496
641 497
639 498
642 499
645 500
647 501
644 502
644 503
645 504
640 505
640 506
643 507
644 508
642 509
644 510
645 511
641 512
639 513
645 514
645 515
645 516
644 517
643 518
646 519
646 520
643 521
645 522
646 523
644 524
649 525
644 526
642 527
643 528
641 529
642 530
645 531
646 532
640 533
639 534
640 535
643 536
640 537
644 538
641 539
638 540
637 541
638 542
641 543
643 544
640 545
641 546
640 547
645 548
643 549
639 550
639 551
644 552
645 553
645 554
643 555
649 556
644 557
644 558
652 559
646 560
638 561
638 562
643 563
648 564
646 565
645 566
644 567
650 568
647 569
649 570
648 571
645 572
642 573
645 574
648 575
639 576
640 577
639 578
643 579
642 580
642 581
641 582
643 583
647 584
648 585
650 586
658 587
654 588
648 589
649 590
646 591
658 592
660 593
661 594
662 595
661 596
655 597
655 598
662 599
665 600
668 601
666 602
663 603
664 604
671 605
673 606
668 607
681 608
677 609
686 610
682 611
671 612
676 613
690 614
687 615
705 616
696 617
695 618
694 619
684 620
686 621
692 622
691 623
696 624
696 625
692 626
694 627
701 628
701 629
703 630
701 631
701 632
704 633
698 634
699 635
703 636
703 637
718 638
725 639
726 640
730 641
738 642
754 643
750 644
753 645
751 646
756 647
759 648
763 649
774 650
777 651
772 652
782 653
785 654
783 655
807 656
797 657
793 658
791 659
793 660
792 661
789 662
793 663
788 664
784 665
787 666
784 667
784 668
785 669
792 670
789 671
782 672
778 673
773 674
777 675
777 676
768 677
767 678
773 679
770 680
768 681
765 682
758 683
753 684
754 685
760 686
756 687
754 688
755 689
763 690
756 691
749 692
738 693
737 694
719 695
732 696
730 697
739 698
739 699
724 700
722 701
719 702
724 703
717 704
717 705
724 706
719 707
719 708
710 709
711 710
702 711
693 712
703 713
714 714
704 715
700 716
714 717
709 718
714 719
