461 0
463 1
456 2
455 3
452 4
451 5
451 6
447 7
446 8
443 9
439 10
438 11
438 12
436 13
434 14
432 15
427 16
425 17
423 18
421 19
418 20
416 21
411 22
410 23
409 24
408 25
406 26
403 27
402 28
401 29
400 30
400 31
398 32
395 33
392 34
386 35
385 36
379 37
373 38
362 39
346 40
342 41
339 42
335 43
334 44
334 45
332 46
332 47
331 48
330 49
328 50
327 51
326 52
326 53
323 54
316 55
313 56
313 57
303 58
300 59
299 60
296 61
292 62
288 63
287 64
287 65
289 66
282 67
279 68
274 69
267 70
257 71
244 72
241 73
240 74
235 75
227 76
225 77
223 78
220 79
216 80
214 81
212 82
204 83
203 84
202 85
195 86
193 87
193 88
190 89
188 90
179 91
174 92
173 93
173 94
174 95
174 96
173 97
173 98
175 99
165 100
163 101
162 102
157 103
157 104
152 105
149 106
146 107
144 108
142 109
137 110
134 111
132 112
132 113
127 114
126 115
121 116
116 117
114 118
112 119
112 120
109 121
111 122
109 123
108 124
106 125
101 126
100 127
78 128
94 129
93 130
81 131
72 132
77 133
58 134
75 135
54 136
45 137
46 138
46 139
50 140
59 141
55 142
64 143
63 144
72 145
49 146
41 147
50 148
54 149
57 150
69 151
64 152
48 153
55 155
52 156
47 157
48 158
93 159
55 160
55 161
28 162
32 163
39 164
42 165
41 166
431 167
155 168
215 170
147 171
64 172
64 173
15 175
135 176
226 177
4 178
28 179
52 180
97 183
174 184
27 185
29 186
266 191
366 192
428 193
166 194
19 195
13 196
39 197
8 198
900 199
882 200
1076 201
1237 202
1220 203
1168 204
1160 205
1136 206
1114 207
1106 208
1109 209
1109 210
1101 211
1095 212
1094 213
1087 214
1080 215
1075 216
1078 217
1067 218
1061 219
1061 220
1059 221
1054 222
1052 223
1051 224
1035 225
1033 226
1036 227
1017 228
1012 229
1011 230
1009 231
1002 232
998 233
998 234
995 235
991 236
988 237
986 238
986 239
981 240
978 241
977 242
976 243
968 244
969 245
968 246
966 247
963 248
964 249
963 250
959 251
959 252
960 253
958 254
955 255
957 256
957 257
957 258
958 259
964 260
966 261
963 262
958 263
964 264
964 265
960 266
957 267
953 268
965 269
966 270
966 271
967 272
966 273
964 274
960 275
959 276
957 277
957 278
949 279
930 280
925 281
923 282
916 283
918 284
918 285
925 286
932 287
937 288
935 289
935 290
936 291
937 292
934 293
934 294
932 295
931 296
937 297
938 298
930 299
920 300
906 301
889 302
874 303
869 304
860 305
855 306
840 307
829 308
819 309
810 310
807 311
796 312
789 313
792 314
778 315
776 316
773 317
762 318
764 319
754 320
752 321
746 322
740 323
730 324
730 325
731 326
726 327
722 328
716 329
711 330
708 331
703 332
704 333
702 334
700 335
706 336
702 337
700 338
694 339
688 340
692 341
696 342
693 343
681 344
676 345
675 346
675 347
680 348
679 349
670 350
671 351
670 352
669 353
670 354
672 355
667 356
664 357
663 358
665 359
662 360
658 361
663 362
675 363
669 364
655 365
654 366
658 367
661 368
656 369
658 370
665 371
665 372
654 373
653 374
661 375
660 376
655 377
655 378
653 379
650 380
659 381
659 382
651 383
653 384
652 385
652 386
652 387
654 388
660 389
657 390
651 391
649 392
646 393
648 394
648 395
646 396
648 397
649 398
653 399
648 400
650 401
647 402
649 403
647 404
649 405
649 406
650 407
650 408
653 409
652 410
650 411
653 412
653 413
649 414
648 415
655 416
651 417
648 418
650 419
650 420
649 421
648 422
649 423
654 424
647 425
645 426
650 427
653 428
645 429
645 430
655 431
650 432
651 433
647 434
648 435
649 436
651 437
653 438
652 439
648 440
648 441
649 442
650 443
649 444
648 445
646 446
648 447
646 448
649 449
650 450
649 451
652 452
652 453
652 454
653 455
644 456
643 457
646 458
652 459
653 460
647 461
648 462
645 463
645 464
646 465
648 466
647 467
643 468
643 469
641 470
651 471
644 472
643 473
644 474
647 475
646 476
646 477
643 478
645 479
644 480
645 481
646 482
644 483
642 484
642 485
644 486
646 487
648 488
645 489
642 490
642 491
642 492
642 493
642 494
641 495
640 496
639 497
639 498
643 499
641 500
641 501
643 502
648 503
647 504
640 505
643 506
647 507
642 508
643 509
644 510
645 511
638 512
642 513
643 514
643 515
645 516
649 517
645 518
645 519
645 520
642 521
642 522
641 523
642 524
645 525
643 526
645 527
643 528
645 529
643 530
644 531
646 532
644 533
643 534
644 535
639 536
642 537
641 538
642 539
641 540
639 541
640 542
645 543
644 544
649 545
649 546
643 547
641 548
643 549
641 550
643 551
644 552
649 553
651 554
643 555
639 556
643 557
645 558
646 559
648 560
641 561
642 562
643 563
643 564
639 565
642 566
648 567
644 568
643 569
642 570
640 571
650 572
649 573
643 574
643 575
644 576
640 577
640 578
647 579
648 580
650 581
642 582
642 583
644 584
645 585
647 586
646 587
651 588
652 589
649 590
650 591
645 592
652 593
654 594
653 595
650 596
654 597
652 598
661 599
665 600
671 601
670 602
665 603
673 604
678 605
677 606
666 607
668 608
674 609
678 610
675 611
677 612
683 613
690 614
686 615
692 616
691 617
696 618
704 619
709 620
714 621
712 622
703 623
708 624
709 625
702 626
702 627
706 628
710 629
707 630
708 631
707 632
702 633
707 634
709 635
701 636
719 637
724 638
722 639
728 640
737 641
738 642
742 643
751 644
753 645
749 646
751 647
744 648
749 649
771 650
776 651
785 652
775 653
781 654
782 655
796 656
797 657
797 658
794 659
787 660
785 661
783 662
782 663
787 664
789 665
796 666
786 667
777 668
779 669
786 670
780 671
771 672
770 673
773 674
769 675
761 676
772 677
775 678
764 679
770 680
769 681
772 682
763 683
768 684
777 685
765 686
753 687
761 688
760 689
757 690
736 691
717 692
725 693
733 694
738 695
745 696
749 697
736 698
727 699
728 700
735 701
735 702
728 703
726 704
728 705
719 706
714 707
719 708
715 709
700 710
699 711
707 712
711 713
716 714
713 715
722 716
717 717
707 718
707 719
