461 0
460 1
458 2
456 3
451 4
451 5
450 6
448 7
446 8
444 9
444 10
441 11
439 12
436 13
435 14
433 15
431 16
424 17
425 18
422 19
418 20
418 21
414 22
412 23
409 24
406 25
406 26
404 27
402 28
400 29
399 30
399 31
397 32
394 33
389 34
385 35
384 36
377 37
372 38
367 39
349 40
343 41
340 42
336 43
336 44
334 45
333 46
333 47
332 48
331 49
329 50
325 51
323 52
326 53
323 54
320 55
317 56
318 57
302 58
300 59
299 60
297 61
292 62
289 63
287 64
288 65
288 66
283 67
281 68
277 69
264 70
257 71
243 72
238 73
241 74
233 75
226 76
223 77
223 78
219 79
215 80
214 81
214 82
208 83
203 84
200 85
198 86
196 87
199 88
197 89
191 90
183 91
180 92
173 93
173 94
170 95
179 96
175 97
173 98
170 99
165 100
165 101
162 102
160 103
155 104
153 105
151 106
151 107
143 108
141 109
139 110
136 111
133 112
130 113
126 114
125 115
120 116
118 117
115 118
112 119
110 120
105 121
103 122
98 123
100 124
105 125
92 126
81 127
88 128
96 129
87 130
90 131
91 132
85 133
55 134
82 135
60 136
67 137
67 138
66 139
53 140
49 141
51 142
59 143
71 144
74 145
59 146
75 147
69 148
75 149
53 150
61 151
60 152
55 153
66 154
56 155
69 156
61 157
57 158
114 159
55 160
251 161
48 162
49 163
163 164
191 165
49 167
64 169
31 170
8 171
37 173
13 174
56 175
37 176
24 177
135 178
241 179
269 183
66 184
23 185
16 186
39 187
247 188
199 189
18 190
2 191
547 192
550 193
591 194
0 196
275 197
550 198
1093 199
1273 200
1205 201
1189 202
1185 203
1176 204
1154 205
1156 206
1133 207
1135 208
1137 209
1119 210
1104 211
1100 212
1094 213
1087 214
1081 215
1077 216
1073 217
1077 218
1069 219
1070 220
1071 221
1066 222
1068 223
1062 224
1060 225
1055 226
1050 227
1047 228
1045 229
1033 230
1024 231
1027 232
1025 233
1022 234
1019 235
1015 236
1007 237
1007 238
999 239
992 240
990 241
987 242
988 243
982 244
981 245
982 246
983 247
974 248
971 249
970 250
967 251
966 252
963 253
964 254
964 255
966 256
958 257
960 258
960 259
958 260
957 261
961 262
961 263
957 264
958 265
959 266
962 267
968 268
969 269
973 270
977 271
977 272
993 273
998 274
995 275
992 276
989 277
987 278
981 279
974 280
971 281
960 282
954 283
943 284
937 285
929 286
930 287
927 288
925 289
925 290
928 291
928 292
928 293
930 294
936 295
932 296
929 297
926 298
920 299
916 300
893 301
882 302
862 303
858 304
857 305
856 306
842 307
832 308
830 309
817 310
810 311
812 312
799 313
787 314
777 315
776 316
767 317
763 318
756 319
752 320
748 321
745 322
739 323
735 324
723 325
720 326
725 327
718 328
709 329
708 330
710 331
706 332
698 333
697 334
699 335
696 336
695 337
694 338
692 339
685 340
689 341
687 342
684 343
680 344
676 345
676 346
680 347
674 348
670 349
668 350
672 351
668 352
671 353
671 354
669 355
666 356
669 357
666 358
658 359
667 360
662 361
669 362
672 363
662 364
663 365
663 366
663 367
657 368
654 369
656 370
662 371
663 372
654 373
655 374
658 375
657 376
658 377
656 378
650 379
652 380
655 381
652 382
651 383
649 384
653 385
652 386
647 387
648 388
642 389
647 390
652 391
649 392
643 393
645 394
646 395
641 396
641 397
641 398
642 399
641 400
646 401
646 402
650 403
652 404
650 405
647 406
646 407
648 408
643 409
646 410
648 411
645 412
644 413
649 414
647 415
650 416
647 417
648 418
648 419
646 420
642 421
644 422
649 423
649 424
647 425
649 426
650 427
650 428
646 429
646 430
648 431
648 432
648 433
650 434
648 435
646 436
647 437
646 438
649 439
642 440
646 441
648 442
650 443
647 444
643 445
653 446
655 447
654 448
649 449
652 450
657 451
651 452
650 453
649 454
647 455
642 456
642 457
647 458
650 459
646 460
648 461
647 462
651 463
647 464
646 465
646 466
647 467
644 468
645 469
642 470
646 471
647 472
643 473
641 474
644 475
645 476
643 477
640 478
645 479
648 480
641 481
642 482
643 483
646 484
646 485
643 486
644 487
642 488
642 489
640 490
643 491
645 492
644 493
643 494
644 495
640 496
643 497
644 498
645 499
647 500
643 501
642 502
647 503
645 504
639 505
641 506
641 507
640 508
641 509
641 510
643 511
644 512
644 513
646 514
642 515
645 516
648 517
644 518
645 519
645 520
645 521
644 522
641 523
639 524
641 525
641 526
642 527
643 528
643 529
642 530
644 531
641 532
640 533
642 534
648 535
644 536
644 537
646 538
640 539
638 540
638 541
638 542
640 543
642 544
639 545
641 546
643 547
644 548
639 549
640 550
648 551
647 552
644 553
641 554
646 555
645 556
647 557
650 558
650 559
652 560
649 561
644 562
643 563
643 564
653 565
652 566
643 567
650 568
647 569
651 570
647 571
643 572
643 573
649 574
646 575
645 576
642 577
644 578
648 579
649 580
649 581
641 582
643 583
646 584
649 585
649 586
644 587
644 588
644 589
647 590
653 591
652 592
654 593
653 594
656 595
658 596
659 597
658 598
663 599
656 600
659 601
658 602
657 603
657 604
665 605
673 606
676 607
679 608
672 609
684 610
673 611
681 612
678 613
676 614
685 615
698 616
682 617
676 618
678 619
683 620
696 621
696 622
695 623
696 624
700 625
700 626
707 627
713 628
716 629
715 630
710 631
697 632
698 633
704 634
709 635
706 636
719 637
731 638
739 639
739 640
739 641
744 642
754 643
757 644
756 645
759 646
752 647
760 648
776 649
788 650
790 651
781 652
779 653
782 654
797 655
801 656
799 657
801 658
796 659
802 660
796 661
789 662
793 663
786 664
789 665
791 666
795 667
796 668
789 669
789 670
790 671
779 672
780 673
768 674
778 675
777 676
774 677
783 678
771 679
777 680
771 681
773 682
778 683
770 684
763 685
762 686
745 687
752 688
752 689
753 690
754 691
749 692
744 693
738 694
737 695
728 696
726 697
724 698
726 699
714 700
716 701
714 702
720 703
723 704
703 705
704 706
707 707
700 708
696 709
694 710
697 711
697 712
704 713
711 714
717 715
713 716
707 717
714 718
709 719
