461 0
460 1
459 2
454 3
453 4
451 5
450 6
448 7
444 8
443 9
442 10
440 11
437 12
436 13
434 14
433 15
429 16
427 17
424 18
421 19
418 20
414 21
412 22
410 23
410 24
407 25
405 26
403 27
403 28
400 29
399 30
401 31
401 32
395 33
391 34
389 35
386 36
378 37
372 38
362 39
350 40
344 41
341 42
336 43
335 44
336 45
332 46
332 47
331 48
331 49
327 50
324 51
324 52
325 53
322 54
318 55
316 56
317 57
300 58
300 59
299 60
298 61
293 62
290 63
290 64
288 65
287 66
282 67
280 68
277 69
267 70
259 71
247 72
244 73
241 74
229 75
227 76
224 77
223 78
220 79
217 80
215 81
213 82
206 83
206 84
203 85
199 86
190 87
192 88
190 89
187 90
182 91
177 92
178 93
174 94
171 95
173 96
175 97
169 98
167 99
162 100
158 101
159 102
157 103
156 104
153 105
150 106
145 107
144 108
141 109
137 110
135 111
136 112
130 113
127 114
123 115
121 116
116 117
114 118
114 119
110 120
106 121
103 122
99 123
96 124
93 125
88 126
95 127
95 128
79 129
69 130
67 131
59 132
67 133
75 134
82 135
72 136
74 137
65 138
67 139
64 140
53 141
70 142
122 143
91 144
57 145
52 146
60 147
73 148
65 149
65 150
66 151
66 152
62 153
59 154
58 155
65 156
119 157
139 158
134 159
110 160
51 161
49 162
47 163
46 164
48 165
50 166
51 167
33 168
228 169
178 172
191 173
459 174
262 175
49 176
49 177
49 178
22 183
250 184
9 185
156 186
243 187
275 188
458 189
456 190
348 191
321 192
480 193
43 196
0 198
652 199
908 200
1096 201
1208 202
1241 203
1138 204
1162 205
1180 206
1147 207
1126 208
1128 209
1128 210
1112 211
1100 212
1096 213
1097 214
1089 215
1087 216
1076 217
1072 218
1069 219
1068 220
1067 221
1070 222
1078 223
1069 224
1062 225
1054 226
1052 227
1040 228
1043 229
1041 230
1031 231
1030 232
1023 233
1021 234
1022 235
1019 236
1015 237
1008 238
1004 239
994 240
990 241
990 242
990 243
985 244
985 245
982 246
979 247
976 248
973 249
970 250
971 251
968 252
966 253
965 254
966 255
967 256
960 257
959 258
961 259
961 260
961 261
957 262
958 263
961 264
960 265
961 266
964 267
964 268
970 269
971 270
969 271
978 272
989 273
993 274
992 275
995 276
991 277
989 278
992 279
986 280
980 281
972 282
955 283
959 284
951 285
934 286
927 287
926 288
924 289
923 290
927 291
925 292
930 293
932 294
927 295
934 296
934 297
929 298
909 299
905 300
897 301
869 302
860 303
859 304
856 305
855 306
849 307
833 308
824 309
819 310
808 311
805 312
799 313
788 314
776 315
772 316
765 317
762 318
758 319
755 320
745 321
743 322
734 323
732 324
730 325
724 326
723 327
715 328
711 329
710 330
709 331
701 332
698 333
698 334
698 335
693 336
689 337
687 338
695 339
692 340
691 341
688 342
684 343
687 344
685 345
680 346
680 347
674 348
672 349
664 350
667 351
659 352
660 353
655 354
652 355
657 356
656 357
654 358
664 359
650 360
650 361
655 362
663 363
664 364
660 365
660 366
664 367
662 368
655 369
654 370
659 371
651 372
649 373
651 374
658 375
659 376
651 377
650 378
652 379
650 380
653 381
654 382
651 383
651 384
646 385
649 386
648 387
647 388
648 389
651 390
649 391
650 392
643 393
643 394
645 395
642 396
641 397
640 398
642 399
644 400
641 401
643 402
643 403
646 404
647 405
647 406
650 407
646 408
640 409
641 410
644 411
644 412
642 413
645 414
647 415
647 416
650 417
648 418
645 419
647 420
645 421
645 422
650 423
652 424
649 425
650 426
653 427
648 428
647 429
650 430
647 431
651 432
649 433
653 434
656 435
653 436
650 437
647 438
649 439
647 440
648 441
650 442
645 443
644 444
652 445
652 446
649 447
653 448
646 449
646 450
651 451
650 452
651 453
647 454
646 455
649 456
645 457
650 458
651 459
645 460
644 461
645 462
644 463
640 464
642 465
645 466
646 467
648 468
646 469
642 470
639 471
642 472
645 473
643 474
647 475
646 476
644 477
642 478
649 479
647 480
644 481
644 482
643 483
641 484
640 485
639 486
642 487
641 488
642 489
640 490
642 491
642 492
642 493
642 494
646 495
644 496
648 497
647 498
642 499
642 500
643 501
643 502
641 503
644 504
641 505
641 506
643 507
643 508
647 509
643 510
647 511
641 512
641 513
643 514
642 515
643 516
649 517
643 518
640 519
640 520
640 521
643 522
644 523
646 524
641 525
641 526
646 527
640 528
639 529
645 530
647 531
643 532
643 533
642 534
640 535
640 536
639 537
641 538
642 539
640 540
644 541
642 542
647 543
647 544
642 545
642 546
641 547
640 548
642 549
645 550
648 551
644 552
643 553
647 554
642 555
643 556
644 557
649 558
651 559
648 560
647 561
644 562
639 563
644 564
652 565
642 566
643 567
641 568
643 569
646 570
641 571
638 572
641 573
640 574
646 575
644 576
642 577
644 578
647 579
644 580
642 581
644 582
648 583
646 584
646 585
641 586
652 587
654 588
654 589
644 590
650 591
649 592
656 593
653 594
655 595
660 596
646 597
646 598
651 599
661 600
667 601
662 602
651 603
661 604
666 605
672 606
676 607
669 608
673 609
671 610
668 611
680 612
683 613
683 614
693 615
688 616
699 617
697 618
689 619
694 620
703 621
708 622
692 623
686 624
690 625
700 626
698 627
701 628
700 629
705 630
706 631
703 632
708 633
708 634
701 635
710 636
725 637
735 638
733 639
740 640
737 641
737 642
744 643
758 644
751 645
743 646
752 647
760 648
780 649
780 650
787 651
788 652
791 653
791 654
786 655
792 656
796 657
797 658
800 659
801 660
800 661
790 662
784 663
792 664
789 665
792 666
789 667
780 668
778 669
778 670
778 671
787 672
784 673
776 674
779 675
770 676
778 677
778 678
774 679
774 680
771 681
773 682
760 683
755 684
755 685
765 686
764 687
755 688
758 689
758 690
759 691
764 692
752 693
747 694
731 695
727 696
729 697
726 698
726 699
721 700
716 701
724 702
718 703
723 704
716 705
713 706
711 707
719 708
720 709
712 710
712 711
704 712
711 713
707 714
712 715
704 716
704 717
711 718
706 719
