461 0
461 1
458 2
455 3
452 4
453 5
450 6
448 7
444 8
443 9
440 10
442 11
438 12
434 13
431 14
430 15
430 16
427 17
424 18
421 19
419 20
414 21
412 22
412 23
410 24
407 25
405 26
405 27
402 28
401 29
399 30
398 31
398 32
396 33
391 34
389 35
387 36
375 37
373 38
364 39
351 40
343 41
340 42
337 43
335 44
335 45
333 46
333 47
333 48
331 49
326 50
323 51
325 52
326 53
322 54
318 55
316 56
316 57
302 58
300 59
300 60
298 61
291 62
289 63
288 64
288 65
288 66
283 67
280 68
276 69
268 70
256 71
251 72
240 73
236 74
230 75
227 76
225 77
221 78
219 79
217 80
215 81
214 82
208 83
203 84
201 85
196 86
197 87
190 88
190 89
185 90
178 91
175 92
176 93
172 94
169 95
175 96
171 97
171 98
170 99
163 100
157 101
157 102
157 103
155 104
152 105
149 106
144 107
144 108
140 109
139 110
134 111
132 112
129 113
129 114
124 115
122 116
119 117
115 118
111 119
109 120
109 121
103 122
104 123
100 124
95 125
86 126
84 127
90 128
89 129
84 130
81 131
76 132
82 133
81 134
85 135
84 136
53 137
58 138
58 139
73 140
59 141
61 142
66 143
81 144
61 145
57 146
92 147
96 148
54 149
48 150
59 151
49 152
52 153
53 154
46 155
51 156
63 157
60 158
59 159
150 160
115 161
46 162
60 163
39 164
117 165
26 166
52 167
37 168
247 171
295 172
12 177
175 178
456 179
228 180
39 181
237 183
53 184
37 185
37 186
21 187
231 188
316 189
275 190
390 191
189 192
459 193
459 194
1085 199
1273 200
1268 201
1218 202
1234 203
1181 204
1171 205
1165 206
1143 207
1138 208
1138 209
1137 210
1109 211
1099 212
1103 213
1090 214
1084 215
1083 216
1078 217
1078 218
1076 219
1075 220
1072 221
1073 222
1078 223
1068 224
1064 225
1064 226
1060 227
1055 228
1045 229
1039 230
1030 231
1031 232
1024 233
1018 234
1016 235
1015 236
1012 237
1006 238
996 239
999 240
993 241
992 242
991 243
987 244
981 245
980 246
981 247
976 248
973 249
973 250
972 251
967 252
965 253
966 254
962 255
959 256
960 257
960 258
958 259
958 260
959 261
962 262
963 263
961 264
963 265
963 266
961 267
964 268
968 269
970 270
971 271
982 272
982 273
991 274
993 275
991 276
990 277
993 278
988 279
984 280
977 281
967 282
955 283
949 284
942 285
935 286
931 287
925 288
925 289
924 290
925 291
923 292
927 293
933 294
935 295
933 296
932 297
925 298
916 299
893 300
885 301
878 302
868 303
863 304
850 305
852 306
842 307
827 308
819 309
816 310
816 311
809 312
794 313
787 314
778 315
771 316
767 317
762 318
758 319
757 320
756 321
751 322
737 323
730 324
724 325
721 326
720 327
720 328
717 329
710 330
706 331
704 332
704 333
702 334
698 335
694 336
685 337
684 338
679 339
686 340
688 341
686 342
684 343
687 344
674 345
675 346
678 347
668 348
668 349
673 350
672 351
665 352
659 353
665 354
674 355
674 356
669 357
666 358
666 359
655 360
656 361
658 362
658 363
658 364
665 365
663 366
658 367
657 368
656 369
659 370
655 371
655 372
655 373
660 374
660 375
654 376
650 377
653 378
649 379
646 380
651 381
650 382
649 383
651 384
646 385
644 386
648 387
650 388
648 389
649 390
653 391
645 392
644 393
645 394
645 395
643 396
638 397
638 398
644 399
642 400
644 401
640 402
642 403
644 404
644 405
647 406
649 407
644 408
643 409
643 410
644 411
645 412
645 413
645 414
647 415
651 416
647 417
652 418
649 419
648 420
645 421
645 422
646 423
646 424
649 425
647 426
647 427
650 428
649 429
646 430
647 431
648 432
649 433
648 434
653 435
651 436
652 437
653 438
658 439
649 440
648 441
647 442
646 443
652 444
651 445
649 446
653 447
649 448
645 449
650 450
651 451
655 452
665 453
653 454
647 455
651 456
647 457
643 458
647 459
651 460
648 461
645 462
649 463
641 464
643 465
648 466
651 467
647 468
652 469
648 470
643 471
644 472
643 473
644 474
647 475
648 476
645 477
646 478
647 479
645 480
645 481
649 482
645 483
645 484
645 485
644 486
644 487
644 488
643 489
642 490
641 491
640 492
641 493
640 494
643 495
642 496
643 497
645 498
644 499
643 500
647 501
643 502
647 503
643 504
642 505
641 506
642 507
644 508
644 509
644 510
641 511
643 512
640 513
642 514
640 515
643 516
642 517
640 518
641 519
641 520
639 521
641 522
643 523
648 524
646 525
642 526
643 527
645 528
639 529
640 530
643 531
640 532
640 533
640 534
639 535
638 536
640 537
638 538
640 539
643 540
644 541
639 542
642 543
643 544
642 545
645 546
643 547
641 548
639 549
641 550
642 551
649 552
648 553
654 554
650 555
643 556
640 557
645 558
649 559
650 560
644 561
637 562
638 563
640 564
643 565
648 566
646 567
643 568
644 569
641 570
646 571
651 572
647 573
640 574
648 575
647 576
642 577
646 578
648 579
648 580
649 581
649 582
651 583
649 584
647 585
648 586
652 587
656 588
658 589
652 590
646 591
650 592
644 593
651 594
650 595
647 596
647 597
649 598
647 599
658 600
667 601
669 602
665 603
664 604
672 605
676 606
679 607
681 608
676 609
677 610
672 611
674 612
688 613
691 614
688 615
694 616
686 617
686 618
688 619
701 620
705 621
706 622
699 623
695 624
700 625
704 626
704 627
704 628
710 629
710 630
711 631
705 632
710 633
714 634
711 635
707 636
708 637
721 638
731 639
739 640
743 641
757 642
752 643
747 644
748 645
759 646
754 647
763 648
768 649
774 650
777 651
778 652
779 653
786 654
784 655
794 656
813 657
810 658
799 659
785 660
784 661
798 662
790 663
795 664
784 665
780 666
782 667
784 668
783 669
782 670
775 671
785 672
778 673
775 674
778 675
774 676
773 677
783 678
780 679
772 680
766 681
763 682
771 683
766 684
766 685
759 686
754 687
761 688
763 689
759 690
747 691
741 692
730 693
735 694
735 695
743 696
734 697
728 698
733 699
737 700
727 701
720 702
722 703
725 704
718 705
713 706
700 707
711 708
708 709
696 710
719 711
708 712
709 713
709 714
705 715
703 716
708 717
723 718
727 719
