639 0
639 1
639 2
639 3
639 4
639 5
639 6
639 7
639 8
639 9
639 10
639 11
639 12
639 13
639 14
639 15
639 16
639 17
639 18
639 19
639 20
639 21
639 22
639 23
639 24
639 25
639 26
639 27
639 28
639 29
639 30
639 31
639 32
639 33
639 34
639 35
639 36
639 37
639 38
639 39
639 40
639 41
639 42
639 43
639 44
639 45
639 46
639 47
639 48
639 49
639 50
639 51
639 52
639 53
639 54
639 55
639 56
639 57
639 58
639 59
639 60
639 61
639 62
639 63
639 64
639 65
639 66
639 67
639 68
639 69
639 70
639 71
639 72
639 73
639 74
639 75
639 76
639 77
639 78
639 79
639 80
639 81
639 82
639 83
639 84
639 85
639 86
639 87
639 88
639 89
639 90
639 91
639 92
640 93
640 94
644 95
643 96
651 97
663 98
665 99
677 100
674 101
666 102
673 103
687 104
693 105
698 106
697 107
702 108
707 109
713 110
721 111
724 112
725 113
727 114
729 115
734 116
739 117
748 118
754 119
753 120
759 121
768 122
773 123
770 124
771 125
779 126
785 127
787 128
788 129
793 130
804 131
812 132
822 133
825 134
823 135
833 136
849 137
871 138
873 139
871 140
874 141
876 142
879 143
878 144
880 145
884 146
889 147
891 148
894 149
894 150
897 151
901 152
903 153
906 154
910 155
913 156
913 157
914 158
915 159
918 160
918 161
921 162
928 163
936 164
938 165
939 166
941 167
945 168
946 169
948 170
949 171
951 172
952 173
955 174
964 175
967 176
981 177
997 178
1001 179
1010 180
1009 181
1010 182
1012 183
1013 184
1015 185
1018 186
1018 187
1020 188
1024 189
1026 190
1028 191
1027 192
1037 193
1046 194
1053 195
1055 196
1054 197
1056 198
1064 199
1076 200
1091 201
1106 202
1104 203
1116 204
1121 205
1125 206
1128 207
1130 208
1139 209
1143 210
1153 211
1154 212
1156 213
1159 214
1161 215
1170 216
1173 217
1168 218
1169 219
1172 220
1176 221
1178 222
1186 223
1191 224
1189 225
1184 226
1192 227
1198 228
1204 229
1204 230
1204 231
1207 232
1213 233
1196 234
1207 235
1229 236
1218 237
1226 238
1229 239
1230 240
1245 241
1244 242
1246 243
1260 244
1261 245
1251 246
1152 247
1177 248
1273 249
1195 250
927 251
1100 252
1100 253
1181 257
1256 263
1252 264
1252 265
1199 266
1225 271
816 272
872 277
862 284
923 285
835 287
883 288
854 289
836 290
838 291
838 292
838 293
839 294
840 296
840 297
994 298
994 299
996 304
332 305
167 306
5 307
11 308
67 309
18 310
24 311
26 312
30 313
47 314
48 315
39 316
41 317
42 318
47 319
59 320
77 321
70 322
53 323
56 324
65 325
81 326
68 327
83 328
62 329
65 330
68 331
69 332
72 333
74 334
78 335
80 336
83 337
87 338
90 339
94 340
117 341
170 342
181 343
185 344
194 345
195 346
198 347
200 348
206 349
209 350
210 351
217 352
214 353
213 354
217 355
217 356
224 357
222 358
227 359
237 360
243 361
244 362
251 363
258 364
261 365
265 366
262 367
268 368
279 369
283 370
289 371
290 372
293 373
294 374
301 375
313 376
315 377
318 378
321 379
325 380
326 381
331 382
325 383
328 384
333 385
334 386
337 387
341 388
342 389
343 390
346 391
349 392
358 393
365 394
370 395
369 396
369 397
375 398
373 399
376 400
379 401
379 402
378 403
380 404
383 405
383 406
385 407
389 408
389 409
390 410
391 411
390 412
388 413
390 414
390 415
390 416
395 417
398 418
394 419
385 420
382 421
383 422
385 423
391 424
385 425
380 426
396 427
415 428
419 429
424 430
426 431
436 432
437 433
455 434
476 435
476 436
487 437
505 438
506 439
513 440
543 441
548 442
559 443
562 444
563 445
572 446
562 447
562 448
577 449
573 450
575 451
578 452
576 453
566 454
568 455
569 456
575 457
576 458
573 459
568 460
571 461
578 462
576 463
583 464
587 465
585 466
586 467
590 468
594 469
595 470
593 471
590 472
591 473
591 474
593 475
594 476
597 477
596 478
596 479
597 480
598 481
599 482
602 483
604 484
604 485
605 486
604 487
603 488
604 489
604 490
604 491
603 492
603 493
602 494
603 495
601 496
602 497
603 498
603 499
602 500
603 501
602 502
604 503
606 504
607 505
606 506
604 507
606 508
607 509
608 510
608 511
610 512
609 513
608 514
608 515
607 516
609 517
607 518
611 519
610 520
610 521
611 522
611 523
611 524
612 525
615 526
614 527
612 528
613 529
615 530
616 531
617 532
616 533
614 534
615 535
613 536
615 537
613 538
614 539
614 540
613 541
613 542
615 543
614 544
616 545
615 546
614 547
615 548
615 549
615 550
617 551
616 552
617 553
620 554
623 555
625 556
624 557
623 558
622 559
624 560
624 561
624 562
622 563
623 564
625 565
626 566
627 567
631 568
633 569
634 570
633 571
635 572
634 573
633 574
635 575
636 576
637 577
637 578
636 579
637 580
637 581
637 582
637 583
636 584
636 585
634 586
633 587
637 588
635 589
635 590
637 591
637 592
637 593
637 594
636 595
635 596
636 597
638 598
637 599
637 600
637 601
637 602
638 603
637 604
635 605
636 606
636 607
636 608
633 609
633 610
633 611
630 612
630 613
632 614
633 615
636 616
635 617
637 618
636 619
634 620
635 621
636 622
638 623
637 624
637 625
637 626
635 627
634 628
631 629
633 630
637 631
637 632
637 633
637 634
635 635
636 636
635 637
635 638
635 639
634 640
637 641
636 642
634 643
632 644
632 645
635 646
633 647
633 648
633 649
632 650
631 651
631 652
630 653
630 654
624 655
629 656
630 657
624 658
625 659
631 660
631 661
630 662
629 663
629 664
625 665
626 666
627 667
629 668
624 669
622 670
623 671
620 672
623 673
619 674
620 675
623 676
616 677
612 678
612 679
617 680
622 681
622 682
612 683
608 684
608 685
610 686
615 687
615 688
620 689
620 690
614 691
605 692
604 693
615 694
609 695
614 696
608 697
595 698
595 699
599 700
599 701
598 702
598 703
589 704
596 705
599 706
594 707
598 708
600 709
601 710
592 711
600 712
601 713
599 714
592 715
591 716
590 717
591 718
600 719
