460 0
460 1
457 2
455 3
452 4
451 5
450 6
448 7
445 8
443 9
441 10
441 11
440 12
435 13
436 14
432 15
431 16
425 17
423 18
422 19
419 20
415 21
412 22
412 23
409 24
407 25
406 26
405 27
401 28
400 29
400 30
400 31
398 32
394 33
391 34
388 35
382 36
378 37
371 38
357 39
352 40
343 41
340 42
337 43
333 44
334 45
333 46
331 47
329 48
329 49
325 50
325 51
325 52
324 53
319 54
317 55
316 56
315 57
300 58
298 59
298 60
294 61
292 62
287 63
287 64
287 65
285 66
282 67
281 68
277 69
263 70
255 71
249 72
242 73
237 74
230 75
231 76
223 77
221 78
219 79
217 80
215 81
211 82
206 83
203 84
195 85
192 86
193 87
190 88
189 89
188 90
181 91
175 92
172 93
169 94
176 95
170 96
172 97
169 98
167 99
163 100
155 101
158 102
157 103
156 104
151 105
149 106
147 107
142 108
140 109
141 110
133 111
132 112
129 113
133 114
130 115
121 116
116 117
115 118
111 119
112 120
105 121
104 122
101 123
102 124
96 125
89 126
98 127
79 128
78 129
72 130
70 131
62 132
63 133
59 134
54 135
57 136
48 137
59 138
54 139
78 140
85 141
58 142
117 143
114 144
137 145
123 146
115 147
104 148
151 149
184 150
137 151
177 152
56 153
82 154
229 155
289 156
57 157
46 158
43 159
54 160
64 161
168 162
168 163
54 164
110 165
44 166
70 167
192 168
29 169
40 172
31 180
24 181
24 182
12 183
98 184
39 185
39 186
141 191
40 192
8 194
8 195
140 197
1279 198
701 199
1115 200
1269 201
1261 202
1238 203
1200 204
1166 205
1164 206
1173 207
1168 208
1162 209
1157 210
1155 211
1151 212
1147 213
1147 214
1143 215
1141 216
1137 217
1136 218
1136 219
1135 220
1134 221
1130 222
1128 223
1122 224
1106 225
1088 226
1088 227
1090 228
1074 229
1074 230
1074 231
1065 232
1059 233
1047 234
1039 235
1039 236
1040 237
1036 238
1028 239
1018 240
1015 241
1011 242
1005 243
992 244
984 245
977 246
970 247
975 248
968 249
969 250
967 251
960 252
958 253
958 254
953 255
954 256
952 257
952 258
950 259
944 260
947 261
948 262
946 263
946 264
947 265
948 266
946 267
941 268
943 269
947 270
948 271
946 272
947 273
950 274
949 275
947 276
946 277
938 278
938 279
938 280
932 281
932 282
933 283
932 284
926 285
924 286
920 287
916 288
915 289
915 290
914 291
914 292
922 293
941 294
949 295
955 296
970 297
971 298
978 299
973 300
968 301
954 302
938 303
914 304
899 305
896 306
878 307
862 308
848 309
837 310
834 311
827 312
821 313
812 314
798 315
790 316
796 317
792 318
779 319
768 320
765 321
765 322
760 323
752 324
744 325
743 326
740 327
732 328
741 329
727 330
717 331
707 332
704 333
700 334
704 335
696 336
694 337
692 338
682 339
678 340
684 341
692 342
687 343
675 344
676 345
673 346
678 347
674 348
672 349
669 350
672 351
668 352
672 353
668 354
668 355
676 356
674 357
671 358
668 359
660 360
660 361
663 362
660 363
664 364
659 365
656 366
664 367
665 368
655 369
661 370
664 371
660 372
658 373
660 374
666 375
670 376
667 377
663 378
654 379
657 380
660 381
658 382
657 383
662 384
659 385
661 386
659 387
660 388
660 389
654 390
655 391
655 392
657 393
655 394
651 395
655 396
653 397
650 398
654 399
654 400
653 401
654 402
651 403
651 404
650 405
653 406
657 407
655 408
652 409
654 410
656 411
656 412
654 413
652 414
655 415
659 416
658 417
658 418
656 419
652 420
650 421
654 422
657 423
654 424
656 425
661 426
658 427
655 428
656 429
654 430
653 431
660 432
657 433
654 434
650 435
654 436
657 437
654 438
653 439
650 440
646 441
646 442
654 443
655 444
650 445
650 446
655 447
652 448
648 449
646 450
648 451
649 452
654 453
651 454
650 455
653 456
648 457
648 458
649 459
649 460
649 461
650 462
649 463
642 464
644 465
643 466
645 467
650 468
649 469
646 470
646 471
642 472
645 473
650 474
652 475
648 476
646 477
649 478
647 479
647 480
642 481
643 482
647 483
646 484
645 485
646 486
644 487
645 488
640 489
640 490
640 491
642 492
643 493
640 494
645 495
648 496
643 497
641 498
641 499
643 500
646 501
642 502
642 503
646 504
645 505
642 506
641 507
642 508
644 509
644 510
647 511
645 512
641 513
644 514
642 515
640 516
642 517
642 518
642 519
645 520
646 521
640 522
642 523
642 524
640 525
641 526
643 527
643 528
640 529
643 530
641 531
640 532
642 533
639 534
638 535
643 536
643 537
645 538
643 539
643 540
642 541
644 542
644 543
641 544
647 545
646 546
640 547
642 548
644 549
646 550
646 551
651 552
647 553
648 554
645 555
645 556
647 557
646 558
652 559
651 560
642 561
642 562
644 563
648 564
648 565
647 566
649 567
640 568
640 569
646 570
645 571
644 572
647 573
648 574
649 575
645 576
647 577
650 578
650 579
647 580
648 581
650 582
650 583
652 584
648 585
648 586
648 587
651 588
657 589
656 590
650 591
652 592
657 593
659 594
661 595
651 596
655 597
660 598
663 599
665 600
662 601
668 602
671 603
667 604
668 605
673 606
672 607
683 608
675 609
671 610
678 611
680 612
679 613
680 614
692 615
688 616
692 617
695 618
697 619
698 620
701 621
701 622
697 623
702 624
693 625
697 626
706 627
709 628
700 629
702 630
698 631
710 632
711 633
706 634
710 635
713 636
724 637
731 638
732 639
730 640
736 641
741 642
742 643
756 644
752 645
751 646
764 647
773 648
767 649
787 650
799 651
786 652
794 653
797 654
795 655
811 656
807 657
806 658
807 659
797 660
792 661
799 662
790 663
789 664
796 665
798 666
801 667
804 668
800 669
791 670
789 671
781 672
782 673
786 674
789 675
788 676
786 677
788 678
791 679
785 680
775 681
768 682
765 683
769 684
763 685
765 686
764 687
763 688
767 689
759 690
745 691
740 692
751 693
754 694
748 695
749 696
725 697
727 698
736 699
733 700
730 701
725 702
726 703
729 704
733 705
728 706
721 707
719 708
716 709
708 710
699 711
714 712
719 713
724 714
721 715
718 716
704 717
702 718
703 719
