461 0
460 1
457 2
454 3
451 4
451 5
450 6
448 7
445 8
442 9
440 10
441 11
442 12
439 13
434 14
430 15
432 16
426 17
425 18
422 19
418 20
416 21
412 22
411 23
408 24
407 25
406 26
403 27
402 28
400 29
399 30
400 31
395 32
396 33
392 34
388 35
385 36
377 37
372 38
359 39
347 40
342 41
337 42
334 43
334 44
334 45
333 46
333 47
332 48
331 49
329 50
326 51
325 52
325 53
322 54
315 55
315 56
315 57
303 58
300 59
300 60
298 61
292 62
289 63
288 64
288 65
288 66
282 67
279 68
278 69
265 70
255 71
248 72
241 73
237 74
232 75
227 76
226 77
222 78
220 79
216 80
214 81
213 82
207 83
202 84
201 85
196 86
198 87
193 88
190 89
189 90
184 91
174 92
173 93
171 94
173 95
176 96
174 97
173 98
167 99
163 100
159 101
158 102
156 103
155 104
151 105
150 106
146 107
145 108
141 109
137 110
136 111
131 112
130 113
131 114
127 115
120 116
117 117
114 118
112 119
113 120
108 121
105 122
99 123
98 124
95 125
88 126
83 127
85 128
83 129
81 130
78 131
74 132
75 133
69 134
71 135
71 136
53 137
48 138
47 139
47 140
58 141
83 142
99 143
64 144
53 145
45 146
55 147
53 148
66 149
72 150
62 151
60 152
67 153
62 154
45 155
57 156
66 157
65 158
118 159
61 160
78 161
47 163
50 164
306 168
458 169
9 178
456 179
456 180
39 181
39 182
128 183
115 184
145 185
163 186
165 187
124 188
457 189
319 190
354 191
252 192
468 193
471 197
345 199
1274 200
1271 201
1265 202
1224 203
1184 204
1185 205
1164 206
1136 207
1128 208
1136 209
1123 210
1110 211
1106 212
1091 213
1083 214
1080 215
1084 216
1082 217
1076 218
1076 219
1073 220
1070 221
1068 222
1072 223
1062 224
1062 225
1057 226
1049 227
1049 228
1039 229
1038 230
1037 231
1026 232
1017 233
1017 234
1018 235
1014 236
1009 237
1002 238
1003 239
995 240
995 241
992 242
989 243
986 244
983 245
981 246
980 247
976 248
975 249
975 250
969 251
967 252
965 253
964 254
969 255
964 256
960 257
960 258
961 259
959 260
957 261
958 262
957 263
960 264
959 265
959 266
965 267
968 268
968 269
972 270
973 271
979 272
980 273
991 274
989 275
992 276
993 277
990 278
983 279
981 280
968 281
955 282
948 283
945 284
939 285
931 286
933 287
925 288
922 289
924 290
929 291
928 292
933 293
936 294
937 295
937 296
941 297
928 298
908 299
907 300
893 301
874 302
861 303
861 304
852 305
851 306
846 307
828 308
825 309
816 310
809 311
805 312
792 313
786 314
780 315
778 316
771 317
765 318
761 319
758 320
748 321
747 322
742 323
730 324
725 325
724 326
727 327
721 328
713 329
707 330
709 331
712 332
705 333
699 334
693 335
691 336
690 337
688 338
695 339
689 340
683 341
678 342
684 343
673 344
670 345
674 346
681 347
673 348
670 349
673 350
668 351
669 352
671 353
667 354
667 355
672 356
674 357
666 358
662 359
660 360
665 361
666 362
663 363
659 364
656 365
656 366
660 367
664 368
662 369
660 370
660 371
654 372
654 373
653 374
653 375
654 376
650 377
654 378
653 379
649 380
652 381
658 382
651 383
655 384
656 385
651 386
648 387
648 388
650 389
646 390
644 391
645 392
648 393
641 394
640 395
638 396
638 397
639 398
646 399
643 400
646 401
644 402
641 403
642 404
650 405
650 406
646 407
643 408
642 409
643 410
644 411
650 412
646 413
643 414
643 415
642 416
645 417
648 418
647 419
650 420
648 421
647 422
647 423
646 424
644 425
651 426
648 427
648 428
648 429
648 430
651 431
651 432
649 433
650 434
647 435
646 436
653 437
656 438
652 439
655 440
653 441
647 442
646 443
645 444
647 445
647 446
650 447
648 448
647 449
651 450
651 451
646 452
647 453
647 454
644 455
647 456
647 457
651 458
648 459
643 460
645 461
647 462
645 463
643 464
641 465
644 466
646 467
646 468
648 469
644 470
641 471
641 472
641 473
641 474
643 475
642 476
644 477
642 478
649 479
647 480
644 481
648 482
647 483
642 484
641 485
643 486
642 487
646 488
643 489
642 490
643 491
646 492
646 493
642 494
644 495
646 496
643 497
640 498
640 499
638 500
640 501
640 502
648 503
645 504
640 505
640 506
639 507
640 508
640 509
642 510
647 511
643 512
640 513
642 514
643 515
645 516
641 517
640 518
641 519
640 520
640 521
641 522
641 523
640 524
640 525
641 526
642 527
645 528
642 529
641 530
638 531
639 532
638 533
640 534
648 535
648 536
643 537
647 538
646 539
637 540
639 541
642 542
646 543
646 544
644 545
646 546
646 547
643 548
646 549
644 550
641 551
646 552
644 553
644 554
641 555
644 556
648 557
641 558
643 559
640 560
640 561
640 562
638 563
638 564
640 565
640 566
652 567
646 568
643 569
637 570
638 571
640 572
649 573
645 574
638 575
643 576
643 577
644 578
642 579
637 580
642 581
642 582
642 583
644 584
646 585
654 586
653 587
651 588
649 589
644 590
653 591
650 592
651 593
647 594
650 595
651 596
655 597
662 598
654 599
656 600
666 601
655 602
665 603
671 604
677 605
677 606
683 607
683 608
684 609
678 610
672 611
682 612
687 613
684 614
687 615
696 616
699 617
693 618
681 619
685 620
689 621
692 622
687 623
693 624
703 625
707 626
705 627
706 628
702 629
705 630
700 631
702 632
707 633
712 634
705 635
704 636
713 637
721 638
728 639
738 640
736 641
736 642
763 643
759 644
753 645
750 646
749 647
761 648
764 649
770 650
778 651
773 652
778 653
793 654
792 655
803 656
800 657
795 658
797 659
797 660
795 661
795 662
790 663
777 664
789 665
792 666
788 667
782 668
784 669
778 670
777 671
772 672
785 673
782 674
773 675
780 676
784 677
779 678
777 679
766 680
768 681
754 682
760 683
766 684
758 685
749 686
755 687
749 688
753 689
748 690
746 691
732 692
736 693
737 694
741 695
743 696
736 697
734 698
727 699
723 700
724 701
729 702
725 703
731 704
727 705
720 706
710 707
707 708
711 709
709 710
702 711
696 712
711 713
717 714
720 715
711 716
709 717
705 718
719 719
