459 0
460 1
457 2
456 3
453 4
451 5
449 6
447 7
446 8
443 9
439 10
440 11
439 12
436 13
435 14
431 15
427 16
424 17
423 18
419 19
418 20
413 21
411 22
411 23
410 24
407 25
405 26
403 27
402 28
400 29
400 30
399 31
397 32
396 33
395 34
387 35
385 36
378 37
374 38
362 39
345 40
341 41
338 42
338 43
334 44
335 45
333 46
333 47
330 48
329 49
327 50
324 51
325 52
325 53
320 54
318 55
318 56
317 57
305 58
300 59
300 60
297 61
294 62
289 63
287 64
287 65
288 66
283 67
280 68
279 69
268 70
255 71
249 72
241 73
237 74
231 75
228 76
226 77
223 78
222 79
220 80
216 81
212 82
206 83
204 84
199 85
192 86
191 87
189 88
188 89
187 90
181 91
175 92
174 93
169 94
171 95
177 96
172 97
170 98
167 99
161 100
154 101
157 102
161 103
163 104
151 105
150 106
152 107
148 108
143 109
138 110
133 111
133 112
129 113
127 114
124 115
119 116
118 117
113 118
114 119
113 120
107 121
104 122
102 123
103 124
101 125
98 126
93 127
86 128
80 129
70 130
75 131
80 132
84 133
67 134
61 135
67 136
70 137
58 138
48 139
48 140
54 141
60 142
73 143
97 144
68 145
48 146
50 147
50 148
91 149
166 150
207 151
152 152
127 153
133 154
126 155
145 156
154 157
59 158
55 159
68 160
73 161
52 162
219 163
73 164
58 165
177 166
67 167
34 168
208 171
623 173
64 175
96 176
485 177
485 178
241 184
28 185
17 186
44 187
13 189
28 190
42 191
16 192
16 193
10 194
10 195
0 196
1277 199
1093 200
1269 201
1265 202
1243 203
1198 204
1186 205
1174 206
1167 207
1171 208
1163 209
1156 210
1154 211
1147 212
1141 213
1140 214
1136 215
1140 216
1133 217
1130 218
1136 219
1135 220
1132 221
1131 222
1129 223
1125 224
1123 225
1114 226
1116 227
1107 228
1100 229
1105 230
1101 231
1096 232
1076 233
1064 234
1067 235
1065 236
1056 237
1053 238
1049 239
1050 240
1040 241
1033 242
1028 243
1031 244
1018 245
1015 246
1004 247
1005 248
999 249
995 250
988 251
979 252
978 253
974 254
971 255
972 256
963 257
961 258
960 259
952 260
947 261
949 262
954 263
954 264
957 265
954 266
950 267
950 268
947 269
946 270
951 271
945 272
947 273
944 274
944 275
949 276
950 277
951 278
953 279
952 280
952 281
953 282
954 283
952 284
945 285
942 286
939 287
938 288
933 289
933 290
932 291
929 292
928 293
926 294
925 295
924 296
921 297
929 298
941 299
943 300
951 301
958 302
941 303
944 304
944 305
932 306
929 307
911 308
890 309
860 310
848 311
838 312
829 313
822 314
819 315
804 316
791 317
785 318
779 319
780 320
775 321
763 322
763 323
749 324
743 325
741 326
736 327
744 328
735 329
722 330
721 331
714 332
709 333
708 334
704 335
703 336
691 337
688 338
692 339
684 340
687 341
693 342
686 343
676 344
674 345
676 346
674 347
675 348
674 349
674 350
677 351
673 352
673 353
662 354
658 355
657 356
660 357
662 358
661 359
656 360
655 361
664 362
677 363
674 364
663 365
660 366
667 367
670 368
666 369
663 370
663 371
666 372
664 373
661 374
665 375
661 376
660 377
658 378
661 379
659 380
651 381
651 382
659 383
657 384
655 385
660 386
659 387
652 388
653 389
651 390
654 391
662 392
657 393
659 394
657 395
652 396
650 397
657 398
652 399
656 400
653 401
657 402
657 403
657 404
657 405
654 406
656 407
654 408
657 409
657 410
651 411
653 412
657 413
657 414
653 415
654 416
655 417
656 418
654 419
651 420
659 421
659 422
653 423
655 424
653 425
656 426
656 427
654 428
654 429
655 430
658 431
663 432
662 433
659 434
653 435
654 436
661 437
658 438
651 439
651 440
649 441
646 442
653 443
651 444
649 445
646 446
648 447
652 448
646 449
646 450
649 451
648 452
647 453
645 454
652 455
646 456
647 457
646 458
646 459
650 460
652 461
647 462
644 463
648 464
649 465
645 466
641 467
641 468
646 469
647 470
647 471
648 472
642 473
650 474
647 475
644 476
643 477
645 478
642 479
647 480
641 481
642 482
644 483
642 484
640 485
642 486
643 487
648 488
644 489
644 490
642 491
641 492
641 493
641 494
647 495
643 496
644 497
643 498
642 499
641 500
640 501
641 502
646 503
653 504
646 505
648 506
654 507
646 508
644 509
642 510
645 511
645 512
643 513
642 514
642 515
641 516
642 517
641 518
642 519
642 520
640 521
642 522
640 523
642 524
641 525
642 526
648 527
644 528
643 529
641 530
643 531
646 532
645 533
642 534
641 535
645 536
640 537
643 538
644 539
641 540
639 541
640 542
646 543
646 544
647 545
648 546
643 547
644 548
648 549
647 550
648 551
644 552
643 553
646 554
648 555
647 556
652 557
650 558
648 559
650 560
644 561
640 562
647 563
644 564
645 565
647 566
646 567
640 568
637 569
637 570
645 571
644 572
650 573
649 574
643 575
638 576
643 577
645 578
645 579
645 580
652 581
650 582
648 583
647 584
650 585
644 586
642 587
649 588
649 589
645 590
648 591
654 592
657 593
655 594
657 595
663 596
664 597
662 598
656 599
669 600
670 601
667 602
662 603
671 604
675 605
673 606
669 607
679 608
681 609
680 610
678 611
679 612
678 613
690 614
695 615
695 616
690 617
696 618
693 619
689 620
687 621
692 622
699 623
697 624
698 625
698 626
702 627
702 628
704 629
706 630
703 631
695 632
704 633
705 634
704 635
704 636
720 637
738 638
718 639
723 640
741 641
740 642
737 643
748 644
756 645
757 646
758 647
762 648
771 649
783 650
789 651
782 652
781 653
794 654
795 655
810 656
803 657
803 658
791 659
791 660
793 661
799 662
796 663
781 664
788 665
793 666
801 667
799 668
799 669
797 670
788 671
784 672
775 673
776 674
780 675
786 676
786 677
786 678
778 679
767 680
775 681
776 682
768 683
770 684
766 685
768 686
759 687
745 688
753 689
756 690
749 691
754 692
755 693
734 694
733 695
737 696
733 697
732 698
727 699
721 700
726 701
724 702
718 703
720 704
730 705
729 706
717 707
712 708
709 709
706 710
707 711
713 712
712 713
707 714
704 715
716 716
707 717
712 718
703 719
