461 0
460 1
456 2
456 3
451 4
451 5
450 6
447 7
446 8
443 9
440 10
441 11
439 12
437 13
435 14
434 15
431 16
424 17
424 18
419 19
419 20
416 21
412 22
411 23
409 24
408 25
405 26
403 27
401 28
402 29
401 30
399 31
400 32
395 33
392 34
390 35
385 36
381 37
373 38
370 39
349 40
343 41
339 42
335 43
332 44
332 45
334 46
331 47
331 48
330 49
328 50
327 51
326 52
326 53
323 54
321 55
319 56
316 57
302 58
300 59
299 60
298 61
291 62
288 63
288 64
288 65
288 66
281 67
279 68
273 69
265 70
256 71
249 72
239 73
237 74
234 75
229 76
226 77
223 78
221 79
217 80
215 81
213 82
207 83
205 84
207 85
201 86
200 87
195 88
192 89
188 90
184 91
179 92
175 93
171 94
175 95
176 96
170 97
169 98
171 99
163 100
155 101
154 102
160 103
155 104
152 105
149 106
152 107
151 108
144 109
138 110
136 111
143 112
130 113
131 114
130 115
120 116
117 117
115 118
114 119
113 120
104 121
106 122
100 123
99 124
97 125
97 126
96 127
99 128
88 129
85 130
85 131
79 132
69 133
67 134
71 135
79 136
83 137
84 138
79 139
58 140
50 141
56 142
67 143
90 144
56 145
69 146
46 147
43 148
86 149
90 150
112 151
77 152
47 153
60 154
68 155
64 156
57 157
125 158
54 159
82 160
60 161
51 162
52 163
91 164
108 165
160 166
160 167
141 168
138 169
231 175
7 179
458 181
458 182
458 183
354 184
318 185
279 186
5 187
0 188
0 189
456 191
13 192
17 193
32 196
10 197
14 198
913 199
1160 200
1269 201
1267 202
1232 203
1192 204
1150 205
1154 206
1142 207
1143 208
1135 209
1124 210
1106 211
1107 212
1107 213
1095 214
1087 215
1091 216
1085 217
1085 218
1078 219
1069 220
1068 221
1071 222
1069 223
1072 224
1067 225
1058 226
1052 227
1052 228
1053 229
1046 230
1031 231
1030 232
1022 233
1021 234
1018 235
1015 236
1014 237
1010 238
1004 239
1000 240
998 241
997 242
993 243
985 244
984 245
983 246
981 247
981 248
977 249
979 250
974 251
971 252
966 253
964 254
969 255
967 256
968 257
962 258
960 259
959 260
958 261
958 262
959 263
961 264
960 265
961 266
964 267
965 268
969 269
976 270
978 271
982 272
997 273
997 274
993 275
999 276
993 277
992 278
981 279
979 280
972 281
968 282
958 283
953 284
947 285
936 286
929 287
924 288
926 289
926 290
925 291
925 292
930 293
931 294
935 295
926 296
929 297
935 298
924 299
906 300
886 301
875 302
869 303
855 304
852 305
854 306
846 307
836 308
828 309
813 310
812 311
801 312
790 313
785 314
782 315
784 316
765 317
759 318
759 319
752 320
757 321
757 322
738 323
729 324
726 325
723 326
724 327
711 328
706 329
706 330
708 331
706 332
701 333
701 334
700 335
698 336
688 337
689 338
689 339
685 340
686 341
688 342
685 343
683 344
676 345
682 346
683 347
676 348
672 349
671 350
671 351
665 352
669 353
667 354
668 355
679 356
673 357
669 358
665 359
665 360
655 361
661 362
665 363
669 364
658 365
656 366
666 367
661 368
656 369
652 370
659 371
652 372
650 373
651 374
654 375
656 376
651 377
651 378
651 379
648 380
650 381
649 382
655 383
652 384
652 385
651 386
650 387
647 388
652 389
652 390
648 391
651 392
643 393
642 394
644 395
642 396
636 397
640 398
648 399
644 400
647 401
648 402
644 403
643 404
644 405
647 406
647 407
647 408
642 409
645 410
645 411
642 412
645 413
643 414
647 415
647 416
645 417
649 418
650 419
649 420
648 421
647 422
651 423
650 424
647 425
645 426
645 427
646 428
644 429
648 430
653 431
654 432
649 433
652 434
653 435
651 436
647 437
647 438
650 439
651 440
648 441
645 442
643 443
644 444
644 445
649 446
651 447
648 448
648 449
650 450
648 451
645 452
648 453
647 454
645 455
648 456
648 457
647 458
646 459
653 460
655 461
650 462
651 463
651 464
643 465
647 466
648 467
645 468
644 469
645 470
646 471
643 472
644 473
643 474
641 475
639 476
641 477
641 478
643 479
645 480
640 481
641 482
644 483
644 484
642 485
641 486
642 487
642 488
639 489
640 490
639 491
639 492
641 493
641 494
639 495
639 496
639 497
641 498
645 499
641 500
642 501
641 502
644 503
647 504
646 505
640 506
639 507
638 508
642 509
643 510
644 511
648 512
642 513
639 514
642 515
642 516
644 517
640 518
640 519
641 520
640 521
641 522
641 523
642 524
642 525
641 526
645 527
641 528
641 529
642 530
642 531
641 532
644 533
642 534
644 535
644 536
644 537
642 538
637 539
638 540
638 541
639 542
636 543
646 544
648 545
647 546
642 547
641 548
641 549
640 550
643 551
641 552
636 553
641 554
644 555
644 556
649 557
650 558
652 559
649 560
642 561
646 562
646 563
647 564
644 565
643 566
641 567
638 568
636 569
637 570
644 571
638 572
640 573
637 574
646 575
646 576
643 577
643 578
646 579
650 580
646 581
641 582
642 583
643 584
649 585
647 586
647 587
652 588
647 589
644 590
654 591
649 592
652 593
655 594
650 595
649 596
657 597
664 598
661 599
657 600
661 601
663 602
665 603
672 604
681 605
681 606
675 607
683 608
686 609
674 610
682 611
681 612
688 613
695 614
691 615
692 616
699 617
696 618
683 619
684 620
694 621
699 622
683 623
684 624
689 625
702 626
706 627
711 628
713 629
713 630
705 631
709 632
710 633
709 634
711 635
714 636
711 637
715 638
721 639
736 640
735 641
737 642
747 643
750 644
750 645
758 646
752 647
764 648
760 649
767 650
774 651
776 652
786 653
795 654
790 655
798 656
786 657
798 658
785 659
792 660
795 661
791 662
790 663
790 664
789 665
784 666
783 667
776 668
782 669
790 670
778 671
767 672
767 673
773 674
772 675
774 676
774 677
772 678
767 679
764 680
766 681
766 682
769 683
770 684
764 685
767 686
761 687
763 688
749 689
751 690
753 691
753 692
755 693
745 694
725 695
730 696
730 697
725 698
727 699
720 700
727 701
727 702
714 703
722 704
722 705
716 706
711 707
724 708
713 709
705 710
694 711
695 712
692 713
698 714
717 715
712 716
717 717
716 718
720 719
