462 0
462 1
456 2
455 3
453 4
452 5
452 6
448 7
447 8
443 9
442 10
438 11
439 12
439 13
438 14
433 15
426 16
425 17
424 18
422 19
420 20
418 21
412 22
410 23
409 24
408 25
406 26
404 27
403 28
401 29
400 30
401 31
399 32
397 33
391 34
386 35
384 36
382 37
371 38
366 39
347 40
345 41
339 42
335 43
336 44
334 45
332 46
331 47
332 48
331 49
329 50
327 51
327 52
326 53
322 54
318 55
318 56
316 57
306 58
300 59
299 60
298 61
292 62
289 63
288 64
287 65
288 66
287 67
280 68
279 69
270 70
260 71
249 72
240 73
238 74
236 75
228 76
226 77
223 78
220 79
219 80
214 81
214 82
208 83
204 84
198 85
193 86
191 87
188 88
189 89
189 90
178 91
177 92
176 93
169 94
170 95
173 96
171 97
169 98
168 99
166 100
160 101
158 102
158 103
157 104
151 105
151 106
148 107
144 108
140 109
139 110
135 111
133 112
130 113
128 114
126 115
125 116
123 117
120 118
118 119
129 120
124 121
119 122
107 123
100 124
96 125
96 126
92 127
84 128
77 129
67 130
67 131
63 132
67 133
60 134
52 135
65 136
62 137
69 138
62 139
75 140
84 141
91 142
114 143
95 144
65 145
57 146
48 147
80 148
90 149
91 150
56 151
64 152
67 153
76 154
70 155
62 156
50 157
63 158
39 159
105 160
51 161
50 162
80 163
87 164
224 165
496 166
326 171
129 176
229 177
37 180
58 181
13 183
266 184
94 185
33 186
11 187
1 188
338 190
338 191
35 192
528 193
7 194
1276 199
1096 200
1112 201
1163 202
1246 203
1194 204
1178 205
1173 206
1145 207
1157 208
1163 209
1157 210
1153 211
1153 212
1148 213
1142 214
1135 215
1131 216
1123 217
1117 218
1121 219
1121 220
1109 221
1106 222
1096 223
1083 224
1092 225
1076 226
1070 227
1067 228
1067 229
1066 230
1053 231
1042 232
1021 233
1019 234
1017 235
1023 236
1015 237
1008 238
1000 239
993 240
993 241
990 242
986 243
980 244
976 245
975 246
972 247
969 248
971 249
967 250
966 251
964 252
962 253
955 254
953 255
954 256
953 257
950 258
945 259
946 260
944 261
947 262
947 263
944 264
944 265
942 266
947 267
947 268
951 269
948 270
948 271
947 272
947 273
942 274
941 275
942 276
941 277
938 278
936 279
931 280
930 281
931 282
924 283
925 284
926 285
922 286
933 287
937 288
941 289
958 290
964 291
965 292
969 293
978 294
983 295
979 296
968 297
957 298
938 299
934 300
926 301
912 302
903 303
886 304
882 305
873 306
863 307
846 308
838 309
827 310
825 311
821 312
812 313
806 314
799 315
791 316
788 317
779 318
774 319
773 320
767 321
762 322
752 323
743 324
735 325
734 326
733 327
724 328
717 329
717 330
713 331
706 332
703 333
704 334
700 335
696 336
694 337
690 338
686 339
686 340
685 341
690 342
688 343
681 344
676 345
679 346
671 347
668 348
674 349
672 350
670 351
669 352
668 353
659 354
664 355
674 356
665 357
658 358
663 359
658 360
665 361
664 362
660 363
666 364
666 365
664 366
664 367
667 368
659 369
661 370
663 371
664 372
659 373
655 374
661 375
659 376
663 377
658 378
655 379
656 380
657 381
654 382
655 383
656 384
660 385
656 386
649 387
656 388
658 389
658 390
657 391
657 392
651 393
654 394
654 395
647 396
647 397
651 398
652 399
651 400
654 401
648 402
650 403
654 404
655 405
652 406
653 407
652 408
655 409
650 410
651 411
656 412
651 413
650 414
652 415
653 416
652 417
652 418
650 419
653 420
650 421
649 422
654 423
654 424
651 425
651 426
653 427
655 428
653 429
654 430
658 431
659 432
652 433
649 434
648 435
648 436
647 437
649 438
649 439
649 440
645 441
648 442
645 443
648 444
655 445
654 446
656 447
652 448
648 449
651 450
652 451
650 452
647 453
644 454
650 455
644 456
643 457
645 458
648 459
650 460
648 461
643 462
648 463
645 464
645 465
645 466
646 467
645 468
651 469
645 470
643 471
643 472
647 473
645 474
643 475
644 476
644 477
641 478
645 479
645 480
644 481
642 482
641 483
642 484
642 485
643 486
644 487
645 488
644 489
646 490
645 491
641 492
642 493
647 494
648 495
643 496
641 497
643 498
642 499
643 500
643 501
647 502
649 503
647 504
643 505
645 506
647 507
648 508
644 509
640 510
645 511
645 512
645 513
644 514
645 515
646 516
648 517
641 518
647 519
646 520
642 521
643 522
641 523
643 524
642 525
640 526
644 527
646 528
649 529
646 530
642 531
647 532
642 533
640 534
643 535
646 536
641 537
642 538
640 539
637 540
636 541
637 542
641 543
640 544
643 545
648 546
645 547
644 548
648 549
649 550
647 551
645 552
639 553
641 554
640 555
642 556
642 557
641 558
648 559
653 560
647 561
642 562
641 563
643 564
645 565
642 566
644 567
644 568
642 569
646 570
644 571
642 572
642 573
641 574
642 575
643 576
642 577
650 578
652 579
642 580
642 581
644 582
654 583
646 584
649 585
653 586
661 587
651 588
651 589
653 590
663 591
657 592
652 593
653 594
660 595
653 596
651 597
654 598
664 599
667 600
676 601
676 602
664 603
671 604
669 605
672 606
674 607
673 608
687 609
684 610
677 611
677 612
684 613
686 614
684 615
689 616
692 617
694 618
695 619
690 620
691 621
702 622
704 623
698 624
705 625
715 626
704 627
697 628
705 629
710 630
701 631
698 632
711 633
715 634
709 635
712 636
721 637
723 638
737 639
745 640
746 641
747 642
754 643
767 644
773 645
764 646
770 647
773 648
783 649
781 650
787 651
792 652
790 653
792 654
803 655
803 656
795 657
786 658
792 659
788 660
792 661
794 662
794 663
794 664
792 665
795 666
795 667
788 668
788 669
794 670
779 671
782 672
779 673
778 674
777 675
776 676
784 677
782 678
762 679
772 680
775 681
775 682
772 683
770 684
781 685
772 686
765 687
761 688
762 689
760 690
755 691
757 692
751 693
750 694
740 695
742 696
736 697
738 698
735 699
728 700
722 701
730 702
728 703
737 704
736 705
730 706
725 707
720 708
719 709
708 710
702 711
717 712
721 713
717 714
720 715
718 716
717 717
717 718
720 719
