463 0
460 1
458 2
454 3
452 4
451 5
450 6
447 7
443 8
443 9
439 10
440 11
440 12
438 13
432 14
427 15
428 16
425 17
422 18
419 19
418 20
412 21
411 22
410 23
410 24
407 25
406 26
403 27
400 28
398 29
399 30
399 31
396 32
393 33
391 34
390 35
383 36
379 37
373 38
360 39
343 40
340 41
337 42
336 43
333 44
333 45
333 46
331 47
330 48
330 49
327 50
325 51
324 52
325 53
323 54
318 55
317 56
314 57
298 58
297 59
297 60
297 61
291 62
288 63
287 64
287 65
286 66
281 67
280 68
274 69
265 70
254 71
244 72
240 73
235 74
229 75
226 76
226 77
222 78
221 79
218 80
214 81
212 82
206 83
203 84
198 85
194 86
194 87
190 88
189 89
188 90
184 91
175 92
174 93
173 94
170 95
170 96
170 97
171 98
168 99
166 100
159 101
155 102
155 103
153 104
152 105
150 106
149 107
148 108
144 109
140 110
135 111
131 112
129 113
127 114
123 115
121 116
118 117
114 118
114 119
110 120
105 121
104 122
104 123
97 124
95 125
89 126
90 127
85 128
79 129
73 130
74 131
72 132
59 133
75 134
70 135
75 136
52 137
54 138
60 139
66 140
80 141
65 142
52 143
60 144
57 145
61 146
47 147
46 148
64 149
58 150
64 151
58 152
168 153
156 154
87 155
135 156
372 157
210 158
192 159
52 160
48 161
149 162
184 163
40 164
51 165
51 166
44 167
184 168
184 169
19 170
19 171
31 172
83 173
80 174
95 175
169 176
51 177
51 178
423 180
423 181
423 182
121 183
20 184
23 185
2 186
2 187
29 188
57 189
102 191
241 192
147 193
0 195
0 196
0 197
576 198
978 199
891 200
1127 201
1192 202
1245 203
1200 204
1186 205
1179 206
1172 207
1166 208
1162 209
1157 210
1155 211
1151 212
1147 213
1147 214
1139 215
1137 216
1134 217
1137 218
1137 219
1136 220
1134 221
1130 222
1130 223
1126 224
1126 225
1119 226
1114 227
1115 228
1107 229
1101 230
1097 231
1089 232
1090 233
1090 234
1085 235
1079 236
1076 237
1067 238
1049 239
1049 240
1055 241
1049 242
1038 243
1036 244
1037 245
1033 246
1025 247
1021 248
1013 249
1017 250
1018 251
1005 252
994 253
989 254
987 255
975 256
974 257
966 258
959 259
958 260
958 261
958 262
956 263
952 264
950 265
951 266
950 267
954 268
954 269
950 270
947 271
950 272
947 273
944 274
951 275
950 276
947 277
948 278
949 279
953 280
950 281
950 282
951 283
953 284
955 285
955 286
959 287
946 288
947 289
944 290
944 291
941 292
938 293
936 294
933 295
933 296
925 297
924 298
926 299
925 300
929 301
929 302
924 303
921 304
921 305
925 306
919 307
900 308
894 309
891 310
884 311
876 312
854 313
832 314
814 315
809 316
796 317
794 318
790 319
783 320
772 321
773 322
768 323
754 324
743 325
736 326
737 327
737 328
731 329
726 330
726 331
715 332
702 333
704 334
711 335
706 336
694 337
690 338
684 339
690 340
690 341
684 342
683 343
690 344
679 345
677 346
687 347
680 348
665 349
662 350
671 351
677 352
674 353
668 354
668 355
664 356
668 357
665 358
665 359
669 360
664 361
666 362
665 363
668 364
671 365
661 366
664 367
661 368
664 369
668 370
661 371
658 372
656 373
661 374
663 375
658 376
667 377
667 378
659 379
658 380
658 381
656 382
654 383
657 384
656 385
658 386
656 387
654 388
655 389
655 390
655 391
652 392
652 393
650 394
650 395
653 396
650 397
652 398
652 399
650 400
652 401
653 402
653 403
655 404
657 405
654 406
652 407
650 408
652 409
651 410
651 411
651 412
655 413
653 414
654 415
655 416
653 417
650 418
655 419
665 420
666 421
658 422
662 423
658 424
652 425
654 426
659 427
660 428
655 429
655 430
657 431
659 432
661 433
657 434
653 435
653 436
653 437
655 438
661 439
657 440
647 441
644 442
650 443
651 444
648 445
654 446
653 447
652 448
649 449
646 450
645 451
650 452
653 453
651 454
652 455
646 456
646 457
648 458
643 459
652 460
653 461
651 462
650 463
644 464
645 465
650 466
648 467
647 468
647 469
647 470
648 471
649 472
644 473
648 474
645 475
641 476
640 477
644 478
645 479
645 480
642 481
644 482
648 483
644 484
641 485
641 486
643 487
649 488
641 489
642 490
643 491
641 492
640 493
641 494
644 495
644 496
644 497
643 498
643 499
646 500
645 501
645 502
649 503
644 504
641 505
643 506
645 507
639 508
639 509
644 510
649 511
645 512
642 513
640 514
641 515
640 516
641 517
640 518
640 519
642 520
640 521
639 522
640 523
642 524
643 525
642 526
643 527
644 528
640 529
646 530
647 531
644 532
640 533
641 534
644 535
646 536
641 537
643 538
642 539
641 540
640 541
638 542
643 543
640 544
638 545
641 546
642 547
646 548
645 549
651 550
644 551
644 552
645 553
649 554
648 555
644 556
650 557
650 558
654 559
658 560
648 561
644 562
647 563
646 564
650 565
651 566
647 567
646 568
642 569
644 570
649 571
651 572
646 573
641 574
643 575
642 576
647 577
644 578
644 579
648 580
639 581
639 582
647 583
644 584
652 585
649 586
650 587
658 588
660 589
650 590
650 591
645 592
647 593
652 594
647 595
653 596
658 597
657 598
651 599
658 600
661 601
665 602
666 603
671 604
672 605
672 606
676 607
678 608
683 609
673 610
665 611
675 612
680 613
688 614
691 615
690 616
681 617
686 618
697 619
704 620
706 621
702 622
708 623
702 624
700 625
695 626
699 627
705 628
697 629
695 630
699 631
692 632
702 633
711 634
711 635
708 636
715 637
718 638
711 639
724 640
740 641
749 642
762 643
767 644
759 645
761 646
763 647
768 648
783 649
789 650
797 651
794 652
796 653
798 654
803 655
805 656
798 657
798 658
807 659
808 660
801 661
794 662
785 663
795 664
793 665
791 666
793 667
791 668
789 669
790 670
793 671
777 672
781 673
779 674
774 675
779 676
771 677
777 678
778 679
778 680
769 681
762 682
760 683
769 684
769 685
769 686
758 687
759 688
758 689
757 690
759 691
754 692
746 693
743 694
754 695
741 696
736 697
737 698
736 699
723 700
719 701
725 702
731 703
722 704
718 705
714 706
730 707
721 708
709 709
718 710
702 711
716 712
717 713
723 714
714 715
698 716
709 717
719 718
713 719
