465 0
464 1
458 2
455 3
453 4
452 5
450 6
447 7
445 8
442 9
441 10
439 11
438 12
436 13
435 14
429 15
428 16
425 17
423 18
422 19
419 20
416 21
413 22
410 23
411 24
408 25
405 26
405 27
403 28
402 29
401 30
399 31
399 32
395 33
391 34
387 35
384 36
382 37
372 38
361 39
344 40
341 41
337 42
336 43
334 44
333 45
333 46
334 47
332 48
330 49
327 50
325 51
327 52
326 53
324 54
317 55
318 56
317 57
303 58
299 59
299 60
298 61
292 62
288 63
288 64
288 65
288 66
281 67
280 68
276 69
268 70
258 71
248 72
245 73
239 74
234 75
228 76
226 77
223 78
221 79
219 80
214 81
213 82
206 83
204 84
200 85
193 86
196 87
194 88
195 89
196 90
180 91
177 92
180 93
180 94
174 95
174 96
171 97
169 98
170 99
165 100
159 101
160 102
157 103
155 104
151 105
149 106
150 107
145 108
144 109
138 110
137 111
131 112
130 113
126 114
124 115
119 116
118 117
115 118
115 119
115 120
109 121
103 122
99 123
96 124
95 125
97 126
85 127
94 128
96 129
92 130
83 131
70 132
78 133
81 134
77 135
93 136
71 137
73 138
59 139
57 140
60 141
67 142
64 143
73 144
64 145
58 146
90 147
96 148
151 149
158 150
64 151
56 152
61 153
58 154
70 155
67 156
56 157
44 158
105 159
175 160
34 162
37 163
40 164
33 165
17 166
456 170
32 171
27 173
7 174
290 175
71 176
192 177
60 179
200 181
359 182
303 183
31 184
39 185
35 187
123 188
474 189
285 190
458 191
475 193
18 197
17 198
962 199
1272 200
1267 201
1204 202
1212 203
1180 204
1166 205
1169 206
1154 207
1138 208
1130 209
1125 210
1103 211
1092 212
1087 213
1084 214
1088 215
1082 216
1085 217
1082 218
1084 219
1072 220
1068 221
1070 222
1081 223
1065 224
1059 225
1057 226
1050 227
1042 228
1035 229
1034 230
1031 231
1028 232
1022 233
1018 234
1016 235
1011 236
1006 237
1003 238
997 239
993 240
990 241
986 242
985 243
983 244
981 245
980 246
976 247
977 248
974 249
971 250
972 251
968 252
965 253
963 254
963 255
960 256
958 257
958 258
956 259
957 260
958 261
960 262
962 263
962 264
963 265
961 266
963 267
966 268
971 269
975 270
977 271
975 272
987 273
991 274
985 275
990 276
991 277
990 278
990 279
977 280
974 281
963 282
950 283
947 284
936 285
934 286
929 287
926 288
927 289
930 290
927 291
932 292
932 293
934 294
935 295
930 296
933 297
935 298
919 299
900 300
889 301
880 302
861 303
858 304
850 305
847 306
838 307
831 308
821 309
812 310
808 311
805 312
797 313
790 314
778 315
771 316
762 317
762 318
761 319
762 320
752 321
745 322
739 323
734 324
729 325
726 326
717 327
712 328
712 329
709 330
700 331
699 332
700 333
703 334
702 335
698 336
693 337
696 338
698 339
697 340
686 341
681 342
689 343
679 344
668 345
666 346
680 347
678 348
666 349
663 350
668 351
670 352
662 353
666 354
679 355
669 356
662 357
659 358
662 359
663 360
656 361
652 362
657 363
662 364
658 365
655 366
663 367
666 368
659 369
655 370
655 371
652 372
649 373
654 374
661 375
660 376
658 377
659 378
656 379
655 380
651 381
652 382
653 383
654 384
657 385
656 386
650 387
650 388
655 389
656 390
650 391
653 392
645 393
644 394
641 395
641 396
642 397
645 398
645 399
643 400
642 401
644 402
645 403
644 404
647 405
648 406
649 407
649 408
647 409
648 410
646 411
645 412
646 413
642 414
646 415
646 416
648 417
647 418
645 419
647 420
647 421
644 422
645 423
646 424
645 425
651 426
650 427
646 428
649 429
650 430
647 431
646 432
643 433
648 434
653 435
648 436
648 437
652 438
649 439
648 440
650 441
649 442
652 443
647 444
646 445
648 446
655 447
651 448
648 449
645 450
645 451
644 452
647 453
647 454
644 455
650 456
646 457
645 458
649 459
649 460
644 461
643 462
647 463
649 464
645 465
645 466
649 467
645 468
646 469
645 470
645 471
644 472
642 473
644 474
642 475
645 476
646 477
645 478
648 479
649 480
644 481
645 482
643 483
644 484
640 485
639 486
642 487
644 488
643 489
643 490
643 491
644 492
642 493
640 494
647 495
646 496
644 497
645 498
645 499
642 500
641 501
643 502
644 503
639 504
641 505
642 506
643 507
643 508
646 509
641 510
643 511
642 512
643 513
644 514
643 515
644 516
643 517
647 518
644 519
647 520
643 521
642 522
644 523
644 524
644 525
643 526
646 527
643 528
642 529
643 530
641 531
641 532
640 533
638 534
639 535
644 536
642 537
640 538
640 539
639 540
640 541
640 542
638 543
647 544
646 545
645 546
639 547
638 548
642 549
643 550
644 551
643 552
649 553
650 554
640 555
642 556
645 557
644 558
648 559
644 560
639 561
637 562
637 563
637 564
642 565
640 566
642 567
645 568
639 569
642 570
648 571
646 572
646 573
644 574
650 575
640 576
640 577
645 578
647 579
651 580
648 581
645 582
644 583
645 584
649 585
657 586
652 587
658 588
654 589
646 590
644 591
651 592
652 593
651 594
650 595
650 596
650 597
650 598
657 599
660 600
659 601
663 602
659 603
668 604
669 605
673 606
679 607
680 608
676 609
676 610
675 611
680 612
682 613
677 614
679 615
699 616
698 617
695 618
699 619
699 620
699 621
698 622
696 623
693 624
698 625
699 626
702 627
710 628
705 629
704 630
713 631
707 632
702 633
702 634
705 635
707 636
720 637
731 638
733 639
723 640
733 641
744 642
746 643
752 644
751 645
753 646
749 647
756 648
760 649
779 650
780 651
772 652
781 653
796 654
794 655
803 656
795 657
786 658
786 659
782 660
792 661
790 662
791 663
788 664
795 665
798 666
778 667
781 668
790 669
787 670
781 671
778 672
773 673
778 674
780 675
773 676
784 677
779 678
765 679
775 680
773 681
774 682
767 683
764 684
768 685
767 686
760 687
751 688
740 689
746 690
754 691
748 692
742 693
734 694
735 695
742 696
723 697
726 698
719 699
726 700
721 701
720 702
727 703
719 704
730 705
735 706
717 707
711 708
712 709
716 710
706 711
703 712
715 713
713 714
714 715
716 716
711 717
714 718
718 719
