439 0
439 1
434 2
428 3
427 4
427 5
427 6
426 7
419 8
419 9
414 10
413 11
411 12
409 13
407 14
404 15
404 16
400 17
397 18
395 19
392 20
392 21
391 22
389 23
387 24
380 25
378 26
375 27
370 28
370 29
367 30
365 31
362 32
362 33
359 34
357 35
355 36
355 37
354 38
349 39
347 40
342 41
336 42
327 43
310 44
305 45
297 46
294 47
292 48
291 49
291 50
291 51
288 52
283 53
284 54
283 55
284 56
280 57
276 58
276 59
276 60
259 61
258 62
252 63
247 64
246 65
247 66
247 67
239 68
231 69
224 70
212 71
202 72
196 73
192 74
185 75
181 76
177 77
177 78
172 79
170 80
161 81
160 82
152 83
148 84
147 85
147 86
143 87
134 88
129 89
128 90
131 91
128 92
133 93
126 94
124 95
119 96
113 97
111 98
112 99
111 100
106 101
105 102
100 103
110 104
97 105
92 106
92 107
85 108
82 109
79 110
74 111
70 112
71 113
65 114
65 115
58 116
57 117
50 118
53 119
45 120
48 121
37 122
31 123
30 124
57 125
22 126
60 127
25 128
22 129
17 130
6 131
0 132
31 133
31 134
32 135
91 136
111 137
71 138
72 139
72 140
63 143
391 144
533 145
402 148
321 149
530 150
529 151
529 152
530 153
396 154
346 157
445 158
402 159
135 160
45 163
8 179
0 180
0 181
1279 182
1277 183
1271 184
1271 185
1266 186
1264 187
1265 188
1263 189
1263 190
1259 191
1236 192
1254 193
1236 194
1236 195
1234 196
1233 197
1245 198
1244 199
1242 200
1238 201
1229 202
1219 203
1209 204
1215 205
1212 206
1217 207
1219 208
1214 209
1190 210
1136 211
1133 212
1126 213
1118 214
1113 215
1107 216
1104 217
1101 218
1099 219
1098 220
1094 221
1093 222
1092 223
1088 224
1088 225
1083 226
1087 227
1084 228
1075 229
1062 230
1053 231
1050 232
1049 233
1036 234
1020 235
1022 236
1021 237
1017 238
1016 239
1010 240
1007 241
1004 242
1002 243
999 244
998 245
995 246
994 247
991 248
993 249
993 250
981 251
981 252
976 253
977 254
975 255
969 256
971 257
974 258
971 259
968 260
963 261
962 262
962 263
951 264
958 265
955 266
950 267
948 268
947 269
944 270
945 271
943 272
942 273
941 274
942 275
941 276
942 277
941 278
937 279
939 280
938 281
935 282
938 283
938 284
940 285
944 286
942 287
945 288
943 289
951 290
954 291
947 292
943 293
940 294
931 295
927 296
912 297
893 298
878 299
855 300
839 301
825 302
817 303
821 304
802 305
788 306
775 307
762 308
755 309
752 310
752 311
747 312
740 313
730 314
721 315
719 316
721 317
718 318
718 319
715 320
698 321
694 322
695 323
686 324
682 325
680 326
690 327
674 328
660 329
662 330
664 331
656 332
660 333
669 334
663 335
656 336
653 337
651 338
650 339
650 340
648 341
654 342
657 343
647 344
644 345
645 346
645 347
644 348
648 349
649 350
653 351
647 352
647 353
648 354
648 355
653 356
654 357
646 358
648 359
650 360
648 361
654 362
644 363
642 364
647 365
650 366
644 367
646 368
642 369
642 370
643 371
640 372
641 373
642 374
640 375
640 376
640 377
641 378
641 379
640 380
641 381
640 382
641 383
642 384
641 385
641 386
643 387
642 388
641 389
641 390
644 391
642 392
641 393
641 394
640 395
640 396
641 397
641 398
640 399
642 400
640 401
640 402
640 403
642 404
641 405
640 406
641 407
639 408
638 409
640 410
639 411
639 412
638 413
635 414
633 415
633 416
634 417
634 418
633 419
635 420
636 421
638 422
637 423
636 424
636 425
636 426
637 427
635 428
635 429
636 430
637 431
636 432
635 433
635 434
636 435
636 436
635 437
636 438
638 439
635 440
636 441
637 442
637 443
637 444
637 445
637 446
637 447
639 448
639 449
640 450
638 451
638 452
638 453
638 454
638 455
640 456
638 457
640 458
640 459
640 460
639 461
639 462
639 463
638 464
638 465
640 466
640 467
640 468
640 469
639 470
641 471
644 472
643 473
643 474
641 475
641 476
640 477
639 478
640 479
640 480
641 481
643 482
640 483
641 484
642 485
642 486
641 487
640 488
640 489
641 490
640 491
640 492
641 493
642 494
642 495
641 496
640 497
641 498
642 499
641 500
642 501
640 502
645 503
645 504
640 505
641 506
640 507
642 508
645 509
643 510
643 511
649 512
648 513
644 514
641 515
648 516
647 517
646 518
651 519
647 520
648 521
643 522
644 523
650 524
647 525
641 526
643 527
649 528
647 529
644 530
646 531
652 532
651 533
648 534
649 535
651 536
650 537
651 538
649 539
649 540
651 541
650 542
650 543
649 544
648 545
662 546
659 547
655 548
655 549
658 550
664 551
661 552
655 553
662 554
659 555
663 556
664 557
665 558
671 559
666 560
663 561
666 562
664 563
663 564
667 565
663 566
664 567
656 568
664 569
666 570
662 571
664 572
668 573
667 574
665 575
663 576
664 577
669 578
664 579
671 580
674 581
671 582
672 583
671 584
664 585
665 586
666 587
666 588
661 589
662 590
671 591
664 592
669 593
678 594
672 595
669 596
680 597
682 598
682 599
682 600
677 601
685 602
692 603
692 604
690 605
696 606
706 607
706 608
682 609
684 610
705 611
699 612
694 613
692 614
699 615
700 616
695 617
693 618
699 619
701 620
697 621
695 622
721 623
703 624
700 625
718 626
701 627
701 628
701 629
700 630
699 631
710 632
711 633
720 634
722 635
710 636
708 637
700 638
689 639
695 640
689 641
692 642
701 643
716 644
724 645
735 646
736 647
735 648
744 649
752 650
753 651
751 652
753 653
755 654
751 655
754 656
769 657
779 658
774 659
769 660
769 661
769 662
774 663
787 664
784 665
770 666
770 667
777 668
766 669
772 670
776 671
774 672
773 673
768 674
769 675
773 676
770 677
769 678
784 679
766 680
760 681
764 682
770 683
770 684
765 685
758 686
756 687
761 688
760 689
754 690
760 691
758 692
758 693
755 694
744 695
742 696
725 697
733 698
735 699
728 700
723 701
708 702
703 703
714 704
717 705
715 706
711 707
706 708
700 709
704 710
712 711
718 712
709 713
708 714
718 715
719 716
729 717
729 718
722 719
