438 0
440 1
435 2
432 3
426 4
423 5
427 6
426 7
422 8
417 9
415 10
412 11
412 12
410 13
407 14
405 15
403 16
401 17
398 18
396 19
393 20
391 21
391 22
389 23
388 24
384 25
380 26
376 27
373 28
369 29
367 30
363 31
364 32
361 33
355 34
355 35
354 36
355 37
356 38
352 39
346 40
341 41
338 42
331 43
312 44
304 45
299 46
293 47
292 48
291 49
290 50
290 51
289 52
290 53
287 54
287 55
282 56
277 57
278 58
275 59
273 60
259 61
259 62
253 63
249 64
247 65
246 66
245 67
242 68
237 69
221 70
213 71
204 72
201 73
193 74
185 75
184 76
178 77
176 78
172 79
170 80
162 81
157 82
151 83
148 84
146 85
145 86
149 87
139 88
129 89
127 90
127 91
127 92
127 93
126 94
124 95
125 96
112 97
121 98
120 99
109 100
106 101
104 102
101 103
103 104
97 105
92 106
93 107
86 108
83 109
77 110
75 111
76 112
69 113
65 114
62 115
58 116
56 117
51 118
52 119
54 120
51 121
57 122
62 123
49 124
28 125
36 126
39 127
35 128
31 129
78 130
73 131
26 132
28 137
348 138
408 139
462 140
508 141
374 142
215 143
237 144
85 147
39 150
15 151
15 152
384 158
512 167
26 168
187 183
1275 184
1270 185
1268 186
1265 187
1262 188
1261 189
1259 190
1192 191
1178 192
1219 193
1236 194
1252 195
1251 196
1249 197
1246 198
1233 199
1243 200
1240 201
1228 202
1218 203
1213 204
1204 205
1219 206
1222 207
1221 208
1219 209
1193 210
1140 211
1134 212
1127 213
1119 214
1113 215
1112 216
1110 217
1104 218
1100 219
1099 220
1080 221
1068 222
1077 223
1069 224
1070 225
1059 226
1046 227
1045 228
1040 229
1038 230
1038 231
1022 232
1024 233
1018 234
1009 235
1011 236
1000 237
1000 238
997 239
993 240
988 241
985 242
985 243
984 244
983 245
979 246
972 247
971 248
965 249
958 250
955 251
960 252
952 253
945 254
946 255
941 256
940 257
941 258
939 259
937 260
937 261
938 262
940 263
940 264
937 265
937 266
932 267
930 268
933 269
930 270
931 271
931 272
928 273
926 274
924 275
926 276
927 277
931 278
930 279
932 280
941 281
942 282
941 283
949 284
960 285
964 286
970 287
968 288
964 289
958 290
958 291
958 292
946 293
933 294
925 295
904 296
877 297
862 298
852 299
828 300
813 301
799 302
796 303
799 304
794 305
785 306
780 307
779 308
776 309
774 310
763 311
767 312
747 313
738 314
733 315
732 316
725 317
724 318
721 319
714 320
715 321
704 322
692 323
683 324
681 325
680 326
672 327
676 328
669 329
670 330
658 331
659 332
668 333
672 334
660 335
657 336
657 337
656 338
657 339
659 340
652 341
649 342
656 343
653 344
657 345
656 346
654 347
658 348
658 349
659 350
658 351
656 352
653 353
653 354
650 355
651 356
653 357
649 358
650 359
654 360
651 361
655 362
652 363
650 364
648 365
648 366
652 367
652 368
650 369
647 370
648 371
646 372
645 373
646 374
647 375
645 376
645 377
644 378
643 379
644 380
644 381
644 382
645 383
643 384
644 385
645 386
643 387
644 388
645 389
646 390
645 391
645 392
645 393
645 394
646 395
646 396
647 397
647 398
649 399
649 400
647 401
646 402
646 403
646 404
647 405
647 406
645 407
645 408
644 409
646 410
647 411
646 412
646 413
645 414
645 415
644 416
642 417
641 418
639 419
638 420
639 421
637 422
637 423
640 424
637 425
638 426
638 427
638 428
638 429
638 430
639 431
638 432
639 433
639 434
639 435
638 436
639 437
639 438
639 439
640 440
638 441
638 442
638 443
639 444
639 445
638 446
639 447
640 448
638 449
639 450
638 451
639 452
640 453
639 454
640 455
640 456
639 457
639 458
640 459
642 460
640 461
640 462
641 463
639 464
639 465
639 466
638 467
640 468
642 469
639 470
639 471
639 472
640 473
640 474
641 475
641 476
641 477
639 478
640 479
643 480
643 481
641 482
642 483
640 484
640 485
641 486
643 487
641 488
641 489
642 490
640 491
639 492
641 493
640 494
640 495
642 496
642 497
642 498
641 499
641 500
640 501
643 502
644 503
644 504
643 505
643 506
642 507
644 508
646 509
646 510
648 511
647 512
643 513
644 514
644 515
645 516
648 517
646 518
650 519
646 520
648 521
650 522
650 523
655 524
653 525
646 526
646 527
646 528
646 529
648 530
648 531
648 532
645 533
647 534
650 535
651 536
652 537
657 538
662 539
651 540
650 541
648 542
654 543
659 544
655 545
659 546
661 547
662 548
657 549
658 550
665 551
661 552
653 553
653 554
661 555
663 556
666 557
671 558
669 559
667 560
661 561
664 562
667 563
666 564
665 565
660 566
663 567
668 568
663 569
661 570
673 571
673 572
665 573
660 574
667 575
666 576
666 577
663 578
668 579
664 580
676 581
664 582
663 583
666 584
667 585
671 586
674 587
675 588
665 589
665 590
674 591
680 592
680 593
680 594
666 595
665 596
664 597
677 598
678 599
691 600
698 601
686 602
675 603
688 604
685 605
681 606
696 607
704 608
697 609
691 610
694 611
697 612
702 613
710 614
707 615
715 616
711 617
704 618
696 619
697 620
707 621
702 622
693 623
699 624
700 625
710 626
699 627
690 628
698 629
705 630
708 631
710 632
697 633
698 634
709 635
702 636
696 637
697 638
698 639
706 640
702 641
702 642
712 643
714 644
726 645
731 646
734 647
734 648
740 649
746 650
734 651
737 652
757 653
758 654
753 655
773 656
767 657
768 658
768 659
770 660
774 661
780 662
776 663
779 664
783 665
783 666
777 667
773 668
781 669
784 670
786 671
786 672
770 673
773 674
779 675
769 676
766 677
766 678
770 679
768 680
768 681
769 682
770 683
771 684
766 685
764 686
761 687
754 688
749 689
761 690
771 691
767 692
751 693
756 694
747 695
751 696
749 697
743 698
739 699
736 700
726 701
725 702
727 703
717 704
713 705
723 706
713 707
710 708
699 709
701 710
713 711
713 712
715 713
706 714
712 715
728 716
735 717
727 718
718 719
