444 0
445 1
436 2
430 3
428 4
430 5
426 6
425 7
422 8
418 9
415 10
413 11
412 12
411 13
407 14
407 15
403 16
400 17
397 18
395 19
391 20
391 21
392 22
389 23
385 24
385 25
382 26
377 27
374 28
370 29
367 30
366 31
364 32
361 33
359 34
356 35
355 36
354 37
353 38
350 39
347 40
342 41
337 42
330 43
317 44
307 45
300 46
295 47
293 48
292 49
291 50
291 51
289 52
284 53
282 54
284 55
285 56
279 57
276 58
276 59
277 60
265 61
259 62
257 63
249 64
246 65
246 66
246 67
239 68
238 69
232 70
215 71
207 72
199 73
194 74
187 75
184 76
178 77
176 78
172 79
171 80
165 81
161 82
154 83
149 84
146 85
144 86
147 87
139 88
131 89
127 90
128 91
129 92
127 93
127 94
137 95
122 96
113 97
111 98
113 99
111 100
108 101
106 102
106 103
100 104
95 105
97 106
99 107
91 108
92 109
88 110
91 111
74 112
70 113
66 114
65 115
59 116
55 117
53 118
58 119
69 120
57 121
61 122
56 123
30 124
60 125
91 126
143 127
30 128
23 129
18 130
18 131
6 133
49 134
7 135
56 136
8 137
287 138
140 141
95 142
95 143
306 146
350 147
523 150
523 151
520 152
520 153
520 154
520 155
520 156
399 160
32 161
35 164
35 165
133 168
530 175
39 182
291 183
1144 184
1272 185
1270 186
1267 187
1264 188
1262 189
1261 190
1258 191
1219 192
1230 193
1253 194
1254 195
1250 196
1249 197
1247 198
1227 199
1243 200
1241 201
1240 202
1237 203
1234 204
1228 205
1227 206
1223 207
1222 208
1217 209
1200 210
1137 211
1127 212
1126 213
1123 214
1113 215
1110 216
1107 217
1099 218
1097 219
1098 220
1095 221
1094 222
1093 223
1086 224
1083 225
1083 226
1081 227
1080 228
1074 229
1061 230
1055 231
1052 232
1036 233
1029 234
1020 235
1020 236
1013 237
1006 238
1006 239
1003 240
1006 241
1000 242
995 243
995 244
991 245
991 246
985 247
985 248
984 249
979 250
975 251
976 252
972 253
973 254
974 255
972 256
972 257
963 258
957 259
958 260
958 261
951 262
947 263
949 264
948 265
941 266
941 267
945 268
940 269
935 270
936 271
937 272
935 273
936 274
934 275
934 276
931 277
931 278
934 279
931 280
932 281
932 282
930 283
933 284
933 285
933 286
935 287
938 288
939 289
945 290
961 291
963 292
968 293
970 294
972 295
969 296
946 297
927 298
901 299
886 300
852 301
830 302
818 303
802 304
801 305
792 306
775 307
767 308
759 309
757 310
758 311
759 312
746 313
740 314
736 315
733 316
725 317
727 318
735 319
710 320
706 321
704 322
696 323
684 324
682 325
685 326
673 327
670 328
679 329
671 330
656 331
656 332
658 333
654 334
657 335
658 336
656 337
654 338
653 339
658 340
662 341
659 342
661 343
655 344
652 345
653 346
651 347
656 348
659 349
656 350
655 351
652 352
653 353
651 354
652 355
650 356
653 357
648 358
647 359
647 360
648 361
650 362
653 363
650 364
650 365
648 366
647 367
645 368
647 369
647 370
645 371
645 372
646 373
648 374
648 375
645 376
647 377
647 378
645 379
643 380
644 381
643 382
643 383
642 384
643 385
643 386
643 387
643 388
643 389
644 390
645 391
643 392
643 393
643 394
644 395
645 396
644 397
645 398
645 399
645 400
645 401
644 402
645 403
647 404
646 405
645 406
646 407
645 408
646 409
644 410
644 411
645 412
647 413
645 414
646 415
644 416
644 417
644 418
644 419
643 420
639 421
638 422
640 423
638 424
638 425
637 426
637 427
637 428
637 429
637 430
637 431
638 432
638 433
638 434
637 435
637 436
637 437
637 438
638 439
639 440
638 441
637 442
640 443
639 444
637 445
638 446
639 447
638 448
638 449
638 450
638 451
638 452
639 453
640 454
639 455
640 456
639 457
640 458
639 459
641 460
641 461
638 462
641 463
639 464
639 465
640 466
640 467
640 468
641 469
642 470
643 471
642 472
639 473
640 474
642 475
641 476
640 477
640 478
641 479
640 480
639 481
639 482
641 483
641 484
641 485
639 486
642 487
644 488
642 489
641 490
640 491
640 492
641 493
643 494
643 495
645 496
648 497
641 498
640 499
640 500
641 501
639 502
642 503
642 504
642 505
641 506
639 507
641 508
640 509
643 510
648 511
645 512
642 513
645 514
644 515
646 516
648 517
646 518
644 519
643 520
644 521
643 522
647 523
648 524
648 525
645 526
648 527
647 528
647 529
647 530
649 531
649 532
648 533
650 534
649 535
652 536
650 537
653 538
650 539
647 540
645 541
645 542
651 543
657 544
658 545
655 546
652 547
653 548
655 549
655 550
654 551
660 552
655 553
664 554
668 555
671 556
665 557
669 558
657 559
660 560
665 561
665 562
657 563
662 564
656 565
656 566
670 567
661 568
660 569
662 570
670 571
662 572
660 573
660 574
663 575
670 576
669 577
670 578
666 579
669 580
673 581
670 582
672 583
666 584
670 585
674 586
674 587
678 588
681 589
676 590
667 591
669 592
676 593
687 594
686 595
681 596
681 597
684 598
687 599
682 600
682 601
682 602
678 603
684 604
701 605
705 606
707 607
707 608
700 609
700 610
696 611
696 612
688 613
692 614
690 615
697 616
705 617
702 618
706 619
710 620
706 621
701 622
720 623
714 624
708 625
709 626
706 627
716 628
721 629
720 630
704 631
700 632
715 633
713 634
706 635
710 636
696 637
694 638
700 639
693 640
696 641
688 642
700 643
732 644
729 645
730 646
742 647
748 648
742 649
749 650
760 651
750 652
749 653
751 654
758 655
761 656
769 657
774 658
786 659
786 660
786 661
789 662
774 663
778 664
775 665
768 666
773 667
772 668
773 669
776 670
779 671
778 672
770 673
771 674
764 675
768 676
766 677
770 678
776 679
765 680
767 681
776 682
778 683
773 684
750 685
751 686
757 687
775 688
771 689
761 690
773 691
770 692
752 693
737 694
742 695
749 696
738 697
731 698
730 699
726 700
717 701
723 702
731 703
725 704
712 705
714 706
707 707
699 708
694 709
708 710
723 711
718 712
729 713
716 714
718 715
727 716
728 717
728 718
725 719
