426 0
425 1
423 2
421 3
420 4
420 5
419 6
416 7
413 8
414 9
410 10
407 11
406 12
405 13
403 14
401 15
399 16
396 17
392 18
391 19
388 20
384 21
382 22
381 23
378 24
378 25
375 26
370 27
369 28
367 29
362 30
360 31
356 32
353 33
351 34
349 35
347 36
346 37
343 38
338 39
331 40
327 41
319 42
295 43
295 44
289 45
286 46
285 47
285 48
283 49
280 50
278 51
277 52
269 53
268 54
269 55
269 56
267 57
267 58
269 59
255 60
255 61
254 62
250 63
246 64
244 65
242 66
240 67
238 68
224 69
211 70
194 71
187 72
182 73
181 74
180 75
179 76
175 77
172 78
171 79
167 80
159 81
156 82
148 83
144 84
143 85
137 86
130 87
128 88
125 89
123 90
120 91
118 92
116 93
115 94
116 95
110 96
108 97
109 98
108 99
107 100
103 101
100 102
98 103
94 104
92 105
89 106
86 107
84 108
79 109
75 110
73 111
71 112
65 113
63 114
60 115
56 116
51 117
49 118
48 119
48 120
40 121
26 122
0 123
1272 195
1279 200
1215 203
1226 204
1194 206
1248 207
1192 208
1184 209
1215 210
1242 211
1239 212
1150 213
1209 215
1207 216
1274 217
1172 218
1190 219
1243 220
1228 221
1219 222
1152 223
1139 224
1121 225
1157 226
1058 227
1142 228
1083 229
1110 230
1109 231
1106 232
1158 233
1149 234
1109 235
1148 236
1146 237
1145 238
1126 239
1138 240
1162 241
1161 242
1135 243
1134 244
1121 245
1120 246
1070 247
954 248
920 249
930 250
913 251
912 252
1011 253
884 254
913 255
964 256
929 257
910 258
896 259
898 260
964 261
924 262
954 263
948 264
943 265
931 266
949 267
935 268
913 269
910 270
906 271
904 272
896 273
933 274
926 275
912 276
923 277
915 278
912 279
920 280
917 281
913 282
912 283
910 284
918 285
938 286
927 287
929 288
918 289
939 290
965 291
974 292
988 293
1005 294
999 295
1026 296
1024 297
1031 298
1050 299
1049 300
1039 301
1020 302
1006 303
986 304
981 305
954 306
931 307
954 308
970 309
994 310
972 311
970 312
969 313
979 314
973 315
975 316
956 317
963 318
974 319
957 320
930 321
918 322
930 323
923 324
925 325
918 326
909 327
880 328
890 329
886 330
893 331
906 332
918 333
877 334
861 335
852 336
864 337
865 338
869 339
876 340
880 341
869 342
873 343
819 344
837 345
834 346
834 347
825 348
793 349
774 350
772 351
771 352
795 353
765 354
740 355
742 356
747 357
742 358
742 359
738 360
742 361
732 362
721 363
708 364
717 365
714 366
711 367
719 368
699 369
692 370
688 371
718 372
718 373
728 374
729 375
712 376
726 377
731 378
730 379
708 380
693 381
694 382
691 383
701 384
722 385
730 386
721 387
703 388
702 389
703 390
689 391
696 392
697 393
690 394
680 395
671 396
674 397
679 398
678 399
720 400
712 401
690 402
681 403
673 404
681 405
694 406
691 407
709 408
697 409
724 410
729 411
704 412
687 413
703 414
717 415
692 416
711 417
729 418
717 419
744 420
708 421
692 422
724 423
705 424
706 425
674 426
678 427
714 428
700 429
683 430
652 431
633 432
662 433
667 434
651 435
668 436
691 437
679 438
666 439
642 440
659 441
689 442
706 443
688 444
683 445
668 446
684 447
660 448
683 449
676 450
640 451
641 452
665 453
673 454
638 455
677 456
678 457
647 458
654 459
665 460
695 461
676 462
658 463
683 464
704 465
677 466
671 467
734 468
744 469
738 470
739 471
727 472
713 473
686 474
684 475
689 476
717 477
706 478
675 479
727 480
664 481
688 482
694 483
674 484
679 485
725 486
704 487
732 488
711 489
695 490
662 491
673 492
715 493
702 494
682 495
715 496
708 497
682 498
686 499
719 500
720 501
708 502
720 503
714 504
724 505
758 506
753 507
735 508
691 509
724 510
746 511
756 512
664 513
675 514
727 515
725 516
710 517
715 518
725 519
722 520
708 521
673 522
715 523
791 524
783 525
726 526
700 527
759 528
774 529
760 530
689 531
691 532
732 533
758 534
786 535
744 536
725 537
729 538
751 539
740 540
747 541
715 542
704 543
788 544
773 545
769 546
775 547
776 548
773 549
793 550
810 551
798 552
754 553
749 554
728 555
783 556
752 557
677 558
712 559
715 560
702 561
685 562
624 563
653 564
641 565
644 566
704 567
724 568
690 569
703 570
667 571
672 572
692 573
702 574
698 575
699 576
691 577
700 578
671 579
594 580
645 581
658 582
682 583
712 584
698 585
644 586
610 587
629 588
633 589
595 590
639 591
605 592
627 593
631 594
614 595
635 596
635 597
615 598
638 599
632 600
595 601
632 602
632 603
663 604
654 605
626 606
628 607
633 608
661 609
681 610
719 611
739 612
747 613
717 614
724 615
768 616
813 617
892 618
897 619
896 620
944 621
979 622
883 623
835 624
1053 625
1075 626
1078 627
1107 628
1114 629
1110 630
1110 631
1108 632
1102 633
1186 634
1188 635
1118 636
1111 637
1224 638
1128 639
1168 640
1107 641
1106 642
1092 643
1054 644
1120 645
1128 646
1072 647
1081 648
1073 649
1073 650
1179 651
1122 652
1113 653
1188 654
1140 655
1140 656
1232 657
1181 658
1174 659
1228 660
1204 661
1209 662
1165 663
1223 664
1229 665
1233 666
1227 667
1219 668
1206 669
1229 670
1109 671
1141 672
1132 673
1148 674
1140 675
1213 676
1187 677
1201 678
1225 679
1182 680
1174 681
1171 682
1181 683
1205 684
1231 685
1210 686
1167 687
1181 688
1195 689
1188 690
1173 691
1225 692
1205 693
1208 694
1203 695
1199 696
1227 697
1205 698
1195 699
1205 700
1201 701
1229 702
1194 703
1096 704
1057 705
919 706
932 707
990 708
1002 709
962 710
1144 711
994 712
971 713
991 714
989 715
1054 716
1130 717
1158 718
1159 719
