439 0
438 1
435 2
429 3
430 4
429 5
427 6
427 7
426 8
419 9
415 10
414 11
412 12
410 13
408 14
408 15
405 16
402 17
400 18
396 19
396 20
392 21
391 22
389 23
389 24
386 25
382 26
376 27
375 28
369 29
368 30
367 31
364 32
362 33
359 34
356 35
355 36
354 37
353 38
355 39
348 40
341 41
338 42
331 43
326 44
308 45
298 46
294 47
292 48
292 49
290 50
290 51
289 52
286 53
283 54
285 55
284 56
280 57
277 58
275 59
275 60
264 61
259 62
257 63
250 64
247 65
246 66
248 67
242 68
238 69
227 70
214 71
207 72
199 73
194 74
185 75
185 76
178 77
176 78
173 79
175 80
164 81
162 82
153 83
152 84
147 85
145 86
147 87
135 88
130 89
128 90
128 91
127 92
129 93
127 94
127 95
129 96
121 97
110 98
114 99
110 100
110 101
105 102
102 103
99 104
98 105
99 106
100 107
92 108
88 109
86 110
79 111
78 112
71 113
67 114
64 115
62 116
55 117
53 118
52 119
55 120
41 121
41 122
29 123
31 124
26 125
17 126
69 127
56 129
43 130
17 131
108 133
107 134
125 135
27 136
242 143
519 144
516 146
516 147
314 149
515 150
515 151
517 152
515 153
351 154
498 155
515 156
514 157
515 158
282 159
56 160
59 161
134 162
389 165
120 168
201 170
136 173
1277 183
1275 184
1270 185
1268 186
1267 187
1265 188
1262 189
1261 190
1260 191
1255 192
1257 193
1255 194
1250 195
1250 196
1250 197
1236 198
1234 199
1219 200
1230 201
1239 202
1238 203
1236 204
1232 205
1226 206
1216 207
1219 208
1216 209
1207 210
1142 211
1137 212
1128 213
1121 214
1114 215
1110 216
1107 217
1103 218
1088 219
1098 220
1096 221
1094 222
1093 223
1091 224
1080 225
1074 226
1079 227
1063 228
1055 229
1055 230
1054 231
1043 232
1038 233
1026 234
1018 235
1018 236
1008 237
1010 238
1006 239
1002 240
1000 241
999 242
995 243
993 244
994 245
994 246
980 247
976 248
976 249
975 250
971 251
968 252
968 253
968 254
963 255
962 256
958 257
955 258
954 259
944 260
943 261
941 262
940 263
941 264
937 265
936 266
938 267
944 268
939 269
938 270
934 271
934 272
934 273
933 274
932 275
930 276
932 277
932 278
932 279
930 280
930 281
932 282
935 283
934 284
936 285
938 286
937 287
951 288
955 289
959 290
959 291
969 292
969 293
964 294
962 295
959 296
939 297
918 298
895 299
866 300
839 301
826 302
815 303
804 304
798 305
795 306
777 307
774 308
773 309
768 310
762 311
755 312
758 313
747 314
732 315
731 316
722 317
723 318
720 319
719 320
707 321
711 322
701 323
691 324
685 325
684 326
679 327
676 328
677 329
668 330
660 331
655 332
658 333
660 334
661 335
673 336
651 337
651 338
656 339
658 340
655 341
651 342
660 343
650 344
648 345
650 346
656 347
660 348
652 349
654 350
655 351
659 352
652 353
646 354
648 355
657 356
655 357
648 358
655 359
650 360
648 361
649 362
647 363
648 364
648 365
649 366
652 367
651 368
651 369
652 370
654 371
646 372
646 373
646 374
645 375
646 376
644 377
644 378
645 379
644 380
647 381
645 382
644 383
644 384
644 385
643 386
643 387
644 388
645 389
644 390
644 391
645 392
644 393
646 394
647 395
645 396
645 397
645 398
645 399
645 400
646 401
646 402
646 403
646 404
646 405
647 406
646 407
647 408
646 409
645 410
645 411
645 412
646 413
646 414
645 415
645 416
645 417
645 418
645 419
642 420
643 421
639 422
638 423
638 424
638 425
637 426
637 427
637 428
637 429
636 430
638 431
639 432
640 433
639 434
639 435
639 436
638 437
637 438
639 439
637 440
638 441
638 442
638 443
640 444
638 445
639 446
638 447
638 448
638 449
638 450
639 451
638 452
640 453
639 454
640 455
641 456
640 457
640 458
640 459
639 460
640 461
639 462
640 463
639 464
639 465
639 466
640 467
644 468
644 469
642 470
641 471
640 472
638 473
640 474
639 475
639 476
640 477
640 478
641 479
641 480
639 481
641 482
641 483
640 484
641 485
641 486
640 487
640 488
640 489
639 490
641 491
640 492
639 493
639 494
643 495
641 496
642 497
641 498
643 499
643 500
645 501
646 502
641 503
642 504
641 505
641 506
640 507
641 508
641 509
646 510
646 511
648 512
647 513
645 514
647 515
652 516
651 517
648 518
650 519
645 520
647 521
648 522
653 523
647 524
646 525
648 526
649 527
654 528
648 529
648 530
651 531
654 532
652 533
646 534
652 535
651 536
653 537
646 538
648 539
656 540
654 541
649 542
650 543
657 544
651 545
652 546
658 547
659 548
654 549
661 550
670 551
665 552
657 553
664 554
664 555
664 556
654 557
653 558
666 559
668 560
666 561
666 562
661 563
663 564
664 565
661 566
669 567
658 568
654 569
662 570
668 571
670 572
671 573
668 574
672 575
676 576
668 577
667 578
669 579
669 580
674 581
664 582
667 583
668 584
668 585
670 586
673 587
671 588
666 589
662 590
668 591
668 592
676 593
679 594
682 595
685 596
672 597
672 598
682 599
681 600
683 601
694 602
689 603
677 604
676 605
691 606
698 607
699 608
693 609
692 610
691 611
697 612
703 613
700 614
698 615
707 616
698 617
691 618
704 619
707 620
706 621
707 622
720 623
708 624
704 625
698 626
701 627
718 628
713 629
707 630
702 631
692 632
689 633
698 634
695 635
702 636
700 637
692 638
683 639
697 640
708 641
717 642
718 643
714 644
721 645
734 646
730 647
747 648
740 649
740 650
731 651
734 652
742 653
753 654
759 655
758 656
768 657
773 658
775 659
779 660
777 661
776 662
773 663
765 664
784 665
781 666
775 667
769 668
772 669
775 670
785 671
775 672
778 673
778 674
777 675
775 676
777 677
774 678
772 679
771 680
767 681
762 682
763 683
771 684
775 685
773 686
765 687
762 688
758 689
759 690
766 691
765 692
761 693
761 694
751 695
738 696
732 697
726 698
729 699
721 700
709 701
704 702
706 703
712 704
717 705
714 706
711 707
709 708
709 709
713 710
724 711
720 712
722 713
715 714
716 715
738 716
738 717
735 718
730 719
