464 0
462 1
460 2
455 3
451 4
451 5
451 6
448 7
445 8
442 9
440 10
442 11
439 12
436 13
435 14
430 15
427 16
423 17
423 18
419 19
419 20
416 21
413 22
412 23
409 24
406 25
406 26
406 27
401 28
399 29
399 30
398 31
398 32
396 33
395 34
389 35
383 36
374 37
371 38
363 39
348 40
342 41
337 42
335 43
334 44
334 45
335 46
332 47
331 48
329 49
327 50
328 51
328 52
323 53
317 54
317 55
317 56
317 57
304 58
299 59
298 60
298 61
291 62
289 63
288 64
288 65
287 66
285 67
280 68
274 69
265 70
258 71
248 72
239 73
239 74
237 75
226 76
226 77
222 78
219 79
217 80
214 81
214 82
206 83
203 84
199 85
192 86
190 87
191 88
189 89
189 90
177 91
172 92
170 93
169 94
172 95
174 96
171 97
172 98
169 99
163 100
157 101
156 102
158 103
154 104
151 105
153 106
145 107
148 108
147 109
142 110
136 111
133 112
131 113
127 114
122 115
121 116
118 117
117 118
114 119
108 120
106 121
103 122
99 123
97 124
95 125
88 126
83 127
83 128
81 129
76 130
76 131
61 132
72 133
89 134
79 135
95 136
84 137
76 138
66 139
49 140
54 141
62 142
61 143
68 144
57 145
52 146
53 147
58 148
74 149
89 150
80 151
153 152
118 153
92 154
50 155
53 156
51 157
46 158
60 159
181 160
197 161
166 162
36 163
60 164
267 165
29 167
24 168
25 169
39 170
35 171
34 172
35 173
300 175
56 176
26 180
16 183
38 184
38 185
39 186
47 187
115 190
52 191
51 192
16 193
16 194
13 196
23 197
442 198
899 199
970 200
1143 201
1267 202
1242 203
1200 204
1186 205
1161 206
1172 207
1160 208
1162 209
1158 210
1154 211
1153 212
1149 213
1145 214
1143 215
1138 216
1136 217
1131 218
1130 219
1132 220
1129 221
1129 222
1124 223
1126 224
1126 225
1125 226
1111 227
1104 228
1099 229
1099 230
1091 231
1092 232
1092 233
1089 234
1080 235
1079 236
1075 237
1068 238
1063 239
1063 240
1051 241
1051 242
1049 243
1050 244
1034 245
1031 246
1031 247
1019 248
1011 249
1010 250
1011 251
1009 252
1005 253
1001 254
986 255
989 256
978 257
973 258
973 259
964 260
963 261
960 262
954 263
959 264
952 265
951 266
952 267
952 268
947 269
946 270
948 271
946 272
948 273
949 274
949 275
948 276
946 277
946 278
945 279
947 280
947 281
948 282
954 283
951 284
949 285
951 286
954 287
954 288
953 289
952 290
949 291
946 292
944 293
943 294
937 295
934 296
936 297
935 298
926 299
926 300
921 301
923 302
908 303
906 304
906 305
910 306
898 307
891 308
889 309
890 310
887 311
879 312
864 313
857 314
833 315
811 316
801 317
798 318
800 319
782 320
773 321
772 322
763 323
754 324
751 325
750 326
739 327
741 328
733 329
726 330
726 331
720 332
712 333
709 334
708 335
703 336
701 337
696 338
686 339
689 340
685 341
678 342
676 343
682 344
676 345
676 346
680 347
682 348
684 349
682 350
679 351
666 352
666 353
668 354
672 355
666 356
661 357
660 358
659 359
662 360
656 361
660 362
666 363
667 364
669 365
663 366
661 367
666 368
664 369
664 370
666 371
664 372
665 373
661 374
662 375
661 376
659 377
657 378
656 379
655 380
662 381
664 382
660 383
663 384
663 385
658 386
652 387
650 388
653 389
656 390
655 391
653 392
653 393
654 394
653 395
653 396
648 397
647 398
659 399
654 400
651 401
649 402
650 403
655 404
660 405
659 406
655 407
656 408
650 409
648 410
655 411
658 412
651 413
652 414
655 415
654 416
653 417
653 418
659 419
656 420
654 421
653 422
657 423
664 424
659 425
653 426
652 427
652 428
655 429
659 430
657 431
656 432
654 433
653 434
651 435
654 436
656 437
657 438
660 439
656 440
655 441
656 442
655 443
651 444
650 445
652 446
652 447
656 448
652 449
656 450
652 451
644 452
647 453
651 454
651 455
648 456
646 457
645 458
651 459
650 460
651 461
650 462
650 463
648 464
649 465
647 466
649 467
650 468
649 469
645 470
645 471
646 472
644 473
644 474
648 475
644 476
642 477
643 478
647 479
644 480
644 481
644 482
646 483
645 484
643 485
643 486
641 487
646 488
646 489
646 490
642 491
642 492
642 493
642 494
645 495
647 496
643 497
642 498
647 499
647 500
641 501
641 502
646 503
648 504
641 505
642 506
642 507
644 508
643 509
648 510
646 511
643 512
642 513
645 514
643 515
640 516
638 517
639 518
642 519
641 520
640 521
639 522
642 523
647 524
643 525
638 526
643 527
647 528
642 529
647 530
647 531
642 532
643 533
640 534
642 535
641 536
642 537
639 538
638 539
644 540
641 541
639 542
647 543
648 544
646 545
640 546
642 547
649 548
646 549
644 550
646 551
652 552
652 553
642 554
641 555
648 556
646 557
644 558
650 559
653 560
643 561
638 562
641 563
641 564
642 565
641 566
644 567
641 568
639 569
641 570
643 571
642 572
641 573
642 574
643 575
648 576
645 577
643 578
642 579
645 580
643 581
647 582
654 583
651 584
646 585
652 586
654 587
659 588
655 589
650 590
655 591
650 592
653 593
651 594
652 595
654 596
655 597
651 598
659 599
661 600
665 601
667 602
655 603
670 604
671 605
668 606
671 607
673 608
677 609
676 610
679 611
687 612
682 613
682 614
685 615
686 616
689 617
690 618
695 619
696 620
698 621
694 622
704 623
702 624
702 625
707 626
710 627
709 628
707 629
711 630
703 631
698 632
708 633
708 634
703 635
707 636
723 637
724 638
730 639
728 640
731 641
746 642
754 643
761 644
785 645
782 646
770 647
765 648
780 649
781 650
796 651
807 652
798 653
791 654
799 655
791 656
807 657
810 658
805 659
799 660
788 661
792 662
799 663
800 664
796 665
797 666
795 667
788 668
794 669
791 670
794 671
786 672
787 673
782 674
784 675
777 676
771 677
776 678
791 679
781 680
784 681
786 682
775 683
763 684
768 685
764 686
757 687
765 688
775 689
763 690
755 691
756 692
739 693
726 694
724 695
729 696
718 697
719 698
724 699
727 700
730 701
733 702
726 703
724 704
729 705
723 706
727 707
715 708
715 709
710 710
695 711
711 712
713 713
724 714
718 715
701 716
714 717
707 718
715 719
