460 0
459 1
457 2
456 3
453 4
450 5
450 6
448 7
447 8
441 9
439 10
440 11
439 12
437 13
436 14
434 15
430 16
427 17
423 18
421 19
419 20
417 21
412 22
411 23
409 24
408 25
406 26
403 27
401 28
401 29
400 30
400 31
398 32
394 33
390 34
387 35
382 36
381 37
373 38
359 39
350 40
343 41
337 42
335 43
334 44
334 45
333 46
334 47
332 48
331 49
329 50
327 51
325 52
326 53
324 54
318 55
319 56
316 57
304 58
297 59
297 60
298 61
294 62
288 63
287 64
287 65
286 66
284 67
281 68
274 69
267 70
255 71
245 72
240 73
238 74
232 75
226 76
223 77
221 78
222 79
217 80
215 81
213 82
206 83
202 84
198 85
194 86
192 87
189 88
188 89
186 90
178 91
172 92
173 93
172 94
172 95
172 96
172 97
171 98
169 99
168 100
161 101
161 102
155 103
156 104
153 105
149 106
146 107
146 108
146 109
147 110
144 111
133 112
131 113
126 114
123 115
121 116
118 117
114 118
113 119
109 120
107 121
102 122
99 123
97 124
91 125
90 126
89 127
75 128
72 129
62 130
71 131
75 132
71 133
56 134
54 135
58 136
67 137
78 138
74 139
73 140
71 141
64 142
73 143
59 144
56 145
48 146
53 147
52 148
50 149
58 150
65 151
108 152
58 153
55 154
54 155
52 156
166 157
255 158
153 159
67 160
194 161
171 162
256 163
315 164
486 165
194 166
375 167
350 168
309 169
482 170
482 171
47 172
8 175
63 176
119 177
31 178
40 179
23 181
23 182
26 183
169 184
38 185
38 186
3 191
11 192
0 193
527 194
42 196
39 197
129 198
332 199
992 200
1135 201
1175 202
1222 203
1193 204
1187 205
1184 206
1163 207
1168 208
1163 209
1159 210
1158 211
1150 212
1148 213
1143 214
1137 215
1140 216
1140 217
1138 218
1133 219
1130 220
1130 221
1132 222
1131 223
1123 224
1124 225
1123 226
1117 227
1116 228
1112 229
1108 230
1105 231
1093 232
1092 233
1089 234
1085 235
1078 236
1074 237
1076 238
1074 239
1067 240
1070 241
1058 242
1046 243
1049 244
1047 245
1041 246
1037 247
1028 248
1023 249
1027 250
1023 251
1010 252
1006 253
1006 254
999 255
998 256
992 257
986 258
983 259
976 260
973 261
964 262
959 263
956 264
957 265
951 266
953 267
952 268
949 269
952 270
952 271
948 272
948 273
947 274
945 275
949 276
952 277
953 278
950 279
957 280
950 281
946 282
947 283
947 284
952 285
954 286
955 287
954 288
954 289
954 290
951 291
951 292
949 293
943 294
944 295
940 296
934 297
935 298
935 299
935 300
928 301
917 302
908 303
900 304
895 305
902 306
903 307
886 308
883 309
879 310
878 311
870 312
871 313
861 314
845 315
828 316
807 317
796 318
797 319
785 320
778 321
775 322
770 323
758 324
746 325
746 326
745 327
735 328
733 329
727 330
726 331
721 332
715 333
714 334
708 335
707 336
691 337
694 338
699 339
692 340
691 341
693 342
692 343
684 344
675 345
670 346
676 347
682 348
680 349
679 350
676 351
672 352
665 353
660 354
658 355
654 356
655 357
657 358
663 359
661 360
661 361
659 362
660 363
662 364
661 365
663 366
669 367
666 368
668 369
664 370
665 371
661 372
657 373
664 374
665 375
661 376
663 377
658 378
654 379
653 380
652 381
649 382
652 383
651 384
658 385
661 386
660 387
659 388
657 389
653 390
656 391
655 392
654 393
651 394
647 395
649 396
650 397
650 398
653 399
654 400
652 401
651 402
655 403
651 404
652 405
652 406
651 407
647 408
650 409
655 410
658 411
656 412
653 413
652 414
656 415
656 416
654 417
656 418
657 419
655 420
658 421
660 422
659 423
657 424
655 425
655 426
655 427
656 428
659 429
660 430
662 431
665 432
661 433
660 434
660 435
658 436
659 437
657 438
655 439
651 440
651 441
645 442
646 443
644 444
649 445
655 446
656 447
656 448
647 449
645 450
649 451
649 452
646 453
647 454
651 455
644 456
645 457
643 458
644 459
646 460
646 461
642 462
643 463
645 464
643 465
644 466
646 467
646 468
645 469
646 470
647 471
641 472
645 473
645 474
643 475
648 476
644 477
641 478
644 479
654 480
644 481
641 482
647 483
647 484
644 485
645 486
648 487
651 488
646 489
644 490
643 491
646 492
646 493
642 494
646 495
644 496
642 497
640 498
640 499
646 500
641 501
639 502
645 503
642 504
642 505
642 506
642 507
643 508
645 509
644 510
645 511
644 512
639 513
641 514
640 515
642 516
645 517
640 518
641 519
640 520
639 521
640 522
644 523
646 524
643 525
642 526
642 527
647 528
647 529
643 530
641 531
642 532
644 533
641 534
641 535
648 536
642 537
643 538
640 539
639 540
638 541
638 542
645 543
641 544
641 545
642 546
643 547
639 548
640 549
643 550
646 551
643 552
645 553
647 554
642 555
645 556
649 557
650 558
650 559
648 560
644 561
641 562
638 563
639 564
641 565
643 566
653 567
647 568
643 569
646 570
647 571
642 572
644 573
648 574
640 575
642 576
638 577
638 578
644 579
652 580
654 581
647 582
644 583
645 584
646 585
647 586
644 587
649 588
650 589
645 590
645 591
651 592
650 593
649 594
645 595
644 596
650 597
654 598
657 599
658 600
665 601
668 602
665 603
666 604
665 605
672 606
672 607
683 608
683 609
675 610
676 611
684 612
685 613
688 614
694 615
690 616
693 617
690 618
690 619
691 620
704 621
708 622
694 623
693 624
691 625
694 626
704 627
718 628
714 629
706 630
708 631
697 632
700 633
702 634
717 635
721 636
719 637
727 638
735 639
733 640
742 641
751 642
760 643
752 644
750 645
756 646
763 647
775 648
781 649
785 650
781 651
787 652
789 653
800 654
807 655
817 656
804 657
800 658
811 659
799 660
785 661
791 662
808 663
805 664
793 665
785 666
779 667
785 668
791 669
781 670
780 671
770 672
778 673
787 674
797 675
794 676
786 677
773 678
763 679
783 680
781 681
769 682
762 683
760 684
759 685
759 686
761 687
743 688
756 689
767 690
751 691
742 692
748 693
742 694
747 695
747 696
734 697
731 698
736 699
725 700
736 701
735 702
724 703
729 704
716 705
702 706
713 707
716 708
719 709
707 710
702 711
714 712
719 713
724 714
719 715
707 716
705 717
706 718
722 719
