461 0
462 1
457 2
455 3
455 4
451 5
450 6
448 7
444 8
443 9
441 10
439 11
437 12
435 13
434 14
433 15
427 16
425 17
425 18
422 19
418 20
416 21
414 22
411 23
409 24
408 25
407 26
403 27
401 28
400 29
400 30
400 31
399 32
397 33
393 34
384 35
383 36
380 37
373 38
359 39
349 40
342 41
340 42
336 43
333 44
332 45
332 46
331 47
332 48
331 49
329 50
328 51
326 52
327 53
323 54
318 55
319 56
318 57
304 58
300 59
301 60
299 61
292 62
289 63
287 64
287 65
288 66
284 67
279 68
278 69
266 70
256 71
249 72
242 73
240 74
232 75
225 76
224 77
223 78
220 79
216 80
214 81
213 82
212 83
202 84
199 85
194 86
199 87
195 88
188 89
185 90
183 91
176 92
171 93
168 94
175 95
170 96
170 97
169 98
169 99
166 100
163 101
162 102
165 103
158 104
152 105
151 106
150 107
146 108
143 109
138 110
135 111
133 112
131 113
128 114
123 115
123 116
120 117
115 118
112 119
110 120
110 121
103 122
99 123
97 124
94 125
89 126
83 127
82 128
73 129
68 130
78 131
68 132
72 133
64 134
55 135
53 136
48 137
47 138
57 139
54 140
63 141
56 142
85 143
51 144
50 145
59 146
160 147
127 148
184 149
250 150
153 151
335 152
225 153
153 154
53 155
82 156
69 157
161 158
165 159
246 160
321 161
87 162
48 164
48 165
48 166
56 167
167 168
76 170
45 171
586 174
245 175
23 176
43 179
56 180
53 181
583 183
69 184
38 185
38 186
31 187
472 189
315 190
132 191
36 192
206 193
378 194
470 195
316 196
285 197
133 198
1086 199
1002 200
1196 201
1263 202
1168 203
1192 204
1187 205
1173 206
1168 207
1154 208
1160 209
1152 210
1151 211
1153 212
1149 213
1148 214
1139 215
1141 216
1140 217
1138 218
1136 219
1137 220
1137 221
1134 222
1128 223
1132 224
1122 225
1122 226
1123 227
1115 228
1107 229
1105 230
1096 231
1090 232
1087 233
1079 234
1068 235
1064 236
1054 237
1048 238
1047 239
1046 240
1048 241
1048 242
1049 243
1045 244
1044 245
1042 246
1035 247
1038 248
1040 249
1038 250
1034 251
1023 252
1012 253
1011 254
1014 255
1014 256
1012 257
1004 258
1003 259
1007 260
1005 261
1001 262
1001 263
992 264
988 265
991 266
988 267
989 268
987 269
984 270
979 271
982 272
980 273
978 274
976 275
973 276
970 277
969 278
969 279
970 280
970 281
969 282
972 283
971 284
972 285
971 286
971 287
975 288
976 289
978 290
985 291
985 292
988 293
986 294
979 295
972 296
958 297
946 298
930 299
909 300
887 301
878 302
871 303
862 304
858 305
851 306
842 307
819 308
813 309
798 310
794 311
787 312
778 313
776 314
762 315
764 316
760 317
757 318
752 319
749 320
740 321
735 322
731 323
730 324
726 325
715 326
716 327
713 328
708 329
701 330
694 331
689 332
694 333
691 334
688 335
683 336
679 337
678 338
675 339
678 340
672 341
678 342
669 343
670 344
654 345
651 346
662 347
664 348
656 349
655 350
658 351
652 352
652 353
648 354
648 355
652 356
653 357
646 358
642 359
641 360
642 361
646 362
650 363
659 364
654 365
642 366
640 367
643 368
642 369
645 370
645 371
646 372
644 373
634 374
637 375
648 376
644 377
638 378
639 379
641 380
637 381
637 382
641 383
641 384
638 385
634 386
636 387
634 388
633 389
634 390
637 391
632 392
630 393
633 394
632 395
629 396
630 397
631 398
637 399
629 400
625 401
626 402
626 403
623 404
629 405
633 406
630 407
628 408
626 409
628 410
628 411
631 412
633 413
633 414
634 415
630 416
624 417
625 418
626 419
628 420
631 421
634 422
637 423
632 424
634 425
636 426
638 427
640 428
633 429
632 430
634 431
635 432
638 433
639 434
642 435
639 436
642 437
646 438
646 439
643 440
635 441
635 442
642 443
642 444
641 445
641 446
642 447
641 448
641 449
643 450
646 451
643 452
642 453
643 454
643 455
639 456
639 457
638 458
642 459
641 460
642 461
641 462
647 463
642 464
644 465
645 466
647 467
645 468
644 469
644 470
650 471
643 472
645 473
644 474
644 475
646 476
643 477
644 478
645 479
643 480
647 481
643 482
641 483
642 484
643 485
641 486
642 487
640 488
641 489
640 490
642 491
639 492
642 493
640 494
642 495
641 496
640 497
638 498
638 499
644 500
646 501
645 502
647 503
646 504
645 505
641 506
643 507
642 508
644 509
639 510
640 511
639 512
638 513
643 514
642 515
640 516
641 517
641 518
640 519
640 520
644 521
642 522
642 523
646 524
642 525
640 526
640 527
643 528
643 529
641 530
643 531
641 532
642 533
643 534
640 535
640 536
645 537
645 538
647 539
643 540
643 541
642 542
642 543
644 544
643 545
645 546
643 547
644 548
643 549
641 550
642 551
653 552
647 553
641 554
639 555
649 556
650 557
641 558
642 559
643 560
641 561
644 562
644 563
647 564
646 565
649 566
644 567
648 568
651 569
647 570
649 571
653 572
650 573
645 574
647 575
645 576
643 577
646 578
643 579
650 580
648 581
648 582
642 583
643 584
650 585
652 586
658 587
654 588
654 589
653 590
652 591
655 592
650 593
655 594
663 595
661 596
656 597
658 598
669 599
669 600
676 601
672 602
674 603
677 604
675 605
682 606
689 607
691 608
692 609
690 610
691 611
688 612
693 613
691 614
690 615
687 616
680 617
686 618
689 619
693 620
684 621
687 622
692 623
693 624
699 625
700 626
693 627
700 628
696 629
691 630
692 631
695 632
698 633
701 634
704 635
714 636
722 637
719 638
711 639
733 640
732 641
727 642
718 643
746 644
738 645
756 646
752 647
755 648
762 649
775 650
768 651
775 652
792 653
795 654
793 655
813 656
810 657
809 658
805 659
799 660
802 661
797 662
802 663
798 664
789 665
791 666
797 667
790 668
791 669
792 670
799 671
801 672
802 673
805 674
796 675
790 676
788 677
787 678
784 679
795 680
784 681
775 682
766 683
772 684
773 685
776 686
778 687
783 688
773 689
758 690
769 691
756 692
757 693
744 694
735 695
733 696
732 697
739 698
735 699
712 700
704 701
702 702
717 703
723 704
706 705
699 706
709 707
702 708
701 709
700 710
688 711
684 712
687 713
716 714
709 715
701 716
708 717
708 718
704 719
