447 0
439 1
433 2
431 3
432 4
430 5
432 6
429 7
423 8
419 9
415 10
413 11
413 12
411 13
407 14
405 15
405 16
401 17
397 18
396 19
394 20
391 21
390 22
391 23
388 24
384 25
380 26
377 27
374 28
370 29
369 30
370 31
363 32
362 33
357 34
356 35
356 36
355 37
354 38
352 39
347 40
343 41
339 42
331 43
321 44
309 45
301 46
294 47
294 48
293 49
290 50
290 51
290 52
286 53
285 54
283 55
283 56
280 57
278 58
275 59
276 60
271 61
259 62
257 63
250 64
247 65
246 66
247 67
242 68
238 69
228 70
218 71
207 72
200 73
197 74
186 75
183 76
179 77
177 78
174 79
171 80
166 81
159 82
154 83
150 84
149 85
147 86
150 87
142 88
130 89
127 90
128 91
126 92
125 93
127 94
126 95
124 96
118 97
115 98
112 99
109 100
108 101
107 102
104 103
99 104
94 105
96 106
104 107
98 108
84 109
81 110
78 111
76 112
71 113
69 114
65 115
58 116
60 117
57 118
53 119
48 120
47 121
55 122
36 123
31 124
32 125
27 126
48 127
48 128
18 129
57 130
71 131
5 132
3 133
4 134
97 135
53 136
8 138
5 139
27 140
82 141
222 142
233 143
454 144
518 145
434 146
90 147
515 149
438 150
515 151
345 152
515 153
128 157
56 159
130 160
130 161
391 165
391 166
57 167
92 168
132 169
64 170
645 174
32 179
32 180
1276 183
1169 184
1158 185
1269 186
1269 187
1263 188
1260 189
1260 190
1260 191
1205 192
1222 193
1253 194
1252 195
1250 196
1248 197
1246 198
1246 199
1244 200
1241 201
1239 202
1237 203
1233 204
1206 205
1227 206
1225 207
1222 208
1217 209
1214 210
1148 211
1134 212
1125 213
1122 214
1113 215
1109 216
1104 217
1100 218
1099 219
1093 220
1088 221
1092 222
1085 223
1083 224
1077 225
1067 226
1062 227
1060 228
1059 229
1053 230
1050 231
1035 232
1025 233
1022 234
1015 235
1011 236
1008 237
1000 238
999 239
1002 240
998 241
1000 242
988 243
988 244
989 245
989 246
976 247
976 248
974 249
972 250
970 251
967 252
960 253
956 254
960 255
958 256
947 257
945 258
946 259
942 260
942 261
941 262
943 263
941 264
939 265
939 266
940 267
937 268
936 269
935 270
936 271
932 272
934 273
931 274
932 275
934 276
933 277
928 278
929 279
927 280
930 281
934 282
936 283
933 284
937 285
946 286
953 287
960 288
959 289
965 290
971 291
967 292
961 293
963 294
963 295
944 296
919 297
898 298
877 299
848 300
824 301
810 302
802 303
794 304
791 305
787 306
775 307
780 308
776 309
764 310
760 311
761 312
755 313
754 314
743 315
730 316
724 317
720 318
723 319
722 320
709 321
710 322
695 323
686 324
684 325
681 326
676 327
671 328
662 329
659 330
656 331
658 332
657 333
654 334
658 335
658 336
650 337
650 338
653 339
654 340
649 341
654 342
664 343
656 344
653 345
650 346
650 347
651 348
657 349
656 350
659 351
653 352
650 353
650 354
648 355
649 356
653 357
651 358
649 359
654 360
650 361
651 362
650 363
650 364
648 365
652 366
647 367
649 368
650 369
648 370
652 371
646 372
646 373
648 374
646 375
646 376
645 377
645 378
645 379
644 380
643 381
644 382
644 383
646 384
645 385
644 386
644 387
644 388
644 389
644 390
647 391
644 392
644 393
644 394
644 395
645 396
645 397
646 398
647 399
645 400
648 401
647 402
645 403
645 404
646 405
646 406
646 407
646 408
647 409
647 410
647 411
647 412
647 413
647 414
646 415
647 416
646 417
645 418
644 419
642 420
639 421
638 422
638 423
638 424
638 425
637 426
637 427
637 428
638 429
638 430
637 431
637 432
638 433
639 434
639 435
638 436
638 437
638 438
638 439
640 440
637 441
637 442
637 443
638 444
639 445
638 446
639 447
639 448
639 449
638 450
639 451
639 452
639 453
639 454
639 455
638 456
639 457
640 458
639 459
639 460
640 461
640 462
642 463
641 464
640 465
640 466
643 467
643 468
639 469
640 470
641 471
642 472
639 473
639 474
641 475
638 476
639 477
641 478
640 479
643 480
640 481
641 482
641 483
641 484
640 485
639 486
641 487
641 488
641 489
643 490
641 491
640 492
640 493
641 494
643 495
643 496
641 497
642 498
641 499
643 500
640 501
641 502
646 503
645 504
641 505
639 506
642 507
645 508
643 509
643 510
647 511
647 512
643 513
648 514
647 515
646 516
645 517
644 518
648 519
648 520
647 521
647 522
649 523
652 524
651 525
648 526
646 527
644 528
645 529
645 530
652 531
648 532
650 533
648 534
646 535
650 536
651 537
653 538
651 539
649 540
645 541
646 542
658 543
653 544
650 545
655 546
658 547
654 548
659 549
663 550
664 551
658 552
657 553
657 554
661 555
665 556
661 557
664 558
668 559
659 560
658 561
658 562
663 563
661 564
665 565
668 566
666 567
660 568
666 569
666 570
662 571
673 572
666 573
661 574
672 575
666 576
660 577
663 578
675 579
676 580
667 581
664 582
671 583
669 584
669 585
670 586
667 587
673 588
680 589
672 590
668 591
673 592
669 593
669 594
675 595
671 596
672 597
664 598
661 599
678 600
681 601
683 602
680 603
679 604
685 605
697 606
708 607
693 608
697 609
699 610
687 611
692 612
700 613
702 614
711 615
705 616
701 617
694 618
701 619
707 620
716 621
700 622
707 623
712 624
697 625
689 626
698 627
695 628
699 629
703 630
704 631
702 632
704 633
705 634
708 635
693 636
698 637
703 638
698 639
690 640
704 641
710 642
702 643
720 644
721 645
720 646
727 647
729 648
751 649
745 650
752 651
751 652
745 653
752 654
756 655
769 656
769 657
776 658
777 659
777 660
780 661
775 662
781 663
785 664
773 665
765 666
772 667
774 668
774 669
773 670
773 671
772 672
769 673
779 674
779 675
780 676
776 677
772 678
770 679
756 680
760 681
768 682
760 683
751 684
753 685
762 686
760 687
770 688
764 689
768 690
775 691
765 692
766 693
758 694
769 695
745 696
746 697
737 698
731 699
734 700
730 701
714 702
711 703
721 704
704 705
702 706
699 707
698 708
696 709
703 710
709 711
722 712
719 713
727 714
716 715
721 716
720 717
730 718
730 719
