639 0
639 1
639 2
639 3
639 4
639 5
639 6
639 7
639 8
639 9
639 10
639 11
639 12
639 13
639 14
639 15
639 16
639 17
639 18
639 19
639 20
639 21
639 22
639 23
639 24
639 25
639 26
639 27
639 28
639 29
639 30
639 31
639 32
639 33
639 34
639 35
639 36
639 37
639 38
639 39
639 40
639 41
639 42
639 43
639 44
639 45
639 46
639 47
639 48
639 49
639 50
639 51
639 52
639 53
639 54
639 55
639 56
639 57
639 58
639 59
639 60
639 61
639 62
639 63
639 64
639 65
639 66
639 67
639 68
639 69
639 70
639 71
639 72
639 73
639 74
639 75
639 76
639 77
639 78
639 79
639 80
639 81
639 82
639 83
639 84
639 85
639 86
639 87
639 88
639 89
639 90
639 91
639 92
642 93
642 94
642 95
643 96
649 97
658 98
670 99
674 100
668 101
667 102
669 103
677 104
692 105
707 106
705 107
705 108
713 109
717 110
720 111
730 112
726 113
733 114
727 115
732 116
747 117
750 118
750 119
753 120
762 121
769 122
774 123
772 124
774 125
777 126
786 127
790 128
790 129
796 130
809 131
813 132
821 133
822 134
829 135
839 136
849 137
867 138
870 139
876 140
876 141
877 142
879 143
878 144
880 145
884 146
892 147
893 148
895 149
898 150
897 151
900 152
905 153
907 154
909 155
912 156
914 157
913 158
916 159
919 160
923 161
927 162
927 163
934 164
937 165
939 166
940 167
946 168
948 169
949 170
949 171
952 172
955 173
956 174
963 175
967 176
989 177
1000 178
1003 179
1010 180
1010 181
1012 182
1012 183
1014 184
1016 185
1016 186
1018 187
1020 188
1023 189
1025 190
1026 191
1028 192
1040 193
1048 194
1055 195
1055 196
1055 197
1058 198
1067 199
1074 200
1090 201
1105 202
1108 203
1117 204
1122 205
1125 206
1128 207
1132 208
1143 209
1145 210
1152 211
1154 212
1155 213
1151 214
1159 215
1172 216
1172 217
1170 218
1175 219
1175 220
1177 221
1179 222
1187 223
1188 224
1190 225
1193 226
1196 227
1198 228
1201 229
1207 230
1212 231
1210 232
1217 233
1218 234
1224 235
1228 236
1215 237
1235 238
1240 239
1191 240
1246 241
1245 242
1238 243
1232 244
1261 245
1194 246
1073 247
866 248
1070 249
1187 250
871 253
1160 255
944 256
1279 259
1279 260
1248 263
1279 266
1238 267
1217 268
1264 275
1278 278
1272 279
1204 284
1040 293
787 294
1101 296
788 298
788 299
877 301
877 302
964 303
643 304
386 305
4 306
6 307
10 308
14 309
18 310
24 311
63 312
45 313
31 314
36 315
40 316
41 317
45 318
48 319
48 320
51 321
54 322
55 323
56 324
59 325
59 326
60 327
61 328
63 329
66 330
79 331
70 332
72 333
75 334
75 335
80 336
83 337
87 338
90 339
97 340
154 341
172 342
178 343
187 344
190 345
197 346
201 347
205 348
207 349
207 350
211 351
212 352
214 353
216 354
217 355
218 356
221 357
222 358
229 359
233 360
236 361
240 362
243 363
263 364
267 365
265 366
269 367
272 368
265 369
271 370
273 371
273 372
292 373
297 374
299 375
304 376
304 377
309 378
313 379
318 380
321 381
322 382
317 383
319 384
327 385
332 386
334 387
333 388
334 389
335 390
337 391
337 392
341 393
349 394
352 395
358 396
354 397
354 398
358 399
360 400
357 401
357 402
363 403
365 404
369 405
370 406
371 407
375 408
377 409
377 410
375 411
375 412
377 413
380 414
378 415
380 416
380 417
379 418
377 419
378 420
370 421
366 422
368 423
368 424
366 425
370 426
393 427
415 428
425 429
425 430
425 431
447 432
455 433
465 434
474 435
481 436
493 437
504 438
510 439
514 440
536 441
535 442
544 443
555 444
557 445
559 446
564 447
558 448
565 449
569 450
572 451
573 452
569 453
571 454
567 455
565 456
578 457
577 458
579 459
576 460
577 461
584 462
585 463
589 464
584 465
585 466
587 467
589 468
590 469
594 470
599 471
598 472
597 473
598 474
599 475
601 476
600 477
604 478
600 479
603 480
602 481
596 482
599 483
599 484
596 485
596 486
600 487
595 488
599 489
600 490
600 491
602 492
603 493
604 494
603 495
604 496
607 497
610 498
609 499
609 500
608 501
609 502
609 503
609 504
611 505
612 506
611 507
610 508
610 509
611 510
613 511
613 512
612 513
613 514
613 515
612 516
611 517
612 518
614 519
614 520
616 521
616 522
612 523
612 524
615 525
615 526
617 527
617 528
618 529
618 530
616 531
620 532
620 533
620 534
620 535
619 536
618 537
619 538
618 539
620 540
621 541
621 542
620 543
621 544
622 545
623 546
624 547
625 548
626 549
626 550
621 551
622 552
622 553
623 554
622 555
624 556
624 557
625 558
625 559
629 560
631 561
633 562
631 563
631 564
630 565
630 566
630 567
632 568
633 569
634 570
634 571
633 572
633 573
634 574
634 575
636 576
635 577
636 578
636 579
635 580
635 581
637 582
637 583
636 584
636 585
635 586
636 587
637 588
637 589
637 590
636 591
637 592
637 593
635 594
634 595
636 596
637 597
636 598
637 599
636 600
635 601
638 602
638 603
637 604
636 605
638 606
637 607
635 608
637 609
636 610
636 611
632 612
632 613
632 614
626 615
633 616
635 617
637 618
635 619
634 620
635 621
636 622
634 623
637 624
637 625
637 626
636 627
636 628
633 629
633 630
631 631
634 632
636 633
637 634
638 635
637 636
637 637
638 638
633 639
633 640
636 641
633 642
631 643
633 644
634 645
634 646
634 647
634 648
633 649
632 650
632 651
632 652
635 653
633 654
629 655
628 656
630 657
631 658
630 659
632 660
632 661
632 662
625 663
626 664
626 665
626 666
623 667
623 668
626 669
622 670
623 671
623 672
625 673
623 674
622 675
622 676
620 677
618 678
612 679
615 680
623 681
616 682
617 683
617 684
615 685
608 686
610 687
618 688
619 689
614 690
611 691
613 692
617 693
613 694
607 695
598 696
606 697
605 698
601 699
596 700
593 701
594 702
593 703
596 704
605 705
607 706
600 707
607 708
603 709
600 710
591 711
597 712
602 713
599 714
597 715
590 716
590 717
598 718
599 719
