460 0
462 1
457 2
459 3
452 4
450 5
450 6
447 7
445 8
443 9
441 10
439 11
439 12
437 13
436 14
431 15
427 16
424 17
425 18
422 19
419 20
417 21
413 22
412 23
411 24
408 25
406 26
403 27
402 28
400 29
399 30
399 31
398 32
395 33
391 34
388 35
383 36
381 37
370 38
360 39
347 40
342 41
339 42
335 43
334 44
334 45
333 46
331 47
330 48
329 49
328 50
326 51
322 52
324 53
323 54
321 55
317 56
315 57
301 58
301 59
300 60
298 61
292 62
289 63
288 64
288 65
288 66
282 67
281 68
280 69
272 70
256 71
252 72
241 73
239 74
237 75
228 76
226 77
224 78
218 79
217 80
214 81
212 82
212 83
203 84
199 85
193 86
192 87
191 88
190 89
184 90
184 91
178 92
172 93
172 94
183 95
175 96
172 97
175 98
174 99
170 100
162 101
162 102
159 103
155 104
151 105
149 106
148 107
145 108
145 109
142 110
138 111
136 112
133 113
129 114
124 115
119 116
118 117
115 118
112 119
109 120
107 121
104 122
100 123
102 124
97 125
92 126
92 127
89 128
73 129
65 130
75 131
71 132
60 133
61 134
53 135
54 136
53 137
76 138
66 139
81 140
97 141
102 142
111 143
126 144
133 145
67 146
53 147
92 148
118 149
53 150
49 151
109 152
57 153
54 154
64 155
62 156
60 157
58 158
47 159
49 160
45 161
32 162
153 163
44 164
40 165
43 166
43 167
552 168
206 169
34 170
34 171
35 172
34 173
4 175
63 176
26 179
135 184
438 186
438 187
0 189
21 190
36 191
482 192
520 194
520 195
323 196
520 197
489 198
833 199
1072 200
1133 201
1140 202
1153 203
1201 204
1176 205
1168 206
1152 207
1162 208
1157 209
1155 210
1150 211
1136 212
1146 213
1145 214
1139 215
1135 216
1139 217
1135 218
1134 219
1128 220
1129 221
1127 222
1121 223
1118 224
1110 225
1100 226
1089 227
1084 228
1081 229
1073 230
1070 231
1060 232
1059 233
1058 234
1040 235
1038 236
1051 237
1048 238
1039 239
1031 240
1032 241
1027 242
1027 243
1026 244
1018 245
1009 246
1009 247
1007 248
989 249
986 250
992 251
982 252
980 253
989 254
985 255
983 256
984 257
982 258
977 259
972 260
972 261
970 262
969 263
963 264
963 265
962 266
962 267
960 268
960 269
958 270
958 271
959 272
959 273
957 274
957 275
957 276
956 277
954 278
956 279
957 280
957 281
958 282
963 283
964 284
963 285
973 286
976 287
984 288
990 289
996 290
989 291
982 292
989 293
984 294
983 295
967 296
966 297
952 298
926 299
905 300
886 301
865 302
844 303
843 304
839 305
836 306
828 307
821 308
807 309
803 310
801 311
792 312
790 313
795 314
782 315
778 316
776 317
773 318
773 319
764 320
758 321
754 322
749 323
739 324
731 325
727 326
731 327
721 328
712 329
709 330
705 331
699 332
695 333
694 334
693 335
689 336
677 337
680 338
677 339
678 340
681 341
676 342
678 343
671 344
671 345
669 346
668 347
668 348
657 349
659 350
672 351
659 352
656 353
658 354
660 355
664 356
662 357
657 358
662 359
659 360
654 361
658 362
668 363
658 364
650 365
648 366
660 367
648 368
650 369
651 370
645 371
646 372
643 373
639 374
639 375
648 376
650 377
650 378
648 379
646 380
646 381
644 382
647 383
647 384
651 385
641 386
640 387
646 388
643 389
641 390
643 391
638 392
639 393
637 394
636 395
634 396
634 397
634 398
638 399
636 400
633 401
632 402
634 403
634 404
636 405
631 406
630 407
633 408
630 409
631 410
634 411
632 412
632 413
634 414
636 415
637 416
636 417
635 418
644 419
649 420
650 421
644 422
643 423
641 424
643 425
647 426
649 427
646 428
652 429
647 430
648 431
642 432
642 433
648 434
645 435
643 436
643 437
646 438
648 439
648 440
644 441
642 442
641 443
642 444
641 445
643 446
648 447
647 448
644 449
644 450
645 451
645 452
641 453
643 454
649 455
647 456
642 457
643 458
643 459
644 460
644 461
645 462
648 463
641 464
637 465
639 466
635 467
640 468
641 469
638 470
638 471
640 472
640 473
643 474
642 475
638 476
639 477
634 478
639 479
637 480
638 481
642 482
646 483
631 484
632 485
638 486
638 487
638 488
634 489
634 490
634 491
634 492
636 493
635 494
635 495
637 496
635 497
634 498
633 499
632 500
633 501
640 502
644 503
642 504
638 505
637 506
635 507
634 508
634 509
634 510
637 511
638 512
634 513
634 514
636 515
634 516
636 517
637 518
638 519
635 520
639 521
638 522
634 523
635 524
640 525
639 526
637 527
635 528
636 529
640 530
641 531
638 532
636 533
635 534
636 535
636 536
636 537
637 538
639 539
637 540
639 541
638 542
645 543
643 544
635 545
637 546
638 547
640 548
644 549
642 550
639 551
650 552
653 553
649 554
643 555
640 556
639 557
637 558
645 559
644 560
641 561
642 562
642 563
640 564
647 565
650 566
649 567
642 568
643 569
648 570
649 571
644 572
642 573
647 574
646 575
647 576
646 577
646 578
644 579
649 580
644 581
645 582
651 583
653 584
652 585
658 586
667 587
659 588
659 589
662 590
665 591
660 592
660 593
658 594
658 595
660 596
657 597
658 598
665 599
673 600
671 601
672 602
671 603
678 604
684 605
686 606
682 607
680 608
685 609
691 610
689 611
698 612
702 613
697 614
696 615
715 616
703 617
695 618
693 619
697 620
705 621
709 622
709 623
702 624
704 625
707 626
711 627
715 628
716 629
708 630
694 631
702 632
699 633
698 634
702 635
712 636
721 637
722 638
739 639
747 640
739 641
739 642
736 643
755 644
750 645
752 646
752 647
759 648
772 649
786 650
781 651
765 652
782 653
795 654
801 655
799 656
806 657
804 658
801 659
789 660
788 661
795 662
782 663
788 664
792 665
795 666
795 667
795 668
781 669
782 670
781 671
767 672
776 673
787 674
793 675
790 676
791 677
777 678
783 679
790 680
784 681
781 682
785 683
782 684
773 685
775 686
765 687
760 688
763 689
750 690
753 691
759 692
744 693
747 694
741 695
727 696
719 697
725 698
735 699
734 700
723 701
729 702
729 703
735 704
718 705
715 706
710 707
708 708
708 709
718 710
710 711
696 712
708 713
701 714
715 715
714 716
720 717
714 718
714 719
