639 0
639 1
639 2
639 3
639 4
639 5
639 6
639 7
639 8
639 9
639 10
639 11
639 12
639 13
639 14
639 15
639 16
639 17
639 18
639 19
639 20
639 21
639 22
639 23
639 24
639 25
639 26
639 27
639 28
639 29
639 30
639 31
639 32
639 33
639 34
639 35
639 36
639 37
639 38
639 39
639 40
639 41
639 42
639 43
639 44
639 45
639 46
639 47
639 48
639 49
639 50
639 51
639 52
639 53
639 54
639 55
639 56
639 57
639 58
639 59
639 60
639 61
639 62
639 63
639 64
639 65
639 66
639 67
639 68
639 69
639 70
639 71
639 72
639 73
639 74
639 75
639 76
639 77
639 78
639 79
639 80
639 81
639 82
639 83
639 84
639 85
639 86
639 87
639 88
639 89
639 90
639 91
639 92
641 93
641 94
642 95
648 96
652 97
655 98
662 99
667 100
676 101
669 102
667 103
671 104
684 105
690 106
694 107
701 108
701 109
706 110
708 111
718 112
723 113
725 114
728 115
727 116
735 117
742 118
746 119
750 120
757 121
763 122
768 123
766 124
768 125
775 126
785 127
787 128
786 129
792 130
803 131
814 132
813 133
815 134
817 135
830 136
846 137
870 138
871 139
868 140
874 141
874 142
874 143
876 144
880 145
884 146
888 147
888 148
893 149
895 150
898 151
898 152
902 153
908 154
909 155
912 156
910 157
911 158
913 159
916 160
918 161
922 162
927 163
933 164
936 165
938 166
939 167
944 168
945 169
947 170
946 171
950 172
953 173
955 174
962 175
964 176
975 177
996 178
995 179
1008 180
1011 181
1008 182
1011 183
1013 184
1015 185
1015 186
1014 187
1015 188
1019 189
1023 190
1024 191
1023 192
1038 193
1046 194
1054 195
1055 196
1055 197
1055 198
1066 199
1075 200
1090 201
1105 202
1108 203
1115 204
1120 205
1125 206
1128 207
1130 208
1138 209
1143 210
1153 211
1154 212
1153 213
1154 214
1161 215
1168 216
1174 217
1176 218
1172 219
1173 220
1174 221
1176 222
1182 223
1179 224
1188 225
1193 226
1194 227
1197 228
1201 229
1207 230
1209 231
1208 232
1217 233
1217 234
1220 235
1222 236
1210 237
1225 238
1229 239
1179 240
1205 241
1215 242
1233 243
1255 244
1261 245
1226 246
1077 247
1044 248
1258 249
858 250
858 251
858 252
861 254
861 255
1001 256
1279 257
1217 262
1264 264
1263 266
1240 277
1274 279
1193 280
1203 282
1178 283
752 285
752 286
776 295
772 296
773 297
778 298
778 299
958 301
958 302
851 303
0 305
4 306
6 307
11 308
14 309
18 310
24 311
24 312
46 313
33 314
36 315
113 316
92 317
53 318
56 319
59 320
51 321
62 322
54 323
57 324
58 325
65 326
66 327
62 328
64 329
66 330
68 331
70 332
72 333
75 334
78 335
79 336
83 337
88 338
90 339
95 340
143 341
174 342
180 343
191 344
197 345
199 346
200 347
203 348
207 349
209 350
211 351
214 352
216 353
217 354
219 355
219 356
220 357
223 358
227 359
227 360
232 361
241 362
249 363
261 364
269 365
266 366
275 367
276 368
276 369
282 370
278 371
281 372
286 373
286 374
292 375
302 376
300 377
307 378
317 379
319 380
320 381
325 382
331 383
328 384
328 385
335 386
335 387
337 388
338 389
335 390
335 391
340 392
340 393
343 394
349 395
352 396
353 397
354 398
355 399
359 400
362 401
364 402
362 403
359 404
364 405
365 406
366 407
370 408
370 409
374 410
375 411
378 412
378 413
380 414
381 415
380 416
382 417
381 418
380 419
385 420
386 421
384 422
384 423
376 424
378 425
383 426
395 427
409 428
423 429
427 430
433 431
444 432
454 433
466 434
464 435
499 436
510 437
519 438
529 439
538 440
532 441
548 442
556 443
553 444
559 445
567 446
567 447
572 448
577 449
585 450
581 451
578 452
577 453
584 454
583 455
583 456
586 457
588 458
586 459
588 460
589 461
588 462
585 463
585 464
590 465
590 466
590 467
597 468
598 469
601 470
603 471
602 472
603 473
601 474
599 475
603 476
605 477
602 478
598 479
601 480
603 481
601 482
602 483
599 484
603 485
602 486
600 487
601 488
600 489
598 490
603 491
605 492
604 493
604 494
603 495
605 496
605 497
608 498
610 499
611 500
611 501
611 502
611 503
611 504
613 505
613 506
614 507
615 508
614 509
613 510
614 511
615 512
614 513
615 514
612 515
612 516
615 517
616 518
615 519
617 520
618 521
617 522
617 523
617 524
616 525
615 526
619 527
618 528
618 529
619 530
619 531
621 532
623 533
623 534
623 535
622 536
623 537
622 538
621 539
624 540
624 541
625 542
623 543
625 544
625 545
625 546
626 547
629 548
628 549
627 550
626 551
624 552
625 553
626 554
625 555
626 556
629 557
631 558
633 559
635 560
635 561
635 562
635 563
635 564
636 565
636 566
634 567
634 568
636 569
635 570
636 571
636 572
635 573
635 574
635 575
637 576
636 577
636 578
636 579
638 580
638 581
637 582
638 583
637 584
638 585
638 586
638 587
638 588
637 589
638 590
638 591
639 592
638 593
638 594
637 595
638 596
638 597
638 598
638 599
638 600
638 601
637 602
637 603
637 604
638 605
638 606
637 607
638 608
638 609
638 610
638 611
636 612
638 613
638 614
635 615
636 616
635 617
633 618
632 619
634 620
637 621
637 622
636 623
637 624
638 625
638 626
636 627
637 628
638 629
637 630
636 631
637 632
638 633
636 634
638 635
638 636
637 637
638 638
637 639
639 640
637 641
637 642
638 643
635 644
635 645
637 646
635 647
635 648
637 649
635 650
636 651
635 652
635 653
635 654
634 655
634 656
632 657
631 658
630 659
634 660
632 661
631 662
627 663
628 664
628 665
629 666
628 667
622 668
627 669
627 670
624 671
628 672
631 673
626 674
627 675
626 676
628 677
626 678
622 679
628 680
625 681
624 682
624 683
622 684
620 685
619 686
614 687
621 688
623 689
621 690
620 691
616 692
607 693
612 694
621 695
623 696
618 697
616 698
613 699
616 700
613 701
611 702
601 703
601 704
611 705
609 706
605 707
602 708
607 709
611 710
609 711
605 712
603 713
603 714
599 715
606 716
612 717
611 718
613 719
