546 315
547 316
547 317
547 318
548 319
549 320
548 321
548 322
548 323
548 324
546 325
546 326
547 327
547 328
549 329
546 330
545 331
546 332
546 333
546 334
546 335
546 336
544 337
546 338
546 339
543 340
544 341
543 342
542 343
543 344
545 354
541 358
542 359
482 360
480 361
480 362
479 363
486 364
490 365
477 366
475 367
483 368
473 369
498 370
494 371
489 372
480 373
493 374
535 375
518 376
540 377
541 378
544 383
541 384
541 395
540 396
540 397
540 398
539 399
536 400
502 416
502 417
518 421
519 422
516 423
516 428
514 429
513 430
515 431
514 432
513 433
513 434
519 435
519 436
519 437
483 440
512 584
510 592
