639 0
639 1
639 2
639 3
639 4
639 5
639 6
639 7
639 8
639 9
639 10
639 11
639 12
639 13
639 14
639 15
639 16
639 17
639 18
639 19
639 20
639 21
639 22
639 23
639 24
639 25
639 26
639 27
639 28
639 29
639 30
639 31
639 32
639 33
639 34
639 35
639 36
639 37
639 38
639 39
639 40
639 41
639 42
639 43
639 44
639 45
639 46
639 47
639 48
639 49
639 50
639 51
639 52
639 53
639 54
639 55
639 56
639 57
639 58
639 59
639 60
639 61
639 62
639 63
639 64
639 65
639 66
639 67
639 68
639 69
639 70
639 71
639 72
639 73
639 74
639 75
639 76
639 77
639 78
639 79
639 80
639 81
639 82
639 83
639 84
639 85
639 86
639 87
639 88
639 89
639 90
639 91
639 92
641 93
643 94
644 95
647 96
653 97
662 98
667 99
668 100
667 101
663 102
671 103
679 104
684 105
691 106
695 107
693 108
702 109
710 110
717 111
720 112
722 113
726 114
727 115
729 116
734 117
742 118
749 119
751 120
756 121
759 122
770 123
768 124
772 125
774 126
784 127
789 128
790 129
792 130
807 131
808 132
813 133
813 134
823 135
831 136
845 137
867 138
870 139
869 140
872 141
877 142
875 143
877 144
881 145
887 146
890 147
892 148
889 149
896 150
898 151
901 152
901 153
906 154
910 155
912 156
913 157
914 158
912 159
916 160
921 161
925 162
931 163
935 164
938 165
939 166
942 167
945 168
947 169
947 170
948 171
950 172
952 173
954 174
959 175
969 176
980 177
988 178
995 179
1008 180
1010 181
1012 182
1011 183
1013 184
1013 185
1014 186
1015 187
1017 188
1023 189
1025 190
1025 191
1025 192
1040 193
1048 194
1055 195
1056 196
1056 197
1060 198
1069 199
1081 200
1093 201
1102 202
1112 203
1118 204
1123 205
1125 206
1128 207
1131 208
1141 209
1146 210
1153 211
1156 212
1152 213
1154 214
1166 215
1173 216
1174 217
1173 218
1172 219
1176 220
1173 221
1178 222
1184 223
1186 224
1190 225
1190 226
1196 227
1196 228
1195 229
1195 230
1202 231
1213 232
1216 233
1217 234
1219 235
1218 236
1234 237
1236 238
1219 239
1201 240
1241 241
1244 242
1236 243
1246 244
1260 245
1250 246
1242 247
1259 248
1271 249
1279 250
1279 251
1279 252
1279 253
780 255
1187 256
1240 258
1203 259
1148 263
1272 264
1272 265
1263 267
955 277
1264 279
1277 283
1279 284
749 288
1192 295
1192 296
775 301
775 302
774 303
809 304
417 305
160 306
103 307
91 308
83 309
54 310
25 311
44 312
31 313
35 314
39 315
72 316
82 317
84 318
76 319
68 320
76 321
69 322
63 323
79 324
65 325
60 326
61 327
62 328
64 329
66 330
73 331
80 332
71 333
75 334
79 335
81 336
84 337
88 338
91 339
95 340
160 341
176 342
182 343
188 344
193 345
197 346
200 347
205 348
207 349
209 350
213 351
215 352
215 353
216 354
219 355
219 356
222 357
224 358
226 359
230 360
236 361
244 362
251 363
257 364
263 365
267 366
267 367
267 368
269 369
278 370
280 371
283 372
286 373
288 374
289 375
295 376
301 377
302 378
295 379
309 380
320 381
320 382
323 383
326 384
327 385
327 386
331 387
336 388
331 389
333 390
338 391
334 392
337 393
340 394
344 395
342 396
341 397
345 398
350 399
352 400
353 401
357 402
358 403
355 404
357 405
362 406
362 407
366 408
365 409
364 410
368 411
369 412
372 413
375 414
374 415
375 416
374 417
378 418
380 419
381 420
381 421
381 422
381 423
375 424
379 425
384 426
408 427
419 428
429 429
433 430
439 431
452 432
459 433
465 434
475 435
489 436
507 437
521 438
516 439
524 440
538 441
546 442
561 443
563 444
567 445
575 446
568 447
571 448
578 449
579 450
585 451
583 452
575 453
580 454
583 455
578 456
581 457
582 458
590 459
589 460
588 461
590 462
593 463
595 464
592 465
592 466
591 467
590 468
595 469
599 470
593 471
603 472
605 473
603 474
599 475
603 476
604 477
602 478
601 479
603 480
605 481
600 482
598 483
601 484
598 485
602 486
600 487
602 488
603 489
603 490
603 491
604 492
605 493
606 494
604 495
602 496
606 497
609 498
610 499
610 500
610 501
609 502
610 503
612 504
611 505
612 506
615 507
613 508
614 509
616 510
615 511
617 512
616 513
615 514
614 515
615 516
617 517
616 518
616 519
616 520
618 521
617 522
615 523
615 524
616 525
618 526
618 527
619 528
619 529
621 530
620 531
619 532
623 533
625 534
623 535
622 536
623 537
622 538
622 539
623 540
624 541
623 542
622 543
624 544
625 545
626 546
627 547
630 548
630 549
628 550
628 551
625 552
627 553
627 554
628 555
629 556
632 557
631 558
634 559
635 560
636 561
635 562
635 563
635 564
635 565
636 566
636 567
636 568
637 569
636 570
636 571
636 572
636 573
636 574
636 575
636 576
636 577
636 578
636 579
636 580
636 581
637 582
638 583
638 584
638 585
638 586
638 587
637 588
637 589
638 590
638 591
638 592
639 593
639 594
638 595
638 596
638 597
636 598
638 599
637 600
638 601
638 602
637 603
638 604
637 605
637 606
637 607
637 608
639 609
638 610
637 611
637 612
639 613
638 614
635 615
637 616
637 617
637 618
635 619
635 620
635 621
634 622
632 623
635 624
636 625
637 626
638 627
636 628
637 629
638 630
637 631
637 632
638 633
638 634
637 635
632 636
634 637
637 638
638 639
637 640
638 641
637 642
637 643
638 644
637 645
637 646
637 647
634 648
636 649
634 650
632 651
635 652
636 653
634 654
634 655
634 656
633 657
632 658
633 659
635 660
633 661
631 662
628 663
626 664
627 665
628 666
628 667
628 668
629 669
628 670
625 671
622 672
627 673
625 674
628 675
628 676
623 677
621 678
623 679
622 680
622 681
624 682
622 683
618 684
621 685
616 686
619 687
616 688
618 689
613 690
618 691
614 692
612 693
611 694
615 695
617 696
613 697
613 698
617 699
610 700
610 701
616 702
613 703
607 704
608 705
610 706
605 707
606 708
603 709
606 710
603 711
601 712
598 713
604 714
610 715
603 716
597 717
604 718
607 719
