639 0
639 1
639 2
639 3
639 4
639 5
639 6
639 7
639 8
639 9
639 10
639 11
639 12
639 13
639 14
639 15
639 16
639 17
639 18
639 19
639 20
639 21
639 22
639 23
639 24
639 25
639 26
639 27
639 28
639 29
639 30
639 31
639 32
639 33
639 34
639 35
639 36
639 37
639 38
639 39
639 40
639 41
639 42
639 43
639 44
639 45
639 46
639 47
639 48
639 49
639 50
639 51
639 52
639 53
639 54
639 55
639 56
639 57
639 58
639 59
639 60
639 61
639 62
639 63
639 64
639 65
639 66
639 67
639 68
639 69
639 70
639 71
639 72
639 73
639 74
639 75
639 76
639 77
639 78
639 79
639 80
639 81
639 82
639 83
639 84
639 85
639 86
639 87
639 88
639 89
639 90
639 91
639 92
641 93
641 94
642 95
647 96
652 97
662 98
666 99
667 100
665 101
667 102
668 103
670 104
686 105
691 106
692 107
695 108
704 109
708 110
714 111
720 112
722 113
724 114
725 115
727 116
735 117
737 118
747 119
750 120
756 121
764 122
769 123
770 124
770 125
771 126
783 127
789 128
788 129
792 130
802 131
813 132
814 133
814 134
823 135
829 136
846 137
870 138
869 139
876 140
874 141
874 142
876 143
875 144
879 145
883 146
891 147
892 148
891 149
894 150
899 151
898 152
900 153
907 154
908 155
910 156
910 157
913 158
914 159
912 160
917 161
923 162
929 163
935 164
936 165
939 166
941 167
946 168
947 169
947 170
946 171
947 172
952 173
954 174
964 175
965 176
983 177
995 178
998 179
1007 180
1010 181
1009 182
1011 183
1011 184
1012 185
1015 186
1016 187
1018 188
1023 189
1026 190
1025 191
1024 192
1038 193
1050 194
1056 195
1056 196
1056 197
1057 198
1068 199
1079 200
1095 201
1107 202
1108 203
1116 204
1122 205
1125 206
1128 207
1131 208
1140 209
1143 210
1149 211
1155 212
1153 213
1155 214
1158 215
1167 216
1176 217
1176 218
1172 219
1175 220
1174 221
1178 222
1188 223
1189 224
1186 225
1190 226
1196 227
1198 228
1200 229
1201 230
1194 231
1207 232
1210 233
1216 234
1218 235
1226 236
1223 237
1222 238
1216 239
1223 240
1233 241
1234 242
1224 243
1212 244
1196 245
1182 246
1154 247
1039 248
1279 249
854 250
855 251
854 252
1188 253
1026 254
1144 255
1046 256
1155 257
1155 258
1193 259
1192 260
1147 263
1264 264
1273 265
1248 266
1253 267
775 300
774 301
840 302
851 303
924 304
320 305
282 306
106 307
97 308
79 309
56 310
25 311
98 312
32 313
34 314
37 315
40 316
44 317
44 318
66 319
76 320
52 321
53 322
55 323
80 324
73 325
60 326
62 327
69 328
63 329
67 330
78 331
76 332
74 333
75 334
79 335
81 336
85 337
89 338
90 339
97 340
162 341
174 342
182 343
189 344
194 345
198 346
200 347
205 348
207 349
209 350
212 351
214 352
214 353
217 354
218 355
218 356
221 357
224 358
225 359
231 360
236 361
238 362
243 363
251 364
259 365
268 366
275 367
279 368
279 369
278 370
276 371
279 372
293 373
290 374
289 375
290 376
294 377
297 378
302 379
310 380
312 381
325 382
325 383
326 384
331 385
331 386
333 387
336 388
338 389
336 390
338 391
339 392
342 393
343 394
343 395
346 396
345 397
345 398
350 399
346 400
348 401
351 402
358 403
359 404
363 405
362 406
371 407
372 408
372 409
370 410
370 411
372 412
370 413
374 414
377 415
375 416
378 417
378 418
379 419
380 420
384 421
384 422
387 423
381 424
384 425
388 426
413 427
429 428
437 429
446 430
447 431
446 432
446 433
467 434
477 435
488 436
496 437
512 438
535 439
530 440
543 441
543 442
557 443
563 444
562 445
565 446
565 447
570 448
576 449
575 450
567 451
570 452
575 453
574 454
574 455
580 456
583 457
580 458
584 459
579 460
579 461
586 462
588 463
593 464
591 465
590 466
591 467
592 468
596 469
602 470
600 471
602 472
602 473
603 474
603 475
603 476
604 477
606 478
601 479
606 480
605 481
604 482
599 483
601 484
601 485
600 486
597 487
601 488
601 489
603 490
604 491
604 492
604 493
602 494
602 495
604 496
605 497
607 498
608 499
608 500
607 501
609 502
610 503
609 504
610 505
610 506
610 507
613 508
617 509
616 510
616 511
615 512
616 513
615 514
615 515
615 516
615 517
616 518
615 519
617 520
618 521
618 522
619 523
618 524
619 525
619 526
617 527
617 528
620 529
619 530
620 531
623 532
624 533
624 534
624 535
624 536
623 537
621 538
620 539
621 540
623 541
624 542
624 543
625 544
625 545
626 546
626 547
626 548
628 549
629 550
627 551
625 552
625 553
627 554
630 555
629 556
628 557
632 558
633 559
634 560
635 561
633 562
635 563
635 564
635 565
636 566
637 567
636 568
637 569
636 570
637 571
636 572
635 573
636 574
635 575
636 576
636 577
636 578
636 579
638 580
637 581
637 582
636 583
637 584
638 585
638 586
637 587
637 588
638 589
638 590
638 591
639 592
638 593
637 594
637 595
638 596
639 597
638 598
637 599
637 600
637 601
637 602
638 603
638 604
639 605
639 606
637 607
638 608
638 609
636 610
635 611
638 612
638 613
637 614
635 615
636 616
639 617
637 618
635 619
634 620
633 621
634 622
634 623
632 624
633 625
635 626
636 627
638 628
638 629
638 630
636 631
635 632
635 633
636 634
637 635
638 636
633 637
635 638
636 639
636 640
637 641
638 642
638 643
636 644
637 645
637 646
635 647
637 648
636 649
631 650
631 651
635 652
632 653
631 654
633 655
631 656
634 657
632 658
633 659
632 660
632 661
632 662
630 663
624 664
628 665
626 666
626 667
628 668
628 669
623 670
625 671
627 672
627 673
626 674
625 675
625 676
625 677
624 678
622 679
624 680
622 681
621 682
618 683
621 684
622 685
621 686
618 687
621 688
617 689
621 690
619 691
620 692
619 693
614 694
615 695
617 696
620 697
615 698
612 699
618 700
617 701
618 702
616 703
597 704
602 705
600 706
597 707
606 708
609 709
609 710
608 711
609 712
615 713
613 714
608 715
600 716
608 717
610 718
612 719
