639 0
639 1
639 2
639 3
639 4
639 5
639 6
639 7
639 8
639 9
639 10
639 11
639 12
639 13
639 14
639 15
639 16
639 17
639 18
639 19
639 20
639 21
639 22
639 23
639 24
639 25
639 26
639 27
639 28
639 29
639 30
639 31
639 32
639 33
639 34
639 35
639 36
639 37
639 38
639 39
639 40
639 41
639 42
639 43
639 44
639 45
639 46
639 47
639 48
639 49
639 50
639 51
639 52
639 53
639 54
639 55
639 56
639 57
639 58
639 59
639 60
639 61
639 62
639 63
639 64
639 65
639 66
639 67
639 68
639 69
639 70
639 71
639 72
639 73
639 74
639 75
639 76
639 77
639 78
639 79
639 80
639 81
639 82
639 83
639 84
639 85
639 86
638 87
639 88
639 89
639 90
639 91
639 92
639 93
639 94
639 95
639 96
639 97
639 98
639 99
639 100
639 101
639 102
639 103
638 104
639 105
639 106
639 107
639 108
639 109
639 110
639 111
639 112
639 113
638 114
639 115
639 116
639 117
639 118
638 119
639 120
639 121
639 122
639 123
639 124
639 125
639 126
639 127
639 128
639 129
639 130
639 131
639 132
639 133
639 134
639 135
639 136
639 137
639 138
639 139
639 140
638 141
639 142
639 143
639 144
639 145
639 146
639 147
639 148
639 149
639 150
639 151
639 152
639 153
639 154
639 155
639 156
639 157
639 158
639 159
639 160
639 161
639 162
639 163
639 164
639 165
639 166
638 167
639 168
639 169
639 170
639 171
639 172
639 173
639 174
639 175
639 176
639 177
639 178
639 179
639 180
639 181
639 182
639 183
639 184
639 185
639 186
639 187
639 188
639 189
639 190
639 191
639 192
639 193
639 194
639 195
639 196
639 197
639 198
639 199
639 200
639 201
639 202
639 203
639 204
639 205
639 206
639 207
639 208
638 209
639 210
639 211
639 212
639 213
639 214
639 215
639 216
639 217
639 218
639 219
639 220
639 221
639 222
639 223
639 224
639 225
639 226
639 227
639 228
639 229
639 230
639 231
639 232
639 233
639 234
639 235
639 236
639 237
639 238
639 239
639 240
639 241
639 242
639 243
639 244
639 245
639 246
639 247
639 248
639 249
639 250
639 251
639 252
639 253
639 254
639 255
639 256
639 257
639 258
639 259
639 260
639 261
639 262
639 263
639 264
639 265
639 266
639 267
639 268
639 269
639 270
639 271
639 272
639 273
639 274
639 275
639 276
639 277
639 278
639 279
639 280
639 281
639 282
639 283
639 284
639 285
639 286
639 287
639 288
639 289
639 290
639 291
639 292
639 293
639 294
639 295
639 296
639 297
639 298
639 299
639 300
639 301
639 302
639 303
639 304
639 305
639 306
639 307
639 308
639 309
639 310
639 311
639 312
639 313
639 314
639 315
639 316
639 317
639 318
639 319
639 320
639 321
639 322
639 323
639 324
639 325
639 326
640 327
639 328
639 329
639 330
639 331
639 332
639 333
639 334
639 335
639 336
639 337
639 338
639 339
639 340
639 341
639 342
639 343
639 344
639 345
639 346
639 347
639 348
639 349
639 350
639 351
639 352
639 353
639 354
639 355
639 356
639 357
639 358
639 359
639 360
639 361
639 362
639 363
639 364
639 365
639 366
639 367
639 368
639 369
639 370
639 371
639 372
639 373
639 374
639 375
639 376
639 377
639 378
639 379
639 380
639 381
639 382
639 383
639 384
639 385
639 386
639 387
639 388
639 389
639 390
639 391
639 392
639 393
639 394
639 395
639 396
639 397
639 398
639 399
639 400
639 401
639 402
639 403
639 404
639 405
639 406
639 407
639 408
639 409
639 410
639 411
639 412
639 413
639 414
639 415
639 416
639 417
639 418
639 419
639 420
639 421
639 422
639 423
639 424
639 425
639 426
639 427
639 428
639 429
639 430
639 431
639 432
639 433
639 434
639 435
639 436
639 437
639 438
639 439
639 440
639 441
639 442
639 443
639 444
639 445
639 446
639 447
639 448
639 449
639 450
639 451
639 452
639 453
639 454
639 455
639 456
639 457
639 458
639 459
639 460
639 461
639 462
639 463
639 464
639 465
639 466
639 467
639 468
639 469
639 470
639 471
639 472
639 473
639 474
639 475
639 476
639 477
639 478
639 479
639 480
639 481
639 482
639 483
639 484
639 485
639 486
639 487
639 488
639 489
639 490
639 491
639 492
639 493
639 494
639 495
639 496
639 497
639 498
639 499
639 500
639 501
639 502
639 503
639 504
639 505
639 506
639 507
639 508
639 509
639 510
639 511
639 512
639 513
639 514
639 515
639 516
639 517
639 518
639 519
639 520
639 521
639 522
639 523
639 524
639 525
639 526
639 527
639 528
639 529
639 530
639 531
639 532
639 533
639 534
639 535
639 536
639 537
639 538
639 539
639 540
639 541
639 542
639 543
639 544
639 545
639 546
639 547
639 548
639 549
639 550
639 551
639 552
639 553
639 554
639 555
639 556
639 557
639 558
639 559
639 560
639 561
639 562
639 563
639 564
639 565
639 566
639 567
639 568
639 569
639 570
639 571
639 572
639 573
639 574
639 575
639 576
639 577
639 578
639 579
639 580
639 581
639 582
639 583
639 584
639 585
639 586
639 587
639 588
639 589
639 590
639 591
639 592
639 593
639 594
639 595
639 596
639 597
639 598
639 599
639 600
639 601
639 602
639 603
639 604
639 605
639 606
639 607
639 608
639 609
639 610
639 611
639 612
639 613
639 614
639 615
639 616
639 617
639 618
639 619
639 620
639 621
639 622
639 623
639 624
639 625
639 626
639 627
639 628
639 629
639 630
639 631
639 632
639 633
639 634
639 635
639 636
639 637
639 638
639 639
639 640
639 641
639 642
639 643
639 644
639 645
639 646
639 647
639 648
639 649
639 650
639 651
639 652
639 653
639 654
639 655
639 656
639 657
639 658
639 659
639 660
639 661
639 662
639 663
639 664
639 665
639 666
639 667
639 668
639 669
639 670
639 671
639 672
639 673
639 674
639 675
639 676
639 677
639 678
639 679
639 680
639 681
639 682
639 683
639 684
639 685
639 686
639 687
639 688
639 689
639 690
639 691
639 692
639 693
639 694
639 695
639 696
639 697
639 698
639 699
639 700
639 701
639 702
639 703
639 704
639 705
639 706
639 707
639 708
639 709
639 710
639 711
639 712
639 713
639 714
639 715
639 716
639 717
639 718
639 719
