472 0
466 1
452 2
439 3
436 4
438 5
438 6
431 7
432 8
422 9
419 10
418 11
416 12
418 13
414 14
416 15
413 16
407 17
409 18
400 19
401 20
400 21
405 22
408 23
395 24
395 25
386 26
383 27
380 28
376 29
375 30
377 31
378 32
368 33
368 34
362 35
365 36
362 37
359 38
357 39
356 40
352 41
345 42
347 43
344 44
327 45
314 46
311 47
299 48
300 49
308 50
307 51
298 52
292 53
290 54
291 55
287 56
283 57
284 58
287 59
287 60
280 61
269 62
271 63
261 64
256 65
254 66
257 67
248 68
245 69
243 70
229 71
234 72
216 73
219 74
205 75
192 76
192 77
190 78
196 79
183 80
183 81
185 82
171 83
174 84
193 85
202 86
219 87
210 88
196 89
198 90
201 91
213 92
209 93
193 94
193 95
198 96
184 97
184 98
182 99
166 100
167 101
172 102
182 103
165 104
153 105
140 106
148 107
136 108
143 109
152 110
181 111
163 112
149 113
125 114
126 115
125 116
133 117
136 118
140 119
141 120
127 121
115 122
137 123
168 124
181 125
123 126
146 127
155 128
114 129
129 130
120 131
187 132
200 133
212 134
183 135
190 136
249 137
203 138
252 139
226 140
209 141
175 142
176 143
161 144
100 145
147 146
117 147
106 148
83 149
181 150
187 151
152 152
134 153
149 154
212 155
224 156
242 157
267 158
230 159
192 160
202 161
214 162
280 163
291 164
228 165
182 166
215 167
107 168
99 169
133 170
153 171
149 172
286 173
300 174
94 175
179 176
263 177
299 178
283 179
239 180
275 181
248 182
326 183
484 184
704 185
806 186
910 187
835 188
948 189
983 190
913 191
1103 192
1213 193
1253 194
1171 195
1192 196
1158 197
1102 198
1101 199
1048 200
1164 201
1165 202
1171 203
1180 204
1183 205
1179 206
1150 207
1155 208
1172 209
1165 210
1124 211
1112 212
1102 213
1094 214
1078 215
1070 216
1071 217
1071 218
1063 219
1057 220
1047 221
1046 222
1035 223
1025 224
1034 225
1042 226
1051 227
1062 228
1043 229
1035 230
1034 231
1018 232
1018 233
1013 234
1021 235
1014 236
1011 237
1001 238
990 239
999 240
990 241
989 242
993 243
989 244
983 245
978 246
970 247
962 248
963 249
967 250
963 251
958 252
952 253
948 254
944 255
953 256
943 257
936 258
943 259
943 260
934 261
933 262
934 263
930 264
931 265
922 266
907 267
903 268
905 269
913 270
916 271
904 272
904 273
896 274
900 275
898 276
909 277
905 278
900 279
899 280
901 281
898 282
901 283
904 284
905 285
903 286
906 287
911 288
909 289
890 290
894 291
907 292
906 293
911 294
896 295
896 296
903 297
911 298
908 299
887 300
870 301
858 302
839 303
831 304
817 305
803 306
802 307
799 308
791 309
783 310
778 311
779 312
770 313
768 314
760 315
749 316
740 317
737 318
719 319
716 320
713 321
704 322
697 323
686 324
682 325
672 326
671 327
665 328
662 329
658 330
656 331
654 332
653 333
653 334
653 335
652 336
649 337
649 338
650 339
649 340
647 341
649 342
652 343
651 344
648 345
650 346
654 347
652 348
648 349
647 350
648 351
646 352
645 353
646 354
647 355
648 356
648 357
651 358
648 359
649 360
648 361
648 362
648 363
649 364
650 365
651 366
653 367
652 368
652 369
652 370
653 371
654 372
653 373
652 374
651 375
651 376
650 377
650 378
651 379
651 380
650 381
649 382
650 383
648 384
650 385
651 386
651 387
651 388
651 389
652 390
653 391
651 392
652 393
650 394
652 395
651 396
650 397
651 398
652 399
652 400
653 401
654 402
655 403
652 404
652 405
652 406
651 407
652 408
652 409
653 410
651 411
651 412
649 413
650 414
650 415
649 416
649 417
650 418
650 419
651 420
651 421
651 422
652 423
652 424
651 425
652 426
652 427
651 428
652 429
651 430
653 431
652 432
652 433
652 434
652 435
651 436
651 437
650 438
650 439
650 440
649 441
648 442
648 443
646 444
644 445
641 446
641 447
640 448
641 449
640 450
641 451
641 452
640 453
640 454
639 455
639 456
639 457
639 458
639 459
639 460
639 461
639 462
639 463
639 464
639 465
639 466
639 467
639 468
639 469
639 470
639 471
639 472
639 473
639 474
639 475
639 476
639 477
639 478
640 479
639 480
639 481
639 482
640 483
639 484
639 485
639 486
639 487
639 488
639 489
639 490
639 491
639 492
639 493
639 494
639 495
639 496
639 497
639 498
639 499
639 500
639 501
639 502
639 503
640 504
639 505
639 506
639 507
640 508
639 509
640 510
642 511
639 512
639 513
639 514
639 515
640 516
640 517
640 518
640 519
641 520
640 521
640 522
641 523
640 524
640 525
640 526
641 527
640 528
640 529
640 530
640 531
641 532
641 533
641 534
640 535
639 536
639 537
640 538
640 539
640 540
639 541
641 542
643 543
641 544
640 545
640 546
640 547
641 548
639 549
639 550
643 551
643 552
643 553
641 554
640 555
642 556
642 557
641 558
645 559
642 560
641 561
642 562
641 563
641 564
640 565
642 566
649 567
647 568
644 569
642 570
645 571
645 572
643 573
644 574
648 575
645 576
644 577
642 578
639 579
641 580
642 581
643 582
642 583
647 584
646 585
648 586
649 587
649 588
647 589
647 590
653 591
652 592
649 593
650 594
655 595
654 596
649 597
645 598
658 599
656 600
654 601
653 602
651 603
652 604
652 605
656 606
658 607
661 608
658 609
655 610
659 611
666 612
663 613
662 614
666 615
672 616
660 617
657 618
662 619
666 620
674 621
672 622
671 623
666 624
663 625
669 626
668 627
667 628
672 629
668 630
667 631
668 632
669 633
667 634
670 635
674 636
665 637
657 638
661 639
659 640
659 641
660 642
662 643
664 644
665 645
671 646
672 647
679 648
677 649
672 650
676 651
682 652
682 653
678 654
692 655
698 656
708 657
710 658
714 659
715 660
722 661
714 662
711 663
723 664
732 665
736 666
727 667
723 668
719 669
726 670
726 671
729 672
727 673
727 674
724 675
733 676
732 677
734 678
736 679
731 680
733 681
735 682
744 683
742 684
739 685
733 686
728 687
725 688
722 689
726 690
726 691
720 692
725 693
720 694
718 695
715 696
710 697
716 698
720 699
717 700
711 701
711 702
704 703
708 704
713 705
713 706
713 707
712 708
711 709
705 710
704 711
709 712
715 713
711 714
710 715
710 716
706 717
696 718
694 719
