712 0
715 1
720 2
718 3
713 4
726 5
733 6
719 7
712 8
717 9
716 10
714 11
711 12
711 13
714 14
714 15
710 16
708 17
708 18
708 19
705 20
706 21
702 22
699 23
705 24
700 25
697 26
703 27
703 28
707 29
711 30
702 31
701 32
696 33
692 34
690 35
696 36
692 37
691 38
692 39
688 40
684 41
684 42
681 43
679 44
672 45
671 46
673 47
669 48
667 49
667 50
669 51
669 52
669 53
676 54
693 55
686 56
683 57
674 58
667 59
674 60
679 61
675 62
679 63
680 64
682 65
691 66
692 67
700 68
697 69
691 70
686 71
684 72
677 73
678 74
680 75
680 76
680 77
682 78
687 79
691 80
688 81
691 82
693 83
698 84
692 85
691 86
694 87
697 88
692 89
693 90
705 91
694 92
695 93
711 94
712 95
702 96
707 97
712 98
709 99
710 100
700 101
702 102
721 103
727 104
718 105
719 106
724 107
722 108
725 109
740 110
730 111
740 112
736 113
732 114
745 115
748 116
744 117
755 118
758 119
762 120
760 121
767 122
763 123
766 124
758 125
754 126
750 127
756 128
746 129
735 130
723 131
721 132
715 133
714 134
715 135
718 136
712 137
711 138
715 139
717 140
718 141
716 142
723 143
721 144
724 145
726 146
725 147
724 148
722 149
723 150
719 151
717 152
725 153
729 154
720 155
721 156
728 157
734 158
729 159
716 160
710 161
707 162
708 163
717 164
714 165
708 166
711 167
714 168
710 169
710 170
715 171
714 172
713 173
713 174
715 175
712 176
714 177
717 178
713 179
713 180
714 181
710 182
713 183
716 184
713 185
712 186
710 187
702 188
704 189
699 190
707 191
705 192
705 193
706 194
716 195
711 196
702 197
698 198
708 199
715 200
712 201
712 202
720 203
728 204
723 205
723 206
723 207
725 208
733 209
738 210
736 211
738 212
733 213
732 214
735 215
737 216
736 217
733 218
727 219
725 220
737 221
740 222
737 223
734 224
727 225
731 226
728 227
731 228
732 229
731 230
732 231
736 232
728 233
729 234
724 235
723 236
720 237
720 238
722 239
721 240
716 241
716 242
717 243
720 244
713 245
719 246
717 247
715 248
716 249
717 250
718 251
714 252
715 253
718 254
719 255
716 256
713 257
711 258
711 259
712 260
712 261
710 262
712 263
714 264
708 265
708 266
707 267
707 268
705 269
705 270
703 271
705 272
703 273
706 274
706 275
705 276
706 277
706 278
707 279
701 280
699 281
702 282
704 283
702 284
698 285
701 286
706 287
702 288
700 289
699 290
695 291
695 292
696 293
696 294
700 295
690 296
691 297
695 298
694 299
693 300
695 301
692 302
692 303
696 304
697 305
699 306
700 307
699 308
698 309
697 310
692 311
693 312
689 313
690 314
688 315
691 316
688 317
686 318
693 319
689 320
684 321
686 322
682 323
681 324
688 325
699 326
695 327
696 328
699 329
696 330
695 331
696 332
690 333
695 334
704 335
702 336
695 337
703 338
713 339
713 340
711 341
710 342
710 343
712 344
703 345
696 346
698 347
691 348
692 349
695 350
698 351
693 352
687 353
691 354
695 355
686 356
683 357
683 358
686 359
671 360
667 361
664 362
657 363
653 364
647 365
644 366
645 367
644 368
644 369
642 370
638 371
637 372
637 373
645 374
644 375
641 376
642 377
642 378
640 379
638 380
640 381
638 382
636 383
638 384
635 385
632 386
634 387
635 388
634 389
637 390
643 391
643 392
642 393
639 394
638 395
637 396
639 397
640 398
640 399
648 400
644 401
643 402
641 403
640 404
635 405
638 406
642 407
639 408
638 409
638 410
634 411
633 412
633 413
636 414
634 415
636 416
633 417
634 418
639 419
638 420
649 421
654 422
655 423
657 424
669 425
673 426
672 427
671 428
665 429
666 430
671 431
654 432
659 433
639 434
645 435
654 436
655 437
661 438
649 439
645 440
656 441
653 442
651 443
649 444
647 445
635 446
637 447
637 448
634 449
630 450
629 451
624 452
622 453
621 454
617 455
600 456
581 457
562 458
568 459
574 460
563 461
543 462
532 463
532 464
518 465
516 466
481 467
468 468
494 469
485 470
476 471
483 472
436 473
402 474
391 475
408 476
399 477
401 478
422 479
397 480
380 481
382 482
392 483
377 484
350 485
344 486
337 487
309 488
295 489
295 490
297 491
290 492
285 493
267 494
266 495
284 496
266 497
260 498
265 499
243 500
238 501
220 502
239 503
220 504
217 505
211 506
210 507
198 508
209 509
200 510
208 511
207 512
211 513
206 514
201 515
207 516
224 517
226 518
216 519
245 520
232 521
226 522
214 523
225 524
221 525
226 526
226 527
216 528
221 529
214 530
197 531
186 532
197 533
195 534
187 535
186 536
187 537
193 538
200 539
193 540
194 541
199 542
198 543
177 544
181 545
189 546
191 547
198 548
204 549
207 550
213 551
202 552
204 553
208 554
211 555
214 556
217 557
222 558
222 559
233 560
234 561
236 562
236 563
240 564
243 565
250 566
255 567
257 568
254 569
256 570
264 571
268 572
275 573
276 574
280 575
283 576
283 577
286 578
292 579
297 580
302 581
306 582
305 583
307 584
314 585
320 586
320 587
330 588
328 589
324 590
329 591
338 592
337 593
342 594
343 595
345 596
343 597
348 598
360 599
367 600
362 601
374 602
379 603
381 604
389 605
394 606
391 607
386 608
394 609
401 610
404 611
408 612
415 613
418 614
420 615
422 616
426 617
433 618
437 619
441 620
449 621
447 622
459 623
469 624
469 625
475 626
481 627
479 628
480 629
489 630
491 631
489 632
490 633
497 634
499 635
509 636
521 637
526 638
523 639
528 640
531 641
544 642
550 643
547 644
560 645
568 646
563 647
558 648
563 649
565 650
572 651
577 652
579 653
578 654
584 655
581 656
594 657
594 658
595 659
602 660
608 661
614 662
612 663
605 664
615 665
633 666
630 667
636 668
640 669
645 670
651 671
651 672
650 673
652 674
649 675
656 676
663 677
668 678
657 679
662 680
667 681
668 682
675 683
674 684
670 685
671 686
668 687
675 688
693 689
693 690
693 691
679 692
684 693
688 694
678 695
682 696
693 697
697 698
688 699
690 700
689 701
688 702
694 703
699 704
706 705
698 706
705 707
703 708
706 709
711 710
700 711
706 712
712 713
705 714
687 715
679 716
680 717
682 718
692 719
