653 0
653 1
654 2
656 3
661 4
659 5
659 6
661 7
657 8
658 9
658 10
658 11
657 12
659 13
658 14
658 15
659 16
660 17
660 18
662 19
663 20
661 21
661 22
659 23
661 24
660 25
658 26
659 27
659 28
659 29
660 30
659 31
659 32
661 33
659 34
657 35
658 36
659 37
660 38
657 39
659 40
659 41
659 42
661 43
661 44
661 45
660 46
659 47
661 48
661 49
660 50
658 51
658 52
658 53
657 54
659 55
658 56
659 57
658 58
656 59
656 60
659 61
659 62
658 63
658 64
659 65
658 66
659 67
659 68
659 69
658 70
657 71
656 72
656 73
657 74
657 75
655 76
655 77
655 78
653 79
656 80
654 81
652 82
653 83
653 84
652 85
650 86
648 87
647 88
647 89
645 90
642 91
640 92
639 93
639 94
639 95
639 96
639 97
639 98
639 99
639 100
639 101
640 102
640 103
639 104
639 105
639 106
639 107
639 108
639 109
639 110
639 111
639 112
639 113
639 114
639 115
639 116
639 117
639 118
639 119
639 120
639 121
639 122
639 123
639 124
639 125
639 126
639 127
639 128
639 129
639 130
639 131
639 132
639 133
639 134
639 135
639 136
639 137
639 138
639 139
639 140
639 141
639 142
639 143
639 144
639 145
639 146
639 147
639 148
639 149
639 150
639 151
639 152
639 153
639 154
639 155
639 156
639 157
639 158
639 159
640 160
640 161
640 162
640 163
640 164
640 165
640 166
641 167
640 168
640 169
640 170
640 171
640 172
639 173
639 174
641 175
639 176
639 177
639 178
639 179
639 180
641 181
640 182
642 183
640 184
639 185
640 186
640 187
640 188
640 189
640 190
640 191
639 192
640 193
641 194
640 195
641 196
641 197
640 198
640 199
640 200
640 201
641 202
641 203
640 204
640 205
640 206
641 207
645 208
642 209
639 210
641 211
641 212
640 213
641 214
640 215
644 216
641 217
641 218
642 219
642 220
640 221
641 222
642 223
643 224
643 225
644 226
642 227
640 228
642 229
643 230
645 231
641 232
640 233
641 234
644 235
644 236
642 237
639 238
642 239
641 240
641 241
640 242
641 243
642 244
641 245
641 246
642 247
642 248
642 249
645 250
646 251
645 252
643 253
645 254
647 255
647 256
647 257
648 258
653 259
653 260
651 261
655 262
653 263
652 264
653 265
654 266
653 267
658 268
658 269
656 270
660 271
658 272
660 273
660 274
657 275
654 276
656 277
657 278
659 279
660 280
659 281
658 282
662 283
664 284
661 285
660 286
664 287
657 288
657 289
656 290
659 291
660 292
663 293
664 294
661 295
660 296
661 297
666 298
669 299
662 300
665 301
663 302
664 303
673 304
674 305
684 306
700 307
696 308
686 309
692 310
695 311
709 312
713 313
718 314
717 315
714 316
715 317
719 318
719 319
728 320
727 321
725 322
718 323
719 324
723 325
727 326
726 327
725 328
721 329
723 330
724 331
725 332
723 333
723 334
726 335
725 336
725 337
724 338
719 339
718 340
721 341
722 342
719 343
722 344
724 345
720 346
719 347
725 348
729 349
728 350
723 351
724 352
723 353
727 354
726 355
723 356
720 357
719 358
716 359
708 360
710 361
714 362
709 363
709 364
712 365
712 366
708 367
711 368
713 369
712 370
713 371
714 372
713 373
709 374
707 375
708 376
712 377
713 378
712 379
710 380
707 381
708 382
710 383
712 384
710 385
708 386
704 387
707 388
707 389
706 390
707 391
708 392
710 393
710 394
706 395
705 396
705 397
704 398
704 399
704 400
699 401
696 402
695 403
697 404
692 405
694 406
689 407
687 408
685 409
685 410
684 411
679 412
679 413
677 414
675 415
680 416
679 417
677 418
679 419
682 420
676 421
676 422
679 423
673 424
676 425
675 426
674 427
670 428
671 429
677 430
678 431
683 432
682 433
682 434
684 435
688 436
690 437
687 438
684 439
686 440
688 441
689 442
686 443
685 444
685 445
683 446
679 447
683 448
682 449
679 450
678 451
677 452
681 453
675 454
672 455
664 456
660 457
660 458
662 459
660 460
657 461
659 462
663 463
660 464
661 465
661 466
662 467
660 468
658 469
655 470
658 471
657 472
655 473
657 474
653 475
652 476
650 477
652 478
652 479
654 480
654 481
659 482
654 483
654 484
655 485
654 486
650 487
653 488
652 489
661 490
662 491
662 492
659 493
656 494
653 495
663 496
659 497
658 498
661 499
661 500
654 501
654 502
656 503
652 504
651 505
654 506
658 507
656 508
657 509
657 510
661 511
660 512
659 513
654 514
656 515
658 516
660 517
660 518
658 519
657 520
659 521
661 522
659 523
655 524
656 525
656 526
657 527
657 528
660 529
667 530
667 531
669 532
663 533
662 534
666 535
661 536
659 537
662 538
658 539
656 540
654 541
656 542
658 543
659 544
654 545
655 546
661 547
661 548
662 549
662 550
663 551
662 552
665 553
665 554
662 555
662 556
661 557
664 558
669 559
660 560
661 561
659 562
658 563
657 564
658 565
658 566
657 567
659 568
658 569
658 570
659 571
658 572
658 573
658 574
656 575
656 576
657 577
659 578
658 579
658 580
655 581
657 582
659 583
657 584
652 585
651 586
653 587
651 588
650 589
645 590
643 591
645 592
644 593
646 594
648 595
643 596
644 597
645 598
647 599
650 600
650 601
650 602
654 603
654 604
654 605
653 606
655 607
651 608
654 609
658 610
657 611
655 612
654 613
653 614
651 615
649 616
651 617
652 618
656 619
655 620
657 621
659 622
656 623
664 624
661 625
663 626
664 627
666 628
667 629
664 630
669 631
673 632
676 633
676 634
676 635
680 636
684 637
688 638
688 639
691 640
695 641
703 642
704 643
702 644
706 645
708 646
715 647
711 648
718 649
726 650
722 651
717 652
717 653
721 654
724 655
728 656
720 657
720 658
720 659
717 660
719 661
718 662
721 663
719 664
712 665
709 666
707 667
714 668
714 669
710 670
714 671
714 672
712 673
712 674
709 675
714 676
721 677
718 678
714 679
708 680
706 681
708 682
707 683
705 684
703 685
701 686
702 687
700 688
694 689
689 690
695 691
699 692
687 693
681 694
680 695
678 696
675 697
673 698
670 699
661 700
663 701
658 702
657 703
656 704
650 705
648 706
644 707
641 708
643 709
640 710
634 711
627 712
620 713
619 714
624 715
637 716
629 717
622 718
622 719
