703 0
701 1
707 2
709 3
714 4
710 5
718 6
720 7
718 8
717 9
719 10
715 11
725 12
722 13
720 14
718 15
720 16
717 17
718 18
718 19
717 20
719 21
711 22
706 23
698 24
708 25
707 26
706 27
705 28
702 29
700 30
699 31
706 32
699 33
698 34
708 35
705 36
699 37
703 38
705 39
704 40
700 41
695 42
696 43
695 44
694 45
695 46
699 47
700 48
693 49
686 50
684 51
680 52
670 53
671 54
671 55
673 56
662 57
657 58
659 59
656 60
661 61
667 62
684 63
665 64
669 65
677 66
678 67
675 68
678 69
683 70
683 71
685 72
684 73
688 74
698 75
693 76
689 77
687 78
685 79
684 80
678 81
675 82
686 83
688 84
693 85
696 86
698 87
695 88
693 89
702 90
690 91
696 92
696 93
695 94
691 95
704 96
700 97
702 98
706 99
709 100
708 101
704 102
711 103
707 104
703 105
710 106
718 107
716 108
719 109
717 110
721 111
722 112
715 113
708 114
711 115
724 116
729 117
737 118
739 119
746 120
750 121
751 122
754 123
759 124
759 125
763 126
761 127
761 128
755 129
754 130
750 131
755 132
757 133
756 134
753 135
751 136
723 137
728 138
727 139
722 140
721 141
720 142
724 143
721 144
725 145
721 146
721 147
725 148
724 149
723 150
728 151
728 152
726 153
726 154
722 155
713 156
716 157
715 158
716 159
714 160
719 161
719 162
723 163
728 164
723 165
718 166
718 167
718 168
715 169
713 170
713 171
713 172
711 173
713 174
720 175
708 176
703 177
705 178
704 179
713 180
715 181
712 182
716 183
713 184
711 185
710 186
716 187
723 188
716 189
718 190
717 191
716 192
712 193
704 194
707 195
714 196
709 197
705 198
705 199
714 200
709 201
705 202
711 203
710 204
706 205
709 206
716 207
720 208
720 209
724 210
719 211
719 212
721 213
726 214
729 215
736 216
731 217
733 218
738 219
741 220
741 221
733 222
734 223
730 224
728 225
729 226
731 227
731 228
730 229
733 230
735 231
727 232
724 233
728 234
723 235
720 236
721 237
724 238
731 239
727 240
722 241
725 242
720 243
716 244
717 245
721 246
718 247
721 248
715 249
717 250
719 251
717 252
716 253
713 254
720 255
714 256
715 257
712 258
711 259
713 260
710 261
712 262
714 263
716 264
714 265
715 266
713 267
712 268
712 269
709 270
707 271
706 272
707 273
702 274
705 275
704 276
705 277
705 278
701 279
703 280
707 281
705 282
705 283
705 284
704 285
703 286
703 287
698 288
700 289
703 290
701 291
700 292
701 293
701 294
698 295
703 296
700 297
696 298
696 299
696 300
691 301
690 302
696 303
693 304
696 305
691 306
691 307
693 308
694 309
690 310
693 311
700 312
697 313
688 314
688 315
693 316
694 317
695 318
695 319
695 320
689 321
694 322
693 323
688 324
692 325
693 326
697 327
689 328
688 329
690 330
690 331
702 332
703 333
703 334
705 335
698 336
689 337
697 338
704 339
701 340
701 341
708 342
714 343
702 344
709 345
712 346
706 347
707 348
706 349
702 350
699 351
698 352
697 353
704 354
699 355
691 356
688 357
689 358
695 359
689 360
686 361
689 362
686 363
684 364
677 365
673 366
668 367
664 368
656 369
654 370
651 371
646 372
644 373
643 374
643 375
643 376
642 377
644 378
643 379
645 380
646 381
642 382
647 383
640 384
638 385
634 386
637 387
640 388
637 389
633 390
635 391
635 392
633 393
635 394
637 395
638 396
640 397
640 398
643 399
644 400
638 401
641 402
644 403
646 404
645 405
642 406
645 407
644 408
644 409
645 410
636 411
645 412
647 413
642 414
643 415
642 416
641 417
635 418
635 419
639 420
638 421
637 422
635 423
637 424
639 425
651 426
650 427
653 428
655 429
665 430
662 431
657 432
670 433
674 434
676 435
676 436
672 437
669 438
659 439
651 440
660 441
659 442
658 443
660 444
656 445
657 446
656 447
658 448
658 449
653 450
650 451
651 452
652 453
642 454
633 455
642 456
641 457
641 458
634 459
620 460
620 461
622 462
617 463
600 464
601 465
581 466
567 467
564 468
563 469
529 470
525 471
520 472
533 473
518 474
500 475
476 476
465 477
468 478
455 479
449 480
419 481
404 482
407 483
407 484
417 485
405 486
380 487
360 488
354 489
369 490
357 491
359 492
361 493
344 494
316 495
275 496
270 497
328 498
301 499
278 500
289 501
284 502
287 503
267 504
259 505
258 506
263 507
241 508
217 509
222 510
207 511
220 512
209 513
211 514
189 515
198 516
218 517
226 518
225 519
222 520
217 521
209 522
218 523
227 524
247 525
237 526
227 527
223 528
212 529
212 530
204 531
197 532
198 533
208 534
214 535
195 536
204 537
212 538
200 539
206 540
206 541
201 542
193 543
182 544
180 545
187 546
199 547
200 548
187 549
179 550
178 551
191 552
186 553
206 554
192 555
194 556
199 557
202 558
214 559
214 560
213 561
221 562
224 563
231 564
230 565
231 566
234 567
240 568
240 569
241 570
245 571
248 572
252 573
253 574
257 575
264 576
267 577
269 578
275 579
277 580
282 581
283 582
289 583
289 584
296 585
300 586
301 587
305 588
309 589
305 590
312 591
320 592
322 593
323 594
331 595
333 596
330 597
328 598
331 599
339 600
342 601
343 602
347 603
351 604
356 605
365 606
370 607
378 608
389 609
393 610
386 611
397 612
405 613
404 614
399 615
399 616
408 617
408 618
427 619
428 620
426 621
434 622
431 623
437 624
440 625
442 626
453 627
457 628
465 629
463 630
471 631
474 632
475 633
485 634
488 635
480 636
489 637
496 638
500 639
498 640
502 641
509 642
518 643
524 644
525 645
527 646
537 647
538 648
550 649
559 650
563 651
562 652
562 653
563 654
562 655
574 656
581 657
589 658
593 659
588 660
598 661
589 662
592 663
588 664
603 665
611 666
613 667
611 668
614 669
614 670
623 671
625 672
632 673
642 674
640 675
634 676
646 677
646 678
629 679
632 680
643 681
655 682
657 683
655 684
657 685
664 686
671 687
674 688
677 689
676 690
677 691
685 692
689 693
682 694
683 695
681 696
683 697
687 698
688 699
692 700
677 701
678 702
685 703
683 704
699 705
697 706
685 707
676 708
684 709
691 710
700 711
700 712
703 713
697 714
686 715
678 716
685 717
681 718
676 719
