639 0
639 1
639 2
639 3
639 4
639 5
639 6
639 7
639 8
639 9
639 10
639 11
639 12
639 13
639 14
639 15
639 16
639 17
639 18
639 19
639 20
639 21
639 22
639 23
639 24
639 25
639 26
639 27
639 28
639 29
639 30
639 31
639 32
639 33
639 34
639 35
639 36
639 37
639 38
639 39
639 40
639 41
639 42
639 43
639 44
639 45
639 46
639 47
639 48
639 49
639 50
639 51
639 52
639 53
639 54
639 55
639 56
639 57
639 58
639 59
639 60
639 61
639 62
639 63
639 64
639 65
639 66
639 67
639 68
639 69
639 70
639 71
639 72
639 73
639 74
639 75
639 76
639 77
639 78
639 79
639 80
639 81
639 82
639 83
639 84
639 85
639 86
639 87
639 88
639 89
639 90
639 91
639 92
640 93
641 94
643 95
644 96
648 97
657 98
663 99
670 100
669 101
667 102
668 103
673 104
683 105
694 106
699 107
698 108
699 109
704 110
714 111
723 112
721 113
723 114
727 115
733 116
739 117
748 118
748 119
749 120
754 121
763 122
767 123
770 124
772 125
774 126
782 127
789 128
789 129
791 130
797 131
805 132
810 133
814 134
822 135
833 136
844 137
866 138
867 139
870 140
874 141
874 142
876 143
876 144
878 145
884 146
888 147
890 148
892 149
897 150
898 151
900 152
902 153
907 154
910 155
910 156
913 157
914 158
914 159
916 160
919 161
928 162
928 163
934 164
936 165
938 166
941 167
944 168
946 169
948 170
946 171
950 172
953 173
954 174
959 175
965 176
981 177
992 178
1002 179
1006 180
1009 181
1009 182
1009 183
1013 184
1016 185
1016 186
1016 187
1018 188
1021 189
1024 190
1025 191
1024 192
1035 193
1049 194
1055 195
1056 196
1055 197
1059 198
1069 199
1076 200
1091 201
1102 202
1107 203
1117 204
1121 205
1125 206
1128 207
1128 208
1139 209
1144 210
1150 211
1154 212
1157 213
1158 214
1168 215
1171 216
1176 217
1172 218
1168 219
1172 220
1176 221
1178 222
1182 223
1188 224
1188 225
1189 226
1193 227
1196 228
1203 229
1205 230
1192 231
1213 232
1217 233
1217 234
1221 235
1227 236
1216 237
1217 238
1229 239
1235 240
1251 241
1250 242
1254 243
1246 244
1223 245
1166 246
1065 247
1177 248
1256 249
1208 250
1065 251
1274 252
1176 255
1180 256
866 257
867 260
1240 266
1240 267
1262 271
1240 275
963 279
1263 284
1191 288
778 301
780 302
841 303
667 304
556 305
225 306
119 307
102 308
16 309
20 310
21 311
26 312
30 313
33 314
37 315
40 316
43 317
83 318
92 319
66 320
50 321
53 322
72 323
57 324
59 325
67 326
83 327
69 328
63 329
71 330
73 331
70 332
74 333
76 334
77 335
85 336
90 337
101 338
99 339
101 340
152 341
173 342
183 343
186 344
192 345
199 346
201 347
206 348
207 349
209 350
213 351
213 352
215 353
217 354
217 355
219 356
221 357
222 358
224 359
228 360
232 361
239 362
241 363
251 364
264 365
273 366
275 367
276 368
277 369
282 370
281 371
281 372
283 373
289 374
299 375
294 376
294 377
295 378
303 379
303 380
307 381
314 382
317 383
324 384
333 385
334 386
335 387
338 388
338 389
333 390
335 391
334 392
340 393
342 394
339 395
345 396
347 397
348 398
350 399
352 400
349 401
354 402
357 403
356 404
356 405
361 406
363 407
371 408
364 409
365 410
370 411
372 412
373 413
372 414
375 415
379 416
383 417
382 418
381 419
383 420
382 421
382 422
385 423
382 424
384 425
388 426
414 427
433 428
430 429
429 430
431 431
443 432
458 433
465 434
467 435
480 436
490 437
509 438
518 439
531 440
541 441
550 442
555 443
562 444
567 445
571 446
570 447
565 448
574 449
576 450
582 451
580 452
572 453
577 454
580 455
580 456
581 457
585 458
587 459
589 460
591 461
592 462
586 463
593 464
594 465
589 466
587 467
589 468
596 469
599 470
600 471
604 472
603 473
599 474
600 475
601 476
601 477
600 478
603 479
603 480
604 481
604 482
602 483
602 484
601 485
600 486
600 487
601 488
602 489
603 490
603 491
603 492
603 493
604 494
605 495
603 496
605 497
606 498
608 499
608 500
610 501
608 502
605 503
612 504
614 505
614 506
614 507
612 508
615 509
614 510
613 511
613 512
616 513
615 514
615 515
616 516
616 517
618 518
617 519
617 520
616 521
616 522
616 523
618 524
618 525
619 526
618 527
618 528
617 529
619 530
620 531
621 532
622 533
623 534
623 535
623 536
623 537
622 538
622 539
622 540
622 541
623 542
623 543
623 544
624 545
625 546
626 547
625 548
627 549
627 550
626 551
624 552
625 553
626 554
626 555
628 556
629 557
631 558
633 559
635 560
635 561
635 562
635 563
635 564
635 565
635 566
635 567
637 568
635 569
636 570
636 571
636 572
636 573
636 574
635 575
637 576
637 577
637 578
636 579
637 580
637 581
638 582
637 583
638 584
638 585
638 586
637 587
638 588
638 589
638 590
638 591
637 592
638 593
637 594
639 595
639 596
638 597
637 598
635 599
637 600
638 601
638 602
637 603
637 604
638 605
638 606
638 607
639 608
638 609
638 610
638 611
638 612
638 613
638 614
637 615
638 616
638 617
637 618
635 619
632 620
632 621
633 622
630 623
634 624
637 625
637 626
637 627
637 628
637 629
637 630
635 631
636 632
638 633
638 634
638 635
637 636
635 637
637 638
637 639
638 640
638 641
637 642
638 643
638 644
638 645
638 646
636 647
634 648
634 649
635 650
635 651
636 652
634 653
635 654
634 655
631 656
631 657
632 658
633 659
633 660
633 661
632 662
629 663
625 664
630 665
629 666
627 667
625 668
625 669
626 670
623 671
624 672
624 673
629 674
630 675
626 676
623 677
625 678
611 679
620 680
624 681
623 682
623 683
621 684
621 685
617 686
620 687
624 688
627 689
622 690
615 691
612 692
621 693
625 694
617 695
611 696
609 697
614 698
613 699
609 700
606 701
618 702
604 703
603 704
595 705
600 706
603 707
594 708
602 709
611 710
606 711
600 712
591 713
598 714
607 715
599 716
596 717
605 718
611 719
