694 0
699 1
699 2
699 3
708 4
711 5
709 6
704 7
707 8
707 9
716 10
713 11
710 12
718 13
719 14
707 15
709 16
703 17
709 18
712 19
712 20
709 21
710 22
705 23
702 24
699 25
702 26
703 27
702 28
704 29
706 30
711 31
702 32
709 33
704 34
700 35
701 36
703 37
705 38
705 39
707 40
705 41
700 42
698 43
698 44
701 45
692 46
690 47
692 48
690 49
691 50
690 51
688 52
685 53
675 54
673 55
671 56
667 57
666 58
667 59
670 60
669 61
671 62
681 63
674 64
681 65
684 66
680 67
685 68
686 69
688 70
693 71
696 72
693 73
701 74
696 75
700 76
693 77
688 78
691 79
690 80
694 81
699 82
698 83
702 84
700 85
699 86
702 87
705 88
715 89
718 90
706 91
717 92
716 93
709 94
711 95
711 96
714 97
722 98
719 99
717 100
718 101
721 102
724 103
723 104
726 105
721 106
720 107
727 108
734 109
736 110
740 111
735 112
740 113
738 114
738 115
737 116
743 117
746 118
750 119
749 120
753 121
755 122
751 123
751 124
755 125
760 126
752 127
756 128
753 129
754 130
758 131
761 132
754 133
750 134
753 135
752 136
752 137
753 138
752 139
724 140
720 141
720 142
724 143
721 144
725 145
722 146
724 147
718 148
718 149
723 150
723 151
724 152
728 153
723 154
726 155
723 156
720 157
719 158
724 159
722 160
719 161
718 162
717 163
717 164
719 165
713 166
717 167
719 168
722 169
717 170
716 171
714 172
715 173
710 174
708 175
706 176
707 177
705 178
704 179
712 180
708 181
709 182
710 183
708 184
706 185
708 186
709 187
707 188
704 189
701 190
702 191
701 192
707 193
711 194
711 195
715 196
714 197
705 198
700 199
702 200
709 201
711 202
703 203
696 204
700 205
703 206
697 207
681 208
691 209
671 210
659 211
656 212
663 213
667 214
665 215
676 216
686 217
685 218
677 219
683 220
698 221
697 222
694 223
698 224
696 225
698 226
702 227
696 228
696 229
696 230
699 231
701 232
693 233
696 234
695 235
692 236
696 237
702 238
705 239
699 240
700 241
696 242
698 243
696 244
694 245
698 246
701 247
696 248
699 249
697 250
697 251
699 252
699 253
699 254
702 255
702 256
698 257
697 258
698 259
699 260
700 261
696 262
686 263
691 264
692 265
690 266
685 267
688 268
680 269
675 270
675 271
667 272
672 273
668 274
671 275
673 276
672 277
669 278
663 279
673 280
679 281
687 282
692 283
689 284
685 285
685 286
678 287
677 288
687 289
685 290
679 291
676 292
676 293
679 294
678 295
682 296
679 297
672 298
670 299
672 300
672 301
669 302
666 303
670 304
665 305
667 306
674 307
673 308
669 309
662 310
661 311
667 312
672 313
669 314
666 315
666 316
663 317
669 318
666 319
660 320
659 321
660 322
659 323
660 324
658 325
658 326
661 327
650 328
651 329
644 330
640 331
647 332
652 333
647 334
644 335
644 336
646 337
638 338
597 339
585 340
578 341
575 342
577 343
576 344
577 345
582 346
575 347
575 348
578 349
579 350
579 351
577 352
576 353
573 354
568 355
570 356
570 357
573 358
573 359
574 360
572 361
570 362
558 363
556 364
567 365
565 366
565 367
555 368
554 369
554 370
552 371
556 372
550 373
551 374
549 375
545 376
542 377
540 378
543 379
540 380
536 381
539 382
542 383
540 384
544 385
541 386
540 387
537 388
539 389
542 390
541 391
544 392
541 393
546 394
546 395
542 396
540 397
546 398
546 399
544 400
545 401
541 402
545 403
545 404
540 405
542 406
542 407
547 408
543 409
542 410
549 411
551 412
543 413
544 414
545 415
538 416
536 417
529 418
524 419
526 420
526 421
528 422
529 423
526 424
523 425
527 426
527 427
526 428
519 429
519 430
523 431
525 432
524 433
514 434
519 435
518 436
511 437
516 438
516 439
515 440
515 441
513 442
506 443
506 444
511 445
509 446
505 447
504 448
507 449
505 450
498 451
492 452
485 453
488 454
488 455
490 456
488 457
481 458
481 459
479 460
479 461
479 462
477 463
478 464
473 465
474 466
474 467
472 468
472 469
470 470
466 471
458 472
459 473
460 474
455 475
458 476
457 477
454 478
455 479
452 480
453 481
453 482
451 483
452 484
454 485
451 486
448 487
450 488
442 489
437 490
439 491
439 492
443 493
438 494
437 495
439 496
434 497
429 498
423 499
425 500
426 501
427 502
424 503
418 504
417 505
414 506
414 507
416 508
415 509
414 510
413 511
412 512
411 513
411 514
410 515
409 516
408 517
408 518
409 519
408 520
406 521
404 522
405 523
405 524
402 525
401 526
405 527
401 528
393 529
389 530
393 531
391 532
388 533
386 534
386 535
387 536
388 537
390 538
385 539
384 540
383 541
383 542
385 543
382 544
379 545
378 546
378 547
378 548
383 549
382 550
378 551
377 552
377 553
378 554
376 555
377 556
376 557
375 558
373 559
373 560
373 561
372 562
371 563
373 564
373 565
371 566
369 567
369 568
369 569
370 570
369 571
369 572
368 573
368 574
369 575
367 576
367 577
367 578
366 579
365 580
366 581
366 582
367 583
365 584
364 585
366 586
366 587
366 588
364 589
364 590
368 591
366 592
367 593
364 594
363 595
361 596
362 597
363 598
366 599
369 600
367 601
363 602
361 603
360 604
362 605
360 606
363 607
364 608
361 609
364 610
367 611
370 612
369 613
367 614
368 615
366 616
363 617
362 618
362 619
372 620
380 621
377 622
382 623
375 624
375 625
378 626
379 627
396 628
398 629
391 630
394 631
384 632
385 633
394 634
376 635
373 636
402 637
420 638
424 639
433 640
430 641
441 642
447 643
458 644
485 645
488 646
480 647
497 648
500 649
506 650
510 651
519 652
526 653
537 654
538 655
543 656
544 657
549 658
563 659
575 660
567 661
565 662
568 663
581 664
586 665
594 666
582 667
593 668
605 669
614 670
615 671
620 672
626 673
621 674
625 675
626 676
623 677
637 678
637 679
645 680
659 681
662 682
660 683
670 684
672 685
668 686
666 687
669 688
673 689
679 690
675 691
679 692
680 693
679 694
674 695
669 696
676 697
685 698
689 699
685 700
686 701
684 702
681 703
672 704
678 705
683 706
684 707
685 708
689 709
691 710
692 711
694 712
694 713
695 714
697 715
701 716
697 717
681 718
678 719
