699 0
696 1
702 2
709 3
703 4
699 5
703 6
705 7
700 8
711 9
712 10
706 11
718 12
722 13
716 14
706 15
703 16
705 17
704 18
713 19
711 20
708 21
704 22
706 23
704 24
704 25
703 26
702 27
702 28
703 29
701 30
702 31
706 32
705 33
707 34
708 35
708 36
706 37
705 38
706 39
706 40
706 41
704 42
702 43
701 44
694 45
692 46
697 47
694 48
692 49
687 50
678 51
674 52
669 53
671 54
676 55
672 56
667 57
668 58
673 59
680 60
685 61
681 62
683 63
684 64
677 65
677 66
686 67
690 68
689 69
696 70
698 71
691 72
695 73
694 74
697 75
694 76
691 77
689 78
687 79
694 80
696 81
702 82
710 83
709 84
698 85
705 86
716 87
709 88
715 89
714 90
714 91
720 92
716 93
714 94
711 95
716 96
718 97
728 98
730 99
721 100
718 101
724 102
727 103
721 104
727 105
727 106
725 107
730 108
727 109
728 110
733 111
732 112
733 113
741 114
739 115
741 116
746 117
749 118
748 119
754 120
754 121
756 122
751 123
751 124
754 125
758 126
754 127
755 128
757 129
756 130
755 131
753 132
753 133
752 134
756 135
751 136
750 137
752 138
751 139
724 140
721 141
720 142
719 143
723 144
724 145
722 146
719 147
722 148
721 149
727 150
727 151
723 152
726 153
726 154
722 155
723 156
724 157
722 158
720 159
718 160
715 161
720 162
720 163
717 164
716 165
718 166
712 167
704 168
709 169
712 170
709 171
715 172
713 173
713 174
717 175
715 176
709 177
714 178
713 179
713 180
712 181
708 182
708 183
701 184
702 185
703 186
703 187
707 188
707 189
706 190
702 191
697 192
695 193
697 194
701 195
697 196
696 197
701 198
701 199
707 200
705 201
703 202
707 203
705 204
701 205
697 206
697 207
705 208
694 209
682 210
684 211
673 212
675 213
677 214
678 215
668 216
681 217
688 218
686 219
687 220
687 221
688 222
692 223
690 224
697 225
695 226
690 227
692 228
697 229
692 230
697 231
695 232
698 233
698 234
701 235
701 236
697 237
694 238
698 239
697 240
695 241
690 242
692 243
699 244
694 245
695 246
697 247
698 248
701 249
703 250
704 251
700 252
700 253
698 254
697 255
699 256
700 257
700 258
693 259
692 260
698 261
698 262
688 263
686 264
681 265
682 266
687 267
686 268
681 269
677 270
673 271
675 272
679 273
678 274
673 275
675 276
682 277
679 278
672 279
666 280
675 281
684 282
681 283
686 284
686 285
683 286
677 287
679 288
681 289
684 290
680 291
677 292
676 293
678 294
676 295
679 296
684 297
680 298
676 299
682 300
680 301
679 302
666 303
676 304
668 305
663 306
667 307
672 308
657 309
661 310
661 311
665 312
668 313
665 314
658 315
660 316
666 317
664 318
664 319
662 320
669 321
668 322
674 323
663 324
660 325
661 326
661 327
647 328
649 329
653 330
645 331
646 332
642 333
642 334
642 335
646 336
644 337
617 338
587 339
578 340
577 341
577 342
582 343
583 344
576 345
577 346
583 347
581 348
573 349
570 350
575 351
568 352
572 353
574 354
573 355
571 356
566 357
566 358
571 359
567 360
567 361
566 362
567 363
560 364
556 365
562 366
561 367
558 368
562 369
562 370
553 371
557 372
558 373
562 374
555 375
553 376
542 377
539 378
543 379
542 380
545 381
546 382
539 383
537 384
536 385
537 386
540 387
542 388
542 389
537 390
538 391
543 392
545 393
546 394
546 395
542 396
541 397
546 398
548 399
547 400
548 401
542 402
540 403
538 404
542 405
538 406
537 407
533 408
537 409
547 410
549 411
544 412
542 413
549 414
544 415
541 416
537 417
521 418
522 419
523 420
526 421
525 422
516 423
521 424
520 425
524 426
519 427
516 428
519 429
524 430
526 431
522 432
519 433
515 434
514 435
513 436
516 437
518 438
513 439
508 440
508 441
506 442
508 443
506 444
504 445
504 446
496 447
506 448
498 449
496 450
495 451
495 452
492 453
491 454
488 455
482 456
483 457
487 458
484 459
476 460
474 461
472 462
475 463
474 464
472 465
470 466
473 467
473 468
472 469
467 470
469 471
465 472
464 473
459 474
456 475
459 476
459 477
455 478
449 479
450 480
452 481
451 482
442 483
445 484
442 485
440 486
441 487
442 488
442 489
443 490
439 491
437 492
439 493
435 494
436 495
430 496
432 497
433 498
427 499
427 500
425 501
420 502
420 503
421 504
418 505
416 506
413 507
412 508
409 509
409 510
410 511
410 512
409 513
409 514
409 515
404 516
404 517
404 518
406 519
401 520
398 521
398 522
396 523
394 524
395 525
393 526
395 527
393 528
392 529
388 530
390 531
389 532
387 533
384 534
385 535
388 536
385 537
382 538
383 539
383 540
384 541
382 542
385 543
383 544
376 545
379 546
386 547
381 548
378 549
384 550
383 551
380 552
375 553
373 554
376 555
376 556
374 557
373 558
375 559
371 560
370 561
370 562
370 563
369 564
369 565
370 566
369 567
370 568
372 569
370 570
368 571
367 572
367 573
368 574
368 575
368 576
367 577
367 578
365 579
365 580
365 581
365 582
365 583
364 584
364 585
364 586
364 587
364 588
362 589
361 590
364 591
364 592
362 593
361 594
364 595
363 596
360 597
360 598
361 599
363 600
365 601
364 602
360 603
360 604
358 605
357 606
363 607
360 608
365 609
369 610
368 611
367 612
369 613
367 614
376 615
364 616
368 617
369 618
368 619
367 620
369 621
375 622
370 623
375 624
369 625
369 626
373 627
381 628
381 629
375 630
398 631
404 632
409 633
397 634
381 635
386 636
401 637
425 638
425 639
430 640
444 641
453 642
453 643
469 644
488 645
485 646
476 647
481 648
475 649
499 650
508 651
525 652
520 653
522 654
522 655
540 656
550 657
556 658
561 659
561 660
560 661
565 662
570 663
572 664
574 665
583 666
602 667
596 668
591 669
607 670
632 671
616 672
634 673
636 674
629 675
633 676
643 677
650 678
650 679
656 680
667 681
664 682
663 683
664 684
674 685
676 686
667 687
664 688
656 689
661 690
680 691
676 692
676 693
674 694
676 695
684 696
683 697
689 698
684 699
675 700
680 701
686 702
682 703
681 704
688 705
686 706
693 707
690 708
687 709
686 710
690 711
686 712
691 713
682 714
681 715
684 716
690 717
678 718
673 719
