701 0
704 1
701 2
699 3
708 4
713 5
713 6
710 7
717 8
718 9
713 10
713 11
711 12
712 13
712 14
709 15
713 16
717 17
719 18
706 19
705 20
719 21
721 22
708 23
709 24
707 25
701 26
702 27
706 28
701 29
705 30
702 31
704 32
703 33
702 34
705 35
707 36
711 37
709 38
709 39
701 40
705 41
706 42
701 43
697 44
698 45
699 46
691 47
692 48
697 49
693 50
685 51
681 52
682 53
681 54
680 55
672 56
668 57
668 58
668 59
672 60
676 61
673 62
682 63
680 64
679 65
686 66
688 67
692 68
694 69
687 70
685 71
687 72
688 73
697 74
703 75
695 76
697 77
698 78
688 79
694 80
686 81
686 82
688 83
700 84
693 85
694 86
686 87
704 88
706 89
703 90
708 91
707 92
704 93
709 94
712 95
716 96
706 97
704 98
707 99
712 100
715 101
721 102
722 103
730 104
725 105
726 106
723 107
725 108
730 109
723 110
721 111
731 112
725 113
723 114
732 115
728 116
738 117
742 118
738 119
735 120
744 121
741 122
741 123
741 124
746 125
751 126
747 127
752 128
749 129
746 130
748 131
751 132
750 133
746 134
744 135
753 136
752 137
753 138
745 139
721 140
725 141
723 142
722 143
718 144
719 145
722 146
722 147
720 148
720 149
722 150
727 151
724 152
720 153
719 154
722 155
722 156
718 157
716 158
718 159
731 160
718 161
718 162
721 163
717 164
722 165
718 166
720 167
713 168
717 169
715 170
715 171
717 172
717 173
716 174
714 175
709 176
710 177
710 178
714 179
715 180
711 181
712 182
712 183
704 184
707 185
709 186
709 187
713 188
715 189
712 190
711 191
705 192
706 193
706 194
706 195
704 196
701 197
705 198
705 199
691 200
696 201
707 202
707 203
704 204
698 205
700 206
693 207
697 208
702 209
693 210
683 211
678 212
668 213
673 214
668 215
678 216
678 217
684 218
690 219
696 220
697 221
701 222
697 223
696 224
702 225
709 226
710 227
706 228
710 229
708 230
705 231
701 232
704 233
702 234
701 235
703 236
701 237
701 238
704 239
704 240
706 241
708 242
701 243
707 244
708 245
706 246
702 247
709 248
709 249
708 250
707 251
705 252
707 253
710 254
706 255
711 256
710 257
709 258
705 259
703 260
699 261
700 262
701 263
695 264
692 265
695 266
693 267
691 268
684 269
693 270
685 271
685 272
687 273
681 274
680 275
683 276
680 277
677 278
670 279
672 280
679 281
682 282
684 283
679 284
684 285
683 286
674 287
683 288
682 289
680 290
680 291
676 292
682 293
681 294
679 295
679 296
683 297
682 298
679 299
676 300
678 301
679 302
667 303
663 304
671 305
673 306
671 307
663 308
672 309
676 310
671 311
673 312
673 313
674 314
665 315
671 316
670 317
670 318
666 319
663 320
661 321
662 322
667 323
667 324
662 325
658 326
658 327
646 328
649 329
647 330
644 331
647 332
646 333
640 334
632 335
628 336
633 337
625 338
584 339
575 340
579 341
576 342
575 343
573 344
581 345
580 346
570 347
575 348
575 349
574 350
573 351
573 352
575 353
571 354
571 355
569 356
569 357
567 358
567 359
565 360
565 361
564 362
565 363
564 364
564 365
559 366
556 367
561 368
558 369
557 370
559 371
555 372
556 373
555 374
554 375
555 376
555 377
554 378
554 379
559 380
558 381
553 382
552 383
553 384
553 385
555 386
552 387
557 388
557 389
557 390
553 391
551 392
559 393
559 394
555 395
555 396
558 397
559 398
560 399
558 400
558 401
555 402
556 403
556 404
554 405
554 406
556 407
551 408
555 409
558 410
562 411
561 412
561 413
560 414
558 415
561 416
557 417
550 418
554 419
553 420
554 421
552 422
547 423
545 424
547 425
546 426
547 427
546 428
548 429
546 430
540 431
542 432
534 433
535 434
544 435
544 436
539 437
534 438
534 439
533 440
532 441
535 442
534 443
530 444
529 445
526 446
520 447
522 448
525 449
519 450
513 451
517 452
517 453
513 454
507 455
513 456
506 457
501 458
503 459
496 460
494 461
495 462
494 463
496 464
492 465
488 466
487 467
486 468
480 469
480 470
475 471
476 472
474 473
472 474
471 475
468 476
464 477
464 478
466 479
461 480
463 481
464 482
457 483
455 484
450 485
451 486
449 487
448 488
443 489
437 490
440 491
441 492
440 493
438 494
434 495
433 496
427 497
426 498
429 499
428 500
424 501
423 502
421 503
418 504
419 505
418 506
416 507
417 508
414 509
413 510
413 511
412 512
412 513
411 514
408 515
408 516
407 517
407 518
406 519
404 520
399 521
400 522
399 523
398 524
394 525
393 526
393 527
389 528
390 529
390 530
389 531
388 532
387 533
386 534
385 535
383 536
383 537
380 538
381 539
380 540
379 541
378 542
378 543
377 544
377 545
378 546
377 547
376 548
375 549
378 550
374 551
373 552
372 553
375 554
375 555
373 556
373 557
374 558
371 559
370 560
371 561
370 562
372 563
371 564
370 565
368 566
372 567
370 568
368 569
371 570
370 571
366 572
366 573
367 574
369 575
368 576
366 577
366 578
364 579
365 580
365 581
366 582
367 583
367 584
364 585
365 586
366 587
363 588
361 589
360 590
360 591
359 592
360 593
362 594
362 595
363 596
364 597
360 598
363 599
364 600
362 601
361 602
359 603
358 604
359 605
359 606
359 607
357 608
357 609
360 610
369 611
378 612
371 613
369 614
364 615
365 616
363 617
356 618
357 619
362 620
367 621
369 622
384 623
377 624
381 625
381 626
376 627
387 628
388 629
380 630
396 631
402 632
400 633
387 634
399 635
411 636
412 637
419 638
439 639
442 640
445 641
445 642
451 643
475 644
490 645
500 646
496 647
503 648
509 649
513 650
522 651
535 652
543 653
544 654
552 655
547 656
547 657
551 658
560 659
568 660
574 661
578 662
576 663
584 664
596 665
602 666
609 667
615 668
604 669
615 670
623 671
624 672
626 673
639 674
632 675
634 676
646 677
657 678
655 679
651 680
649 681
659 682
657 683
664 684
665 685
669 686
664 687
666 688
677 689
683 690
685 691
691 692
688 693
676 694
672 695
674 696
688 697
687 698
691 699
690 700
687 701
689 702
685 703
680 704
688 705
696 706
690 707
686 708
694 709
700 710
692 711
694 712
693 713
697 714
712 715
708 716
685 717
671 718
680 719
