689 0
691 1
701 2
712 3
712 4
706 5
704 6
712 7
705 8
716 9
708 10
698 11
700 12
708 13
709 14
704 15
706 16
708 17
708 18
711 19
703 20
704 21
702 22
698 23
705 24
703 25
698 26
702 27
706 28
707 29
709 30
710 31
700 32
708 33
707 34
702 35
699 36
698 37
700 38
700 39
697 40
706 41
708 42
704 43
696 44
697 45
696 46
696 47
704 48
695 49
685 50
677 51
669 52
678 53
679 54
673 55
674 56
676 57
674 58
676 59
679 60
674 61
678 62
683 63
684 64
680 65
684 66
681 67
683 68
693 69
699 70
707 71
700 72
702 73
703 74
699 75
700 76
699 77
692 78
685 79
691 80
690 81
695 82
703 83
704 84
703 85
703 86
709 87
713 88
708 89
713 90
707 91
710 92
707 93
710 94
714 95
719 96
714 97
718 98
719 99
714 100
717 101
722 102
731 103
724 104
725 105
727 106
733 107
740 108
736 109
737 110
743 111
738 112
739 113
738 114
737 115
740 116
747 117
752 118
750 119
747 120
752 121
752 122
754 123
754 124
754 125
756 126
757 127
753 128
753 129
752 130
753 131
751 132
754 133
750 134
754 135
753 136
749 137
751 138
758 139
732 140
726 141
722 142
723 143
727 144
729 145
725 146
717 147
719 148
716 149
720 150
723 151
723 152
729 153
723 154
724 155
725 156
726 157
728 158
724 159
723 160
719 161
721 162
719 163
718 164
717 165
717 166
716 167
715 168
712 169
716 170
708 171
708 172
713 173
711 174
702 175
704 176
706 177
710 178
711 179
708 180
708 181
707 182
713 183
702 184
702 185
710 186
711 187
708 188
707 189
706 190
705 191
701 192
704 193
704 194
704 195
705 196
700 197
694 198
695 199
705 200
705 201
696 202
695 203
703 204
703 205
689 206
688 207
674 208
672 209
665 210
662 211
661 212
656 213
667 214
663 215
674 216
685 217
689 218
688 219
686 220
689 221
687 222
691 223
693 224
692 225
695 226
695 227
697 228
701 229
697 230
702 231
697 232
698 233
696 234
695 235
694 236
698 237
698 238
693 239
696 240
691 241
696 242
695 243
691 244
692 245
693 246
696 247
694 248
697 249
701 250
701 251
693 252
695 253
700 254
698 255
700 256
697 257
699 258
696 259
697 260
702 261
692 262
696 263
686 264
683 265
693 266
694 267
696 268
691 269
683 270
676 271
671 272
676 273
679 274
683 275
677 276
673 277
671 278
665 279
674 280
672 281
682 282
683 283
683 284
684 285
682 286
675 287
678 288
675 289
675 290
678 291
677 292
678 293
682 294
678 295
682 296
685 297
676 298
677 299
680 300
679 301
673 302
667 303
669 304
669 305
665 306
664 307
662 308
664 309
669 310
666 311
667 312
665 313
663 314
670 315
666 316
661 317
668 318
663 319
669 320
666 321
664 322
659 323
656 324
656 325
657 326
653 327
649 328
648 329
647 330
643 331
647 332
649 333
648 334
638 335
642 336
634 337
633 338
595 339
587 340
577 341
578 342
579 343
570 344
575 345
576 346
571 347
574 348
574 349
572 350
576 351
577 352
574 353
570 354
568 355
566 356
566 357
568 358
574 359
570 360
564 361
567 362
564 363
566 364
564 365
562 366
564 367
563 368
558 369
547 370
550 371
555 372
555 373
549 374
548 375
546 376
548 377
544 378
538 379
541 380
545 381
548 382
542 383
532 384
540 385
540 386
539 387
540 388
542 389
540 390
535 391
542 392
550 393
548 394
541 395
546 396
551 397
549 398
546 399
546 400
545 401
544 402
544 403
543 404
544 405
538 406
535 407
540 408
539 409
545 410
553 411
547 412
538 413
537 414
542 415
538 416
534 417
533 418
530 419
529 420
526 421
532 422
525 423
524 424
520 425
519 426
517 427
517 428
516 429
514 430
518 431
519 432
518 433
512 434
514 435
520 436
517 437
509 438
511 439
517 440
515 441
511 442
503 443
507 444
510 445
502 446
493 447
497 448
498 449
503 450
500 451
495 452
491 453
489 454
491 455
490 456
490 457
488 458
485 459
480 460
477 461
482 462
490 463
476 464
477 465
472 466
469 467
467 468
469 469
468 470
460 471
464 472
461 473
460 474
457 475
456 476
456 477
455 478
453 479
446 480
453 481
449 482
442 483
442 484
450 485
446 486
444 487
444 488
438 489
441 490
442 491
440 492
437 493
431 494
428 495
430 496
429 497
428 498
429 499
430 500
420 501
417 502
421 503
416 504
416 505
415 506
412 507
409 508
408 509
409 510
408 511
411 512
405 513
404 514
406 515
407 516
402 517
398 518
399 519
399 520
398 521
397 522
395 523
394 524
394 525
395 526
396 527
392 528
387 529
385 530
389 531
388 532
386 533
385 534
388 535
387 536
386 537
384 538
381 539
380 540
383 541
382 542
385 543
381 544
386 545
388 546
389 547
387 548
384 549
378 550
379 551
378 552
374 553
374 554
375 555
376 556
372 557
371 558
369 559
372 560
371 561
371 562
370 563
370 564
370 565
370 566
370 567
368 568
372 569
374 570
367 571
367 572
368 573
366 574
369 575
367 576
365 577
365 578
365 579
365 580
366 581
367 582
364 583
365 584
365 585
365 586
366 587
364 588
363 589
362 590
364 591
365 592
365 593
363 594
362 595
362 596
361 597
361 598
365 599
364 600
362 601
363 602
359 603
360 604
361 605
361 606
364 607
360 608
360 609
362 610
364 611
370 612
369 613
369 614
370 615
375 616
367 617
362 618
360 619
360 620
363 621
373 622
375 623
382 624
382 625
375 626
377 627
387 628
381 629
383 630
392 631
381 632
395 633
394 634
386 635
385 636
394 637
419 638
417 639
422 640
435 641
426 642
436 643
449 644
479 645
498 646
489 647
493 648
501 649
495 650
510 651
518 652
513 653
524 654
538 655
553 656
551 657
553 658
570 659
582 660
575 661
581 662
576 663
569 664
574 665
582 666
585 667
594 668
599 669
606 670
613 671
625 672
634 673
638 674
632 675
625 676
641 677
646 678
654 679
656 680
661 681
651 682
662 683
667 684
669 685
675 686
662 687
666 688
676 689
676 690
677 691
685 692
684 693
680 694
677 695
673 696
675 697
673 698
674 699
677 700
683 701
684 702
683 703
681 704
686 705
686 706
696 707
696 708
693 709
683 710
682 711
683 712
698 713
707 714
707 715
702 716
694 717
684 718
684 719
