655 0
656 1
656 2
655 3
656 4
657 5
658 6
656 7
655 8
657 9
659 10
658 11
657 12
658 13
657 14
658 15
657 16
655 17
654 18
655 19
655 20
653 21
651 22
649 23
648 24
646 25
643 26
640 27
640 28
641 29
640 30
640 31
640 32
640 33
640 34
640 35
640 36
641 37
641 38
641 39
640 40
640 41
640 42
640 43
640 44
640 45
639 46
639 47
639 48
640 49
639 50
640 51
640 52
640 53
639 54
639 55
639 56
639 57
639 58
639 59
639 60
639 61
639 62
639 63
639 64
639 65
640 66
639 67
639 68
639 69
639 70
639 71
639 72
639 73
639 74
639 75
639 76
639 77
639 78
639 79
640 80
640 81
640 82
640 83
639 84
639 85
639 86
639 87
640 88
639 89
639 90
639 91
639 92
640 93
639 94
639 95
639 96
639 97
639 98
640 99
640 100
640 101
640 102
640 103
640 104
640 105
640 106
640 107
640 108
640 109
640 110
641 111
640 112
640 113
640 114
640 115
640 116
641 117
641 118
641 119
641 120
640 121
641 122
641 123
642 124
642 125
641 126
641 127
640 128
641 129
641 130
640 131
640 132
640 133
640 134
640 135
640 136
640 137
640 138
640 139
642 140
641 141
641 142
642 143
640 144
640 145
642 146
642 147
641 148
640 149
641 150
642 151
641 152
641 153
645 154
643 155
642 156
644 157
642 158
644 159
645 160
643 161
641 162
641 163
641 164
641 165
641 166
642 167
643 168
640 169
641 170
641 171
641 172
644 173
641 174
642 175
642 176
641 177
640 178
639 179
639 180
640 181
641 182
646 183
644 184
642 185
642 186
641 187
644 188
643 189
644 190
647 191
650 192
645 193
644 194
645 195
647 196
649 197
644 198
646 199
652 200
647 201
646 202
651 203
653 204
650 205
651 206
656 207
658 208
655 209
655 210
655 211
655 212
657 213
653 214
659 215
662 216
654 217
655 218
654 219
654 220
660 221
658 222
658 223
659 224
662 225
664 226
665 227
666 228
664 229
664 230
665 231
661 232
663 233
660 234
658 235
663 236
659 237
660 238
660 239
664 240
664 241
667 242
671 243
670 244
669 245
670 246
672 247
662 248
667 249
669 250
669 251
674 252
678 253
675 254
685 255
670 256
670 257
676 258
685 259
687 260
693 261
695 262
705 263
704 264
717 265
719 266
718 267
718 268
717 269
724 270
726 271
723 272
720 273
721 274
719 275
728 276
727 277
723 278
725 279
722 280
725 281
725 282
721 283
721 284
727 285
730 286
725 287
723 288
725 289
727 290
735 291
733 292
723 293
721 294
719 295
719 296
728 297
732 298
729 299
731 300
728 301
728 302
722 303
719 304
726 305
729 306
730 307
727 308
722 309
723 310
726 311
726 312
719 313
725 314
726 315
717 316
713 317
720 318
725 319
713 320
719 321
719 322
717 323
716 324
713 325
712 326
713 327
714 328
711 329
711 330
708 331
711 332
716 333
717 334
717 335
709 336
710 337
712 338
710 339
711 340
714 341
710 342
710 343
709 344
705 345
708 346
708 347
709 348
709 349
706 350
704 351
702 352
705 353
704 354
703 355
702 356
699 357
703 358
702 359
699 360
702 361
698 362
694 363
696 364
692 365
684 366
683 367
681 368
679 369
679 370
680 371
675 372
679 373
680 374
682 375
680 376
683 377
680 378
680 379
678 380
675 381
672 382
674 383
675 384
678 385
673 386
674 387
675 388
670 389
674 390
676 391
677 392
685 393
685 394
682 395
681 396
684 397
687 398
688 399
686 400
685 401
685 402
687 403
687 404
689 405
687 406
683 407
678 408
678 409
677 410
682 411
686 412
683 413
676 414
675 415
673 416
670 417
669 418
670 419
670 420
670 421
667 422
667 423
665 424
663 425
662 426
661 427
660 428
660 429
660 430
663 431
666 432
668 433
667 434
667 435
668 436
667 437
669 438
667 439
671 440
662 441
657 442
655 443
659 444
662 445
661 446
660 447
665 448
662 449
667 450
664 451
663 452
664 453
665 454
668 455
669 456
666 457
660 458
663 459
664 460
662 461
659 462
664 463
661 464
655 465
655 466
655 467
657 468
657 469
663 470
672 471
662 472
657 473
659 474
669 475
664 476
660 477
658 478
658 479
656 480
658 481
662 482
670 483
670 484
665 485
668 486
679 487
676 488
677 489
677 490
678 491
676 492
674 493
676 494
680 495
679 496
669 497
664 498
666 499
668 500
672 501
676 502
677 503
679 504
673 505
676 506
675 507
673 508
667 509
672 510
671 511
667 512
664 513
664 514
665 515
666 516
670 517
671 518
672 519
676 520
673 521
673 522
669 523
669 524
672 525
672 526
672 527
668 528
667 529
668 530
668 531
665 532
666 533
663 534
662 535
662 536
664 537
666 538
668 539
664 540
661 541
663 542
664 543
661 544
660 545
657 546
659 547
661 548
658 549
654 550
659 551
653 552
647 553
644 554
647 555
648 556
648 557
644 558
648 559
648 560
650 561
654 562
653 563
652 564
651 565
652 566
662 567
662 568
660 569
662 570
661 571
663 572
660 573
659 574
658 575
660 576
655 577
657 578
658 579
656 580
658 581
663 582
666 583
665 584
666 585
666 586
666 587
664 588
667 589
671 590
671 591
671 592
672 593
678 594
679 595
679 596
686 597
687 598
694 599
699 600
692 601
699 602
699 603
703 604
710 605
715 606
721 607
725 608
729 609
736 610
739 611
737 612
730 613
735 614
736 615
735 616
736 617
741 618
741 619
750 620
743 621
746 622
750 623
746 624
742 625
739 626
739 627
741 628
733 629
733 630
736 631
744 632
732 633
746 634
757 635
755 636
744 637
739 638
733 639
738 640
736 641
735 642
733 643
725 644
725 645
724 646
724 647
717 648
722 649
724 650
719 651
714 652
715 653
713 654
712 655
711 656
712 657
705 658
698 659
698 660
702 661
697 662
692 663
682 664
680 665
681 666
682 667
677 668
674 669
678 670
675 671
683 672
682 673
673 674
672 675
675 676
675 677
675 678
673 679
669 680
668 681
672 682
669 683
666 684
668 685
670 686
675 687
675 688
676 689
676 690
681 691
677 692
671 693
671 694
679 695
667 696
667 697
668 698
672 699
670 700
670 701
668 702
672 703
673 704
674 705
672 706
673 707
671 708
669 709
669 710
675 711
678 712
681 713
680 714
677 715
681 716
680 717
677 718
669 719
