646 0
643 1
639 2
639 3
642 4
645 5
644 6
644 7
641 8
637 9
636 10
637 11
634 12
637 13
634 14
636 15
637 16
641 17
639 18
639 19
641 20
640 21
639 22
640 23
640 24
640 25
640 26
644 27
641 28
641 29
644 30
645 31
642 32
643 33
643 34
645 35
646 36
644 37
643 38
644 39
644 40
643 41
644 42
644 43
644 44
646 45
650 46
654 47
655 48
650 49
653 50
653 51
657 52
657 53
664 54
671 55
664 56
664 57
667 58
666 59
663 60
663 61
661 62
665 63
657 64
657 65
659 66
663 67
674 68
670 69
663 70
667 71
668 72
668 73
672 74
673 75
682 76
683 77
678 78
677 79
678 80
685 81
687 82
685 83
682 84
682 85
677 86
673 87
680 88
678 89
683 90
676 91
672 92
674 93
676 94
679 95
677 96
675 97
671 98
668 99
666 100
665 101
669 102
669 103
675 104
670 105
673 106
668 107
668 108
665 109
671 110
674 111
676 112
673 113
664 114
666 115
670 116
674 117
677 118
674 119
674 120
672 121
674 122
675 123
675 124
679 125
682 126
675 127
680 128
670 129
671 130
675 131
679 132
683 133
683 134
680 135
676 136
672 137
671 138
675 139
679 140
676 141
674 142
678 143
680 144
671 145
676 146
677 147
674 148
672 149
680 150
680 151
675 152
675 153
675 154
675 155
676 156
677 157
675 158
676 159
679 160
672 161
673 162
675 163
671 164
674 165
681 166
676 167
685 168
685 169
689 170
688 171
693 172
691 173
691 174
689 175
694 176
693 177
688 178
687 179
693 180
693 181
693 182
690 183
691 184
684 185
685 186
688 187
689 188
683 189
684 190
687 191
685 192
686 193
681 194
679 195
677 196
675 197
676 198
679 199
682 200
685 201
684 202
682 203
678 204
679 205
679 206
684 207
673 208
673 209
663 210
660 211
658 212
653 213
653 214
653 215
659 216
654 217
651 218
647 219
649 220
653 221
652 222
655 223
656 224
653 225
655 226
655 227
662 228
666 229
669 230
671 231
670 232
671 233
668 234
668 235
668 236
667 237
660 238
661 239
663 240
665 241
663 242
667 243
675 244
668 245
670 246
673 247
670 248
671 249
676 250
681 251
677 252
680 253
678 254
688 255
686 256
687 257
694 258
695 259
688 260
694 261
702 262
708 263
705 264
712 265
723 266
723 267
726 268
720 269
720 270
732 271
741 272
749 273
739 274
737 275
746 276
750 277
768 278
771 279
732 280
728 281
730 282
728 283
734 284
740 285
740 286
738 287
749 288
743 289
736 290
743 291
745 292
762 293
758 294
750 295
751 296
753 297
759 298
763 299
760 300
754 301
757 302
753 303
757 304
761 305
758 306
755 307
752 308
749 309
751 310
765 311
754 312
745 313
749 314
747 315
747 316
743 317
746 318
756 319
744 320
742 321
748 322
745 323
744 324
740 325
740 326
743 327
744 328
743 329
743 330
744 331
742 332
746 333
748 334
750 335
744 336
741 337
736 338
734 339
728 340
730 341
732 342
736 343
726 344
731 345
729 346
729 347
735 348
744 349
737 350
721 351
732 352
734 353
737 354
733 355
736 356
728 357
723 358
721 359
725 360
720 361
725 362
728 363
722 364
723 365
714 366
715 367
717 368
719 369
719 370
726 371
728 372
723 373
726 374
722 375
724 376
724 377
720 378
710 379
714 380
715 381
711 382
709 383
707 384
709 385
706 386
698 387
696 388
700 389
705 390
707 391
704 392
699 393
701 394
701 395
701 396
697 397
699 398
700 399
698 400
697 401
701 402
703 403
703 404
700 405
701 406
699 407
698 408
694 409
697 410
692 411
687 412
687 413
687 414
684 415
687 416
684 417
687 418
687 419
687 420
685 421
687 422
690 423
688 424
689 425
688 426
692 427
693 428
690 429
694 430
695 431
701 432
699 433
699 434
695 435
691 436
695 437
696 438
697 439
697 440
698 441
699 442
702 443
702 444
709 445
709 446
701 447
703 448
701 449
705 450
706 451
703 452
701 453
699 454
702 455
702 456
702 457
701 458
700 459
703 460
699 461
703 462
699 463
700 464
700 465
700 466
706 467
707 468
702 469
698 470
706 471
717 472
710 473
703 474
705 475
712 476
714 477
707 478
709 479
727 480
723 481
727 482
722 483
718 484
720 485
718 486
716 487
717 488
705 489
707 490
712 491
714 492
712 493
708 494
708 495
707 496
701 497
702 498
703 499
699 500
696 501
701 502
704 503
692 504
686 505
676 506
677 507
675 508
669 509
670 510
670 511
662 512
660 513
661 514
658 515
658 516
660 517
661 518
664 519
664 520
662 521
661 522
658 523
656 524
657 525
654 526
652 527
651 528
649 529
648 530
657 531
657 532
646 533
647 534
654 535
658 536
657 537
654 538
652 539
652 540
651 541
650 542
650 543
649 544
647 545
649 546
645 547
643 548
641 549
641 550
642 551
644 552
643 553
644 554
642 555
641 556
640 557
638 558
638 559
634 560
636 561
640 562
642 563
651 564
653 565
656 566
655 567
650 568
653 569
659 570
664 571
665 572
661 573
660 574
648 575
653 576
661 577
658 578
652 579
654 580
662 581
661 582
650 583
656 584
658 585
661 586
656 587
656 588
660 589
650 590
638 591
651 592
652 593
649 594
646 595
649 596
643 597
640 598
627 599
629 600
625 601
616 602
607 603
607 604
604 605
602 606
589 607
565 608
564 609
555 610
552 611
537 612
523 613
522 614
523 615
527 616
520 617
510 618
514 619
519 620
514 621
512 622
514 623
503 624
510 625
512 626
510 627
488 628
479 629
480 630
489 631
483 632
468 633
459 634
463 635
454 636
445 637
452 638
458 639
445 640
435 641
417 642
392 643
375 644
357 645
367 646
373 647
375 648
346 649
306 650
297 651
301 652
284 653
265 654
283 655
286 656
263 657
251 658
269 659
286 660
287 661
262 662
253 663
272 664
267 665
257 666
261 667
265 668
253 669
250 670
246 671
245 672
239 673
244 674
245 675
245 676
252 677
244 678
240 679
265 680
260 681
256 682
267 683
267 684
251 685
252 686
266 687
259 688
256 689
257 690
259 691
263 692
265 693
265 694
273 695
279 696
272 697
280 698
279 699
286 700
282 701
287 702
298 703
293 704
292 705
296 706
298 707
304 708
307 709
314 710
317 711
322 712
320 713
322 714
324 715
332 716
337 717
348 718
358 719
