692 0
700 1
700 2
700 3
700 4
704 5
706 6
711 7
700 8
701 9
706 10
705 11
706 12
705 13
710 14
707 15
713 16
710 17
703 18
701 19
702 20
709 21
711 22
704 23
702 24
702 25
705 26
708 27
709 28
706 29
704 30
708 31
706 32
708 33
705 34
701 35
701 36
701 37
702 38
708 39
706 40
700 41
698 42
696 43
696 44
692 45
691 46
683 47
690 48
685 49
672 50
667 51
671 52
675 53
673 54
676 55
683 56
679 57
675 58
677 59
683 60
679 61
675 62
676 63
685 64
683 65
689 66
694 67
704 68
709 69
705 70
705 71
697 72
696 73
693 74
687 75
688 76
691 77
686 78
689 79
697 80
700 81
702 82
707 83
711 84
711 85
707 86
705 87
712 88
717 89
723 90
716 91
711 92
712 93
716 94
723 95
724 96
720 97
722 98
719 99
724 100
730 101
732 102
740 103
738 104
735 105
740 106
738 107
738 108
740 109
747 110
750 111
750 112
744 113
735 114
751 115
750 116
743 117
747 118
752 119
752 120
755 121
758 122
750 123
754 124
755 125
756 126
754 127
758 128
755 129
755 130
757 131
754 132
752 133
752 134
759 135
751 136
753 137
752 138
750 139
723 140
721 141
720 142
727 143
721 144
719 145
721 146
722 147
723 148
725 149
722 150
723 151
720 152
721 153
726 154
729 155
729 156
725 157
720 158
723 159
725 160
725 161
720 162
726 163
720 164
717 165
714 166
715 167
717 168
713 169
706 170
709 171
711 172
707 173
707 174
709 175
706 176
704 177
708 178
704 179
707 180
708 181
707 182
703 183
709 184
709 185
703 186
706 187
709 188
699 189
698 190
700 191
691 192
697 193
703 194
710 195
709 196
703 197
699 198
700 199
703 200
708 201
706 202
700 203
696 204
683 205
679 206
676 207
683 208
672 209
667 210
668 211
668 212
669 213
675 214
674 215
674 216
682 217
693 218
688 219
687 220
689 221
692 222
694 223
699 224
695 225
696 226
694 227
687 228
693 229
697 230
696 231
697 232
696 233
695 234
699 235
698 236
691 237
693 238
696 239
693 240
688 241
692 242
694 243
695 244
697 245
696 246
702 247
701 248
702 249
700 250
699 251
699 252
699 253
700 254
699 255
697 256
700 257
698 258
697 259
702 260
701 261
701 262
691 263
682 264
685 265
688 266
688 267
688 268
680 269
676 270
668 271
668 272
674 273
676 274
672 275
678 276
674 277
662 278
666 279
671 280
680 281
682 282
681 283
681 284
681 285
681 286
672 287
677 288
677 289
679 290
680 291
679 292
674 293
672 294
676 295
674 296
676 297
677 298
678 299
679 300
673 301
678 302
672 303
672 304
672 305
666 306
665 307
659 308
667 309
667 310
656 311
663 312
665 313
661 314
659 315
665 316
666 317
664 318
665 319
660 320
661 321
668 322
664 323
658 324
657 325
655 326
651 327
650 328
651 329
648 330
648 331
652 332
647 333
646 334
642 335
642 336
650 337
629 338
591 339
590 340
581 341
576 342
578 343
577 344
576 345
577 346
577 347
575 348
581 349
580 350
583 351
578 352
575 353
574 354
571 355
573 356
573 357
580 358
575 359
573 360
567 361
567 362
565 363
570 364
568 365
566 366
566 367
565 368
562 369
558 370
558 371
558 372
555 373
558 374
550 375
554 376
548 377
545 378
548 379
547 380
547 381
544 382
545 383
538 384
538 385
535 386
532 387
539 388
539 389
539 390
541 391
542 392
536 393
536 394
537 395
538 396
537 397
537 398
539 399
539 400
542 401
540 402
540 403
541 404
540 405
533 406
530 407
538 408
532 409
537 410
541 411
539 412
538 413
543 414
541 415
537 416
533 417
531 418
525 419
529 420
522 421
527 422
526 423
521 424
520 425
518 426
517 427
519 428
521 429
520 430
520 431
516 432
516 433
516 434
520 435
519 436
516 437
514 438
515 439
511 440
511 441
505 442
506 443
507 444
506 445
503 446
498 447
497 448
495 449
495 450
492 451
487 452
487 453
493 454
497 455
490 456
484 457
483 458
484 459
486 460
484 461
487 462
483 463
470 464
474 465
472 466
468 467
467 468
466 469
465 470
466 471
474 472
469 473
468 474
468 475
465 476
464 477
459 478
460 479
459 480
458 481
460 482
464 483
458 484
458 485
456 486
454 487
461 488
458 489
456 490
458 491
452 492
450 493
449 494
447 495
449 496
442 497
445 498
446 499
444 500
441 501
439 502
444 503
442 504
443 505
443 506
443 507
438 508
438 509
438 510
436 511
438 512
437 513
439 514
439 515
436 516
436 517
436 518
438 519
437 520
432 521
430 522
432 523
428 524
427 525
429 526
428 527
427 528
421 529
423 530
426 531
419 532
415 533
417 534
416 535
412 536
412 537
410 538
407 539
407 540
406 541
405 542
404 543
405 544
401 545
400 546
401 547
400 548
401 549
399 550
395 551
397 552
395 553
392 554
392 555
393 556
394 557
391 558
389 559
388 560
390 561
389 562
386 563
385 564
387 565
385 566
385 567
384 568
383 569
384 570
382 571
381 572
381 573
381 574
382 575
381 576
380 577
380 578
379 579
379 580
379 581
378 582
378 583
377 584
377 585
376 586
379 587
379 588
378 589
379 590
379 591
379 592
376 593
376 594
375 595
375 596
374 597
374 598
376 599
373 600
373 601
374 602
372 603
369 604
370 605
372 606
374 607
377 608
372 609
370 610
369 611
372 612
375 613
376 614
379 615
377 616
377 617
373 618
372 619
370 620
371 621
376 622
379 623
384 624
370 625
374 626
377 627
377 628
373 629
378 630
398 631
398 632
398 633
394 634
389 635
382 636
394 637
404 638
406 639
395 640
399 641
420 642
412 643
425 644
442 645
447 646
461 647
458 648
466 649
471 650
479 651
492 652
493 653
502 654
514 655
501 656
515 657
524 658
536 659
547 660
543 661
543 662
543 663
543 664
562 665
577 666
580 667
581 668
582 669
585 670
587 671
591 672
597 673
604 674
609 675
616 676
626 677
632 678
620 679
624 680
629 681
639 682
641 683
641 684
639 685
641 686
648 687
660 688
658 689
661 690
666 691
665 692
664 693
665 694
666 695
659 696
675 697
671 698
670 699
670 700
669 701
675 702
675 703
679 704
679 705
682 706
685 707
682 708
679 709
688 710
680 711
681 712
690 713
682 714
680 715
686 716
679 717
669 718
673 719
