698 0
700 1
702 2
702 3
700 4
699 5
705 6
708 7
700 8
706 9
709 10
702 11
702 12
713 13
710 14
709 15
705 16
705 17
702 18
703 19
704 20
701 21
708 22
704 23
707 24
706 25
704 26
704 27
707 28
706 29
705 30
708 31
705 32
702 33
704 34
705 35
705 36
700 37
698 38
699 39
698 40
698 41
696 42
696 43
693 44
692 45
693 46
696 47
688 48
686 49
678 50
670 51
674 52
679 53
675 54
674 55
673 56
680 57
677 58
674 59
677 60
678 61
684 62
686 63
680 64
679 65
686 66
690 67
692 68
690 69
696 70
697 71
704 72
691 73
695 74
693 75
692 76
693 77
696 78
700 79
696 80
700 81
705 82
706 83
702 84
703 85
704 86
714 87
714 88
716 89
722 90
717 91
717 92
717 93
720 94
728 95
724 96
736 97
736 98
729 99
723 100
732 101
735 102
737 103
745 104
730 105
733 106
746 107
741 108
736 109
742 110
745 111
752 112
747 113
745 114
755 115
768 116
762 117
755 118
755 119
755 120
757 121
757 122
754 123
758 124
761 125
761 126
757 127
760 128
757 129
759 130
762 131
757 132
760 133
754 134
756 135
756 136
755 137
755 138
751 139
726 140
727 141
724 142
726 143
724 144
719 145
723 146
721 147
721 148
724 149
722 150
723 151
727 152
732 153
730 154
729 155
727 156
726 157
729 158
728 159
720 160
719 161
720 162
717 163
713 164
715 165
714 166
717 167
711 168
710 169
710 170
710 171
716 172
715 173
710 174
715 175
705 176
705 177
708 178
711 179
704 180
707 181
707 182
706 183
703 184
705 185
704 186
706 187
710 188
707 189
700 190
694 191
692 192
699 193
701 194
695 195
690 196
701 197
701 198
697 199
698 200
700 201
705 202
699 203
705 204
697 205
698 206
686 207
672 208
672 209
668 210
670 211
666 212
664 213
671 214
678 215
682 216
684 217
685 218
690 219
697 220
700 221
697 222
697 223
699 224
696 225
697 226
700 227
700 228
700 229
699 230
704 231
694 232
691 233
693 234
701 235
696 236
694 237
691 238
693 239
700 240
692 241
695 242
696 243
691 244
694 245
699 246
697 247
695 248
697 249
700 250
697 251
696 252
701 253
701 254
703 255
701 256
703 257
697 258
697 259
699 260
697 261
694 262
686 263
686 264
687 265
697 266
700 267
692 268
683 269
681 270
680 271
683 272
681 273
680 274
675 275
669 276
668 277
672 278
668 279
671 280
676 281
681 282
684 283
677 284
676 285
682 286
681 287
680 288
682 289
678 290
682 291
681 292
676 293
677 294
679 295
673 296
675 297
674 298
669 299
672 300
674 301
675 302
673 303
666 304
672 305
670 306
658 307
663 308
667 309
671 310
664 311
655 312
656 313
667 314
659 315
663 316
667 317
668 318
664 319
656 320
663 321
650 322
647 323
658 324
654 325
653 326
651 327
653 328
649 329
651 330
656 331
649 332
651 333
650 334
640 335
633 336
641 337
626 338
585 339
578 340
583 341
583 342
579 343
573 344
575 345
576 346
576 347
575 348
581 349
581 350
583 351
580 352
580 353
576 354
573 355
575 356
576 357
573 358
571 359
565 360
570 361
570 362
570 363
568 364
563 365
565 366
556 367
559 368
559 369
560 370
568 371
560 372
557 373
551 374
550 375
540 376
537 377
539 378
545 379
545 380
537 381
538 382
539 383
538 384
532 385
531 386
534 387
533 388
533 389
532 390
530 391
538 392
538 393
541 394
541 395
540 396
534 397
537 398
538 399
537 400
539 401
535 402
532 403
529 404
531 405
532 406
532 407
525 408
529 409
533 410
542 411
537 412
533 413
537 414
535 415
534 416
526 417
519 418
520 419
523 420
522 421
524 422
518 423
521 424
517 425
520 426
525 427
527 428
529 429
526 430
527 431
531 432
528 433
521 434
528 435
531 436
530 437
526 438
527 439
523 440
523 441
520 442
520 443
523 444
528 445
526 446
527 447
522 448
526 449
523 450
516 451
524 452
529 453
524 454
524 455
516 456
518 457
513 458
513 459
510 460
516 461
509 462
505 463
507 464
508 465
512 466
507 467
506 468
507 469
503 470
504 471
503 472
496 473
493 474
494 475
495 476
490 477
481 478
475 479
483 480
475 481
473 482
466 483
476 484
473 485
470 486
471 487
474 488
473 489
471 490
470 491
465 492
456 493
454 494
459 495
460 496
449 497
446 498
447 499
451 500
448 501
450 502
451 503
451 504
447 505
445 506
447 507
445 508
447 509
449 510
447 511
448 512
446 513
445 514
444 515
448 516
449 517
448 518
446 519
444 520
444 521
446 522
444 523
443 524
438 525
439 526
441 527
435 528
433 529
434 530
434 531
431 532
432 533
431 534
432 535
427 536
425 537
424 538
422 539
421 540
423 541
423 542
421 543
416 544
413 545
413 546
411 547
410 548
410 549
408 550
409 551
411 552
405 553
402 554
401 555
400 556
400 557
398 558
396 559
394 560
395 561
397 562
394 563
392 564
392 565
392 566
392 567
391 568
390 569
387 570
387 571
387 572
385 573
387 574
388 575
389 576
386 577
385 578
385 579
384 580
384 581
384 582
387 583
383 584
382 585
382 586
385 587
384 588
381 589
380 590
380 591
378 592
379 593
379 594
377 595
377 596
376 597
376 598
376 599
378 600
375 601
375 602
376 603
375 604
373 605
372 606
373 607
371 608
372 609
371 610
375 611
377 612
377 613
376 614
380 615
371 616
371 617
372 618
370 619
371 620
370 621
372 622
376 623
378 624
376 625
379 626
382 627
386 628
382 629
378 630
383 631
396 632
399 633
396 634
395 635
384 636
396 637
403 638
412 639
411 640
399 641
410 642
421 643
424 644
427 645
426 646
438 647
450 648
450 649
472 650
476 651
468 652
487 653
493 654
504 655
491 656
505 657
511 658
535 659
537 660
543 661
541 662
543 663
543 664
553 665
556 666
557 667
563 668
579 669
587 670
596 671
602 672
611 673
614 674
603 675
615 676
629 677
633 678
624 679
640 680
632 681
629 682
627 683
631 684
646 685
650 686
652 687
648 688
652 689
662 690
666 691
652 692
662 693
670 694
673 695
667 696
675 697
671 698
669 699
674 700
668 701
667 702
667 703
666 704
672 705
680 706
690 707
687 708
677 709
673 710
669 711
681 712
681 713
688 714
683 715
678 716
678 717
678 718
677 719
