700 0
698 1
697 2
700 3
706 4
705 5
706 6
707 7
707 8
695 9
693 10
701 11
704 12
707 13
704 14
704 15
699 16
696 17
700 18
702 19
705 20
703 21
705 22
704 23
702 24
701 25
703 26
703 27
706 28
703 29
700 30
700 31
702 32
706 33
700 34
699 35
701 36
703 37
698 38
700 39
701 40
707 41
698 42
699 43
692 44
689 45
690 46
686 47
685 48
672 49
667 50
668 51
669 52
672 53
672 54
668 55
674 56
674 57
671 58
674 59
671 60
670 61
670 62
678 63
682 64
684 65
685 66
682 67
689 68
690 69
693 70
694 71
693 72
687 73
689 74
686 75
686 76
688 77
685 78
692 79
694 80
702 81
704 82
706 83
710 84
703 85
704 86
714 87
711 88
705 89
709 90
711 91
714 92
712 93
716 94
720 95
727 96
731 97
731 98
722 99
716 100
723 101
723 102
726 103
724 104
725 105
727 106
730 107
729 108
734 109
736 110
736 111
738 112
737 113
735 114
738 115
745 116
751 117
749 118
747 119
745 120
753 121
756 122
753 123
749 124
753 125
754 126
749 127
743 128
752 129
753 130
747 131
745 132
751 133
752 134
751 135
746 136
747 137
751 138
750 139
719 140
720 141
718 142
718 143
717 144
720 145
714 146
713 147
714 148
713 149
719 150
718 151
719 152
719 153
717 154
718 155
720 156
720 157
715 158
718 159
714 160
718 161
716 162
715 163
718 164
708 165
698 166
698 167
697 168
701 169
700 170
701 171
701 172
701 173
701 174
700 175
699 176
704 177
705 178
706 179
704 180
701 181
697 182
698 183
687 184
694 185
693 186
694 187
688 188
681 189
677 190
669 191
676 192
677 193
688 194
692 195
691 196
687 197
681 198
679 199
680 200
685 201
688 202
693 203
687 204
678 205
669 206
663 207
650 208
653 209
662 210
657 211
643 212
643 213
655 214
659 215
662 216
666 217
666 218
669 219
671 220
673 221
673 222
675 223
679 224
679 225
681 226
678 227
667 228
665 229
666 230
670 231
661 232
661 233
657 234
662 235
667 236
666 237
663 238
658 239
662 240
661 241
660 242
666 243
664 244
669 245
670 246
664 247
668 248
674 249
667 250
668 251
673 252
673 253
674 254
670 255
671 256
672 257
669 258
665 259
666 260
672 261
666 262
652 263
658 264
654 265
658 266
658 267
649 268
659 269
666 270
652 271
643 272
652 273
648 274
649 275
650 276
647 277
645 278
641 279
641 280
654 281
652 282
663 283
660 284
653 285
652 286
652 287
650 288
656 289
653 290
653 291
651 292
652 293
652 294
651 295
649 296
653 297
650 298
650 299
649 300
654 301
654 302
643 303
648 304
650 305
647 306
650 307
649 308
649 309
648 310
649 311
643 312
641 313
645 314
647 315
652 316
651 317
654 318
651 319
645 320
647 321
641 322
644 323
642 324
641 325
645 326
643 327
635 328
638 329
639 330
637 331
633 332
636 333
633 334
630 335
623 336
631 337
617 338
584 339
578 340
577 341
578 342
574 343
576 344
575 345
572 346
571 347
576 348
577 349
578 350
579 351
577 352
574 353
571 354
573 355
572 356
570 357
568 358
569 359
566 360
569 361
567 362
564 363
565 364
569 365
563 366
560 367
562 368
560 369
558 370
559 371
555 372
550 373
548 374
548 375
539 376
542 377
546 378
547 379
535 380
535 381
534 382
537 383
532 384
530 385
528 386
529 387
534 388
534 389
534 390
524 391
535 392
537 393
538 394
543 395
542 396
537 397
536 398
535 399
538 400
540 401
536 402
533 403
535 404
534 405
536 406
531 407
539 408
542 409
540 410
535 411
530 412
533 413
540 414
539 415
531 416
532 417
523 418
521 419
522 420
523 421
522 422
522 423
526 424
521 425
524 426
525 427
524 428
527 429
527 430
523 431
531 432
528 433
524 434
528 435
528 436
523 437
521 438
520 439
519 440
516 441
516 442
514 443
504 444
505 445
508 446
512 447
514 448
512 449
506 450
509 451
512 452
507 453
502 454
505 455
508 456
507 457
500 458
500 459
499 460
505 461
507 462
499 463
488 464
495 465
499 466
494 467
493 468
490 469
489 470
485 471
485 472
483 473
477 474
484 475
480 476
470 477
470 478
475 479
474 480
470 481
469 482
465 483
467 484
468 485
468 486
470 487
465 488
465 489
463 490
457 491
458 492
458 493
453 494
453 495
448 496
450 497
450 498
444 499
441 500
441 501
439 502
446 503
441 504
439 505
441 506
439 507
438 508
440 509
440 510
441 511
442 512
437 513
436 514
435 515
436 516
439 517
439 518
438 519
438 520
434 521
432 522
432 523
433 524
433 525
431 526
430 527
423 528
419 529
419 530
415 531
414 532
418 533
417 534
414 535
412 536
411 537
408 538
409 539
405 540
404 541
401 542
400 543
403 544
399 545
396 546
395 547
397 548
400 549
398 550
399 551
391 552
391 553
393 554
393 555
393 556
390 557
391 558
387 559
385 560
383 561
383 562
383 563
383 564
383 565
382 566
382 567
384 568
381 569
379 570
379 571
378 572
377 573
376 574
380 575
378 576
375 577
376 578
375 579
375 580
375 581
374 582
374 583
373 584
372 585
372 586
372 587
371 588
371 589
371 590
371 591
371 592
370 593
370 594
370 595
369 596
369 597
368 598
369 599
369 600
367 601
368 602
368 603
366 604
366 605
365 606
367 607
369 608
367 609
367 610
373 611
371 612
369 613
371 614
377 615
371 616
367 617
366 618
365 619
372 620
370 621
364 622
377 623
380 624
376 625
380 626
381 627
390 628
381 629
384 630
395 631
386 632
391 633
400 634
394 635
380 636
390 637
412 638
427 639
422 640
415 641
416 642
429 643
436 644
452 645
461 646
468 647
470 648
479 649
499 650
503 651
496 652
497 653
494 654
500 655
514 656
528 657
530 658
528 659
543 660
540 661
544 662
550 663
549 664
555 665
560 666
569 667
572 668
574 669
585 670
599 671
601 672
597 673
614 674
612 675
610 676
616 677
622 678
618 679
627 680
644 681
645 682
635 683
636 684
637 685
645 686
640 687
651 688
651 689
662 690
668 691
670 692
670 693
676 694
665 695
664 696
668 697
671 698
668 699
678 700
674 701
664 702
664 703
665 704
676 705
672 706
668 707
671 708
678 709
679 710
673 711
671 712
688 713
680 714
683 715
679 716
682 717
670 718
669 719
