698 0
699 1
703 2
707 3
703 4
707 5
706 6
703 7
702 8
703 9
705 10
710 11
702 12
703 13
705 14
707 15
703 16
698 17
706 18
710 19
703 20
701 21
701 22
702 23
702 24
705 25
706 26
702 27
704 28
709 29
708 30
703 31
707 32
706 33
710 34
704 35
702 36
703 37
706 38
706 39
702 40
702 41
699 42
695 43
698 44
695 45
693 46
690 47
694 48
686 49
672 50
665 51
664 52
669 53
672 54
675 55
680 56
674 57
678 58
679 59
681 60
683 61
684 62
687 63
691 64
686 65
692 66
709 67
702 68
698 69
701 70
703 71
692 72
692 73
688 74
687 75
694 76
699 77
691 78
693 79
702 80
703 81
702 82
707 83
712 84
711 85
707 86
711 87
723 88
714 89
712 90
714 91
716 92
717 93
722 94
729 95
736 96
724 97
727 98
734 99
728 100
733 101
732 102
737 103
731 104
735 105
733 106
733 107
739 108
744 109
745 110
737 111
746 112
747 113
747 114
748 115
754 116
750 117
748 118
753 119
751 120
757 121
757 122
757 123
758 124
761 125
756 126
754 127
756 128
762 129
758 130
759 131
760 132
755 133
755 134
754 135
748 136
749 137
751 138
750 139
718 140
721 141
719 142
723 143
715 144
714 145
717 146
720 147
721 148
721 149
715 150
715 151
721 152
722 153
726 154
723 155
718 156
717 157
712 158
708 159
710 160
709 161
716 162
719 163
715 164
708 165
702 166
703 167
710 168
704 169
707 170
707 171
702 172
704 173
702 174
702 175
700 176
699 177
697 178
702 179
702 180
696 181
701 182
703 183
701 184
704 185
705 186
703 187
689 188
689 189
694 190
688 191
690 192
688 193
690 194
694 195
698 196
700 197
707 198
694 199
697 200
698 201
693 202
694 203
696 204
688 205
681 206
679 207
666 208
670 209
674 210
672 211
660 212
660 213
668 214
674 215
672 216
680 217
685 218
687 219
685 220
688 221
687 222
694 223
692 224
694 225
695 226
690 227
689 228
693 229
693 230
694 231
686 232
691 233
693 234
692 235
693 236
689 237
690 238
689 239
698 240
694 241
690 242
692 243
692 244
694 245
694 246
693 247
698 248
697 249
697 250
697 251
696 252
697 253
700 254
698 255
702 256
698 257
698 258
698 259
700 260
693 261
685 262
685 263
685 264
690 265
685 266
684 267
685 268
686 269
685 270
683 271
679 272
680 273
678 274
679 275
681 276
673 277
670 278
666 279
669 280
675 281
678 282
682 283
684 284
681 285
676 286
679 287
675 288
679 289
673 290
673 291
674 292
675 293
677 294
674 295
675 296
678 297
680 298
680 299
677 300
670 301
668 302
670 303
666 304
671 305
663 306
661 307
663 308
665 309
668 310
670 311
670 312
669 313
671 314
666 315
660 316
668 317
670 318
664 319
659 320
657 321
661 322
659 323
658 324
664 325
662 326
651 327
652 328
659 329
659 330
656 331
652 332
654 333
650 334
651 335
646 336
642 337
622 338
598 339
592 340
592 341
589 342
591 343
584 344
581 345
588 346
589 347
598 348
599 349
600 350
592 351
593 352
600 353
590 354
586 355
596 356
597 357
580 358
582 359
587 360
575 361
574 362
574 363
573 364
565 365
568 366
566 367
562 368
568 369
562 370
559 371
556 372
555 373
546 374
544 375
548 376
541 377
536 378
546 379
551 380
546 381
539 382
538 383
537 384
536 385
536 386
534 387
538 388
537 389
537 390
527 391
527 392
531 393
534 394
532 395
538 396
543 397
541 398
529 399
534 400
541 401
538 402
533 403
535 404
530 405
534 406
531 407
532 408
527 409
535 410
540 411
536 412
532 413
535 414
543 415
538 416
534 417
525 418
523 419
524 420
531 421
528 422
521 423
525 424
528 425
530 426
525 427
525 428
524 429
522 430
527 431
524 432
523 433
516 434
513 435
507 436
513 437
516 438
511 439
511 440
516 441
519 442
511 443
515 444
520 445
516 446
510 447
513 448
512 449
511 450
508 451
512 452
513 453
513 454
513 455
506 456
513 457
511 458
500 459
501 460
501 461
495 462
490 463
489 464
491 465
487 466
487 467
494 468
487 469
486 470
484 471
484 472
483 473
483 474
483 475
477 476
471 477
470 478
470 479
463 480
460 481
463 482
463 483
461 484
462 485
462 486
464 487
462 488
458 489
467 490
464 491
451 492
446 493
449 494
452 495
448 496
441 497
445 498
447 499
444 500
447 501
444 502
444 503
447 504
445 505
443 506
441 507
444 508
444 509
444 510
443 511
444 512
440 513
441 514
443 515
441 516
442 517
441 518
440 519
438 520
440 521
439 522
440 523
435 524
433 525
430 526
430 527
428 528
427 529
426 530
425 531
422 532
423 533
423 534
422 535
421 536
417 537
415 538
415 539
409 540
410 541
410 542
406 543
409 544
403 545
400 546
400 547
402 548
399 549
400 550
399 551
400 552
397 553
397 554
395 555
392 556
391 557
394 558
395 559
390 560
389 561
390 562
389 563
387 564
386 565
386 566
386 567
385 568
387 569
384 570
384 571
384 572
382 573
382 574
382 575
381 576
381 577
380 578
379 579
378 580
378 581
378 582
379 583
380 584
377 585
377 586
378 587
378 588
375 589
375 590
377 591
374 592
375 593
382 594
381 595
378 596
374 597
372 598
373 599
374 600
375 601
374 602
373 603
372 604
370 605
371 606
373 607
374 608
372 609
370 610
373 611
376 612
375 613
373 614
374 615
370 616
370 617
372 618
376 619
373 620
373 621
373 622
376 623
382 624
374 625
384 626
387 627
384 628
384 629
393 630
408 631
391 632
382 633
387 634
384 635
386 636
387 637
387 638
401 639
421 640
413 641
416 642
407 643
420 644
448 645
467 646
452 647
461 648
452 649
455 650
462 651
460 652
475 653
489 654
492 655
491 656
498 657
498 658
525 659
530 660
536 661
543 662
544 663
554 664
554 665
558 666
570 667
570 668
585 669
589 670
588 671
597 672
612 673
612 674
622 675
622 676
619 677
625 678
628 679
625 680
644 681
639 682
642 683
646 684
643 685
649 686
648 687
653 688
659 689
662 690
663 691
649 692
664 693
670 694
665 695
665 696
670 697
673 698
669 699
655 700
673 701
671 702
670 703
673 704
676 705
691 706
682 707
674 708
672 709
676 710
672 711
669 712
681 713
687 714
687 715
675 716
684 717
684 718
679 719
