699 0
696 1
696 2
702 3
706 4
699 5
699 6
707 7
704 8
705 9
709 10
705 11
704 12
707 13
707 14
699 15
705 16
699 17
699 18
698 19
699 20
697 21
698 22
703 23
702 24
700 25
704 26
705 27
699 28
696 29
699 30
698 31
699 32
704 33
708 34
708 35
707 36
704 37
701 38
701 39
696 40
698 41
696 42
693 43
693 44
692 45
691 46
693 47
694 48
676 49
669 50
671 51
671 52
669 53
669 54
672 55
676 56
670 57
672 58
675 59
676 60
679 61
678 62
680 63
681 64
684 65
692 66
696 67
695 68
699 69
700 70
697 71
692 72
684 73
689 74
691 75
689 76
690 77
691 78
696 79
701 80
702 81
702 82
701 83
703 84
712 85
708 86
709 87
702 88
703 89
711 90
708 91
712 92
711 93
718 94
719 95
722 96
725 97
726 98
730 99
727 100
726 101
725 102
723 103
728 104
732 105
733 106
733 107
741 108
737 109
737 110
745 111
744 112
742 113
750 114
750 115
748 116
751 117
753 118
748 119
751 120
751 121
752 122
753 123
751 124
753 125
755 126
754 127
752 128
750 129
750 130
755 131
753 132
754 133
751 134
751 135
748 136
748 137
753 138
748 139
721 140
722 141
721 142
719 143
721 144
723 145
718 146
718 147
719 148
723 149
723 150
719 151
715 152
717 153
721 154
721 155
722 156
719 157
717 158
713 159
717 160
719 161
716 162
712 163
711 164
706 165
706 166
708 167
704 168
709 169
705 170
703 171
696 172
696 173
700 174
701 175
697 176
698 177
695 178
695 179
697 180
694 181
695 182
696 183
693 184
697 185
702 186
700 187
697 188
691 189
688 190
690 191
688 192
691 193
691 194
687 195
694 196
696 197
696 198
693 199
696 200
695 201
695 202
688 203
689 204
683 205
681 206
678 207
672 208
672 209
673 210
664 211
665 212
665 213
664 214
659 215
671 216
671 217
674 218
673 219
676 220
685 221
685 222
679 223
685 224
688 225
688 226
687 227
686 228
687 229
686 230
688 231
688 232
686 233
685 234
686 235
688 236
689 237
687 238
687 239
690 240
691 241
692 242
691 243
686 244
686 245
690 246
695 247
697 248
695 249
691 250
692 251
692 252
696 253
702 254
701 255
694 256
694 257
694 258
692 259
694 260
694 261
690 262
688 263
687 264
683 265
684 266
680 267
675 268
682 269
686 270
681 271
680 272
683 273
676 274
678 275
679 276
673 277
671 278
666 279
667 280
668 281
679 282
684 283
682 284
683 285
678 286
673 287
674 288
675 289
675 290
671 291
674 292
677 293
676 294
676 295
679 296
680 297
679 298
678 299
676 300
672 301
667 302
672 303
664 304
668 305
666 306
667 307
664 308
664 309
664 310
667 311
662 312
663 313
666 314
666 315
670 316
669 317
662 318
657 319
657 320
663 321
669 322
663 323
656 324
660 325
661 326
660 327
653 328
650 329
647 330
644 331
642 332
650 333
645 334
645 335
644 336
649 337
636 338
592 339
590 340
588 341
587 342
584 343
586 344
593 345
586 346
581 347
583 348
582 349
583 350
578 351
582 352
581 353
574 354
572 355
573 356
576 357
582 358
582 359
582 360
578 361
569 362
564 363
570 364
574 365
570 366
567 367
570 368
563 369
563 370
567 371
562 372
558 373
557 374
552 375
551 376
551 377
549 378
550 379
535 380
538 381
542 382
540 383
532 384
540 385
542 386
537 387
535 388
537 389
535 390
534 391
536 392
540 393
537 394
537 395
534 396
530 397
535 398
537 399
535 400
537 401
533 402
537 403
539 404
545 405
541 406
533 407
532 408
538 409
540 410
538 411
531 412
535 413
541 414
534 415
533 416
525 417
514 418
520 419
522 420
520 421
521 422
524 423
517 424
518 425
519 426
521 427
522 428
524 429
526 430
530 431
527 432
528 433
527 434
527 435
529 436
526 437
520 438
523 439
518 440
520 441
521 442
518 443
518 444
518 445
522 446
520 447
519 448
518 449
515 450
514 451
512 452
522 453
520 454
519 455
510 456
512 457
510 458
505 459
497 460
502 461
508 462
511 463
496 464
502 465
498 466
497 467
498 468
493 469
494 470
488 471
492 472
487 473
484 474
475 475
474 476
477 477
468 478
469 479
463 480
466 481
466 482
468 483
463 484
461 485
461 486
459 487
461 488
457 489
462 490
464 491
457 492
447 493
441 494
443 495
447 496
443 497
444 498
442 499
443 500
439 501
437 502
442 503
441 504
438 505
435 506
434 507
437 508
435 509
435 510
436 511
439 512
435 513
436 514
435 515
436 516
435 517
434 518
429 519
434 520
433 521
433 522
427 523
426 524
425 525
422 526
423 527
421 528
417 529
421 530
419 531
416 532
415 533
413 534
412 535
410 536
408 537
407 538
408 539
403 540
401 541
401 542
399 543
396 544
395 545
396 546
396 547
397 548
396 549
395 550
395 551
394 552
389 553
389 554
392 555
391 556
385 557
385 558
385 559
387 560
384 561
382 562
382 563
382 564
382 565
381 566
382 567
380 568
379 569
379 570
379 571
377 572
377 573
377 574
378 575
376 576
375 577
376 578
374 579
375 580
373 581
374 582
373 583
375 584
374 585
372 586
373 587
374 588
372 589
371 590
373 591
372 592
372 593
373 594
371 595
371 596
372 597
371 598
370 599
369 600
369 601
369 602
369 603
368 604
367 605
368 606
371 607
367 608
368 609
371 610
370 611
372 612
373 613
376 614
374 615
375 616
371 617
370 618
370 619
371 620
372 621
371 622
384 623
395 624
372 625
370 626
381 627
391 628
383 629
375 630
395 631
402 632
391 633
394 634
386 635
385 636
387 637
393 638
414 639
419 640
409 641
414 642
423 643
427 644
434 645
443 646
469 647
471 648
463 649
474 650
489 651
502 652
501 653
502 654
511 655
510 656
525 657
539 658
540 659
540 660
544 661
547 662
550 663
548 664
563 665
572 666
569 667
583 668
594 669
594 670
584 671
583 672
598 673
603 674
607 675
618 676
612 677
607 678
617 679
639 680
643 681
629 682
631 683
644 684
636 685
634 686
644 687
643 688
642 689
649 690
656 691
658 692
668 693
672 694
662 695
666 696
675 697
673 698
676 699
678 700
670 701
665 702
668 703
664 704
671 705
676 706
693 707
683 708
678 709
664 710
685 711
675 712
682 713
680 714
678 715
683 716
678 717
664 718
664 719
