696 0
701 1
706 2
705 3
705 4
710 5
704 6
704 7
699 8
695 9
689 10
693 11
703 12
707 13
705 14
705 15
702 16
703 17
699 18
701 19
702 20
703 21
703 22
705 23
701 24
704 25
706 26
710 27
708 28
706 29
700 30
706 31
709 32
705 33
704 34
707 35
704 36
704 37
700 38
702 39
693 40
696 41
701 42
696 43
691 44
693 45
693 46
681 47
676 48
669 49
669 50
673 51
666 52
668 53
676 54
675 55
674 56
672 57
674 58
680 59
684 60
683 61
682 62
682 63
682 64
679 65
693 66
700 67
695 68
701 69
696 70
696 71
688 72
691 73
692 74
690 75
693 76
698 77
698 78
700 79
696 80
703 81
701 82
701 83
697 84
706 85
710 86
707 87
709 88
709 89
711 90
707 91
710 92
714 93
718 94
721 95
715 96
720 97
725 98
723 99
724 100
726 101
724 102
728 103
729 104
732 105
730 106
733 107
746 108
748 109
743 110
734 111
747 112
748 113
754 114
754 115
757 116
752 117
751 118
750 119
749 120
746 121
750 122
755 123
755 124
755 125
752 126
754 127
750 128
753 129
751 130
750 131
757 132
755 133
754 134
756 135
748 136
748 137
750 138
747 139
720 140
721 141
720 142
716 143
719 144
717 145
716 146
713 147
713 148
719 149
720 150
719 151
718 152
720 153
714 154
716 155
716 156
716 157
711 158
713 159
712 160
711 161
706 162
705 163
709 164
707 165
711 166
710 167
708 168
705 169
702 170
703 171
704 172
704 173
699 174
697 175
697 176
697 177
694 178
697 179
700 180
697 181
696 182
696 183
693 184
695 185
695 186
687 187
687 188
686 189
690 190
693 191
690 192
695 193
696 194
700 195
699 196
696 197
696 198
695 199
690 200
695 201
697 202
698 203
690 204
688 205
687 206
681 207
675 208
663 209
664 210
669 211
661 212
663 213
664 214
675 215
665 216
674 217
678 218
679 219
673 220
674 221
681 222
681 223
683 224
687 225
686 226
686 227
687 228
688 229
689 230
688 231
689 232
692 233
693 234
692 235
690 236
685 237
686 238
691 239
686 240
684 241
690 242
693 243
693 244
696 245
692 246
689 247
697 248
696 249
695 250
694 251
696 252
700 253
700 254
695 255
693 256
693 257
686 258
687 259
691 260
689 261
685 262
683 263
683 264
680 265
684 266
690 267
682 268
687 269
694 270
686 271
688 272
689 273
690 274
679 275
677 276
675 277
676 278
671 279
673 280
679 281
684 282
683 283
681 284
678 285
678 286
669 287
675 288
677 289
679 290
677 291
670 292
674 293
676 294
679 295
675 296
678 297
676 298
676 299
676 300
677 301
681 302
671 303
674 304
670 305
668 306
667 307
663 308
665 309
665 310
662 311
672 312
664 313
667 314
667 315
668 316
673 317
670 318
662 319
661 320
664 321
659 322
656 323
659 324
663 325
655 326
645 327
650 328
646 329
644 330
653 331
646 332
644 333
645 334
648 335
650 336
645 337
629 338
597 339
590 340
588 341
586 342
586 343
582 344
578 345
577 346
579 347
582 348
587 349
585 350
584 351
581 352
585 353
585 354
583 355
576 356
576 357
581 358
581 359
576 360
575 361
575 362
574 363
570 364
569 365
569 366
563 367
568 368
564 369
559 370
549 371
553 372
559 373
559 374
546 375
547 376
547 377
549 378
552 379
549 380
545 381
542 382
541 383
540 384
541 385
538 386
534 387
534 388
535 389
535 390
537 391
536 392
542 393
542 394
541 395
541 396
537 397
539 398
536 399
537 400
538 401
543 402
540 403
540 404
534 405
530 406
535 407
537 408
534 409
540 410
534 411
529 412
527 413
536 414
541 415
532 416
532 417
530 418
528 419
526 420
524 421
518 422
518 423
515 424
522 425
523 426
517 427
510 428
518 429
524 430
527 431
519 432
522 433
523 434
520 435
521 436
525 437
523 438
524 439
525 440
528 441
526 442
519 443
516 444
519 445
518 446
527 447
520 448
517 449
516 450
510 451
508 452
512 453
517 454
524 455
513 456
514 457
513 458
503 459
503 460
510 461
505 462
501 463
507 464
498 465
495 466
500 467
503 468
493 469
497 470
501 471
492 472
485 473
489 474
486 475
477 476
471 477
470 478
479 479
467 480
462 481
462 482
468 483
466 484
457 485
458 486
463 487
465 488
464 489
462 490
463 491
455 492
451 493
447 494
441 495
438 496
436 497
437 498
437 499
440 500
438 501
438 502
434 503
441 504
438 505
433 506
433 507
436 508
437 509
434 510
435 511
434 512
433 513
436 514
438 515
434 516
433 517
433 518
431 519
430 520
428 521
429 522
427 523
425 524
425 525
424 526
423 527
421 528
421 529
417 530
415 531
414 532
413 533
413 534
414 535
409 536
407 537
406 538
406 539
405 540
403 541
402 542
397 543
393 544
395 545
396 546
399 547
397 548
399 549
395 550
396 551
391 552
390 553
391 554
391 555
387 556
387 557
385 558
385 559
386 560
383 561
384 562
382 563
382 564
381 565
376 566
378 567
381 568
380 569
379 570
379 571
377 572
377 573
377 574
378 575
376 576
376 577
375 578
375 579
375 580
374 581
372 582
372 583
373 584
372 585
371 586
372 587
372 588
372 589
374 590
373 591
372 592
371 593
371 594
370 595
369 596
370 597
368 598
370 599
372 600
371 601
369 602
366 603
366 604
369 605
370 606
370 607
374 608
371 609
369 610
367 611
369 612
369 613
371 614
372 615
376 616
369 617
369 618
378 619
372 620
372 621
371 622
380 623
381 624
372 625
384 626
382 627
378 628
382 629
386 630
395 631
386 632
387 633
389 634
386 635
386 636
390 637
396 638
408 639
417 640
400 641
418 642
440 643
456 644
460 645
459 646
464 647
477 648
466 649
477 650
487 651
497 652
500 653
508 654
514 655
515 656
516 657
521 658
524 659
535 660
542 661
554 662
555 663
557 664
569 665
568 666
567 667
572 668
580 669
579 670
590 671
591 672
597 673
592 674
595 675
611 676
622 677
619 678
618 679
626 680
634 681
639 682
636 683
636 684
643 685
653 686
659 687
647 688
651 689
657 690
674 691
670 692
662 693
668 694
660 695
662 696
663 697
667 698
667 699
659 700
665 701
670 702
674 703
672 704
675 705
673 706
672 707
677 708
676 709
677 710
677 711
676 712
684 713
681 714
669 715
677 716
670 717
670 718
667 719
