695 0
698 1
697 2
698 3
703 4
699 5
698 6
701 7
705 8
702 9
703 10
705 11
706 12
705 13
701 14
701 15
697 16
703 17
708 18
703 19
701 20
706 21
708 22
704 23
706 24
707 25
709 26
704 27
703 28
702 29
702 30
707 31
710 32
711 33
707 34
700 35
700 36
700 37
704 38
701 39
699 40
694 41
696 42
699 43
699 44
695 45
690 46
692 47
682 48
668 49
664 50
671 51
675 52
674 53
677 54
684 55
676 56
668 57
668 58
676 59
679 60
682 61
685 62
681 63
691 64
686 65
686 66
692 67
693 68
694 69
699 70
698 71
691 72
687 73
688 74
686 75
689 76
685 77
684 78
687 79
697 80
695 81
702 82
698 83
701 84
703 85
711 86
711 87
718 88
718 89
716 90
721 91
720 92
713 93
711 94
716 95
723 96
728 97
726 98
729 99
722 100
727 101
728 102
731 103
736 104
730 105
733 106
741 107
740 108
736 109
735 110
742 111
738 112
749 113
749 114
745 115
747 116
753 117
756 118
752 119
748 120
753 121
753 122
750 123
753 124
751 125
753 126
757 127
755 128
753 129
750 130
750 131
753 132
753 133
752 134
751 135
747 136
750 137
749 138
741 139
721 140
719 141
721 142
720 143
719 144
721 145
721 146
721 147
719 148
716 149
713 150
716 151
722 152
718 153
719 154
720 155
722 156
721 157
720 158
718 159
713 160
712 161
711 162
708 163
701 164
706 165
707 166
701 167
703 168
699 169
696 170
701 171
702 172
697 173
699 174
695 175
696 176
697 177
698 178
699 179
694 180
693 181
696 182
694 183
691 184
689 185
692 186
688 187
688 188
684 189
685 190
689 191
687 192
693 193
694 194
695 195
698 196
696 197
692 198
686 199
682 200
693 201
694 202
693 203
689 204
686 205
682 206
674 207
660 208
657 209
653 210
656 211
656 212
656 213
668 214
670 215
666 216
676 217
684 218
686 219
689 220
685 221
681 222
681 223
682 224
682 225
680 226
687 227
691 228
689 229
688 230
695 231
693 232
687 233
688 234
690 235
688 236
693 237
690 238
690 239
687 240
688 241
691 242
686 243
686 244
692 245
697 246
696 247
692 248
693 249
695 250
696 251
696 252
697 253
698 254
699 255
686 256
692 257
693 258
691 259
692 260
696 261
692 262
685 263
690 264
683 265
682 266
686 267
687 268
686 269
683 270
678 271
664 272
671 273
678 274
685 275
670 276
669 277
665 278
661 279
670 280
670 281
672 282
681 283
684 284
676 285
672 286
673 287
678 288
674 289
678 290
679 291
676 292
676 293
675 294
673 295
677 296
680 297
679 298
681 299
677 300
675 301
673 302
675 303
671 304
672 305
670 306
668 307
661 308
657 309
660 310
665 311
661 312
664 313
664 314
657 315
661 316
656 317
660 318
661 319
662 320
661 321
661 322
661 323
661 324
661 325
657 326
656 327
659 328
648 329
650 330
654 331
653 332
648 333
650 334
641 335
643 336
649 337
634 338
602 339
594 340
587 341
587 342
589 343
582 344
583 345
588 346
586 347
579 348
581 349
583 350
583 351
585 352
581 353
575 354
580 355
582 356
587 357
585 358
575 359
573 360
575 361
578 362
575 363
569 364
572 365
573 366
573 367
565 368
566 369
565 370
562 371
556 372
551 373
555 374
546 375
546 376
545 377
546 378
552 379
552 380
551 381
544 382
539 383
537 384
537 385
535 386
534 387
538 388
538 389
537 390
533 391
534 392
541 393
540 394
539 395
540 396
535 397
538 398
540 399
540 400
536 401
533 402
536 403
535 404
539 405
538 406
538 407
536 408
540 409
541 410
541 411
536 412
538 413
540 414
541 415
537 416
527 417
519 418
519 419
521 420
524 421
524 422
519 423
524 424
518 425
518 426
524 427
527 428
525 429
524 430
530 431
529 432
532 433
533 434
517 435
522 436
526 437
518 438
517 439
519 440
513 441
514 442
519 443
522 444
519 445
517 446
512 447
514 448
512 449
503 450
508 451
515 452
515 453
514 454
511 455
521 456
512 457
509 458
504 459
504 460
512 461
513 462
519 463
501 464
496 465
499 466
503 467
496 468
496 469
493 470
494 471
487 472
480 473
478 474
483 475
477 476
472 477
470 478
473 479
465 480
467 481
469 482
465 483
468 484
470 485
464 486
459 487
467 488
461 489
468 490
465 491
455 492
454 493
446 494
445 495
439 496
443 497
445 498
444 499
444 500
442 501
440 502
442 503
438 504
436 505
435 506
436 507
436 508
438 509
434 510
435 511
435 512
434 513
434 514
435 515
434 516
434 517
435 518
432 519
431 520
431 521
430 522
431 523
427 524
424 525
421 526
424 527
422 528
417 529
417 530
417 531
415 532
414 533
415 534
411 535
408 536
410 537
410 538
406 539
401 540
404 541
400 542
401 543
398 544
393 545
395 546
396 547
394 548
398 549
396 550
394 551
393 552
392 553
391 554
388 555
389 556
388 557
386 558
387 559
386 560
383 561
383 562
382 563
383 564
382 565
382 566
383 567
380 568
380 569
378 570
378 571
377 572
376 573
376 574
377 575
378 576
376 577
375 578
375 579
373 580
372 581
373 582
373 583
372 584
374 585
373 586
371 587
371 588
373 589
371 590
370 591
371 592
370 593
371 594
370 595
370 596
368 597
368 598
369 599
368 600
369 601
369 602
368 603
367 604
369 605
369 606
370 607
370 608
368 609
371 610
373 611
372 612
369 613
367 614
369 615
367 616
371 617
370 618
364 619
364 620
373 621
370 622
373 623
374 624
370 625
375 626
380 627
382 628
377 629
375 630
375 631
407 632
398 633
388 634
397 635
393 636
391 637
388 638
419 639
413 640
421 641
419 642
423 643
442 644
456 645
467 646
455 647
466 648
470 649
477 650
493 651
494 652
495 653
504 654
516 655
515 656
511 657
524 658
533 659
532 660
541 661
544 662
553 663
536 664
563 665
562 666
571 667
581 668
596 669
596 670
585 671
601 672
601 673
613 674
617 675
617 676
621 677
618 678
626 679
621 680
635 681
639 682
637 683
640 684
644 685
646 686
651 687
646 688
649 689
657 690
659 691
656 692
666 693
664 694
660 695
664 696
666 697
663 698
673 699
674 700
682 701
677 702
679 703
669 704
676 705
672 706
675 707
673 708
672 709
675 710
673 711
676 712
681 713
680 714
674 715
678 716
683 717
682 718
675 719
