697 0
700 1
701 2
699 3
701 4
703 5
703 6
708 7
707 8
716 9
714 10
704 11
708 12
710 13
707 14
708 15
703 16
702 17
705 18
704 19
703 20
701 21
701 22
702 23
701 24
704 25
706 26
709 27
707 28
704 29
704 30
709 31
709 32
708 33
706 34
706 35
707 36
703 37
701 38
701 39
698 40
703 41
702 42
693 43
691 44
691 45
689 46
693 47
689 48
682 49
677 50
670 51
675 52
681 53
681 54
675 55
674 56
678 57
679 58
675 59
675 60
676 61
676 62
681 63
680 64
687 65
688 66
690 67
703 68
704 69
700 70
697 71
704 72
701 73
695 74
696 75
697 76
697 77
698 78
698 79
702 80
708 81
713 82
708 83
705 84
702 85
703 86
705 87
709 88
710 89
712 90
719 91
718 92
713 93
709 94
714 95
721 96
730 97
730 98
724 99
722 100
725 101
731 102
737 103
744 104
734 105
736 106
743 107
746 108
740 109
744 110
749 111
741 112
741 113
737 114
746 115
756 116
756 117
752 118
752 119
756 120
753 121
757 122
758 123
751 124
753 125
757 126
760 127
755 128
757 129
758 130
757 131
757 132
753 133
750 134
754 135
758 136
754 137
752 138
749 139
724 140
726 141
725 142
717 143
722 144
724 145
728 146
726 147
724 148
722 149
724 150
730 151
726 152
726 153
727 154
727 155
725 156
724 157
723 158
730 159
722 160
713 161
713 162
717 163
719 164
720 165
712 166
719 167
710 168
711 169
713 170
716 171
711 172
709 173
711 174
710 175
710 176
707 177
705 178
707 179
710 180
710 181
702 182
703 183
701 184
706 185
703 186
704 187
700 188
695 189
701 190
700 191
703 192
705 193
707 194
699 195
702 196
706 197
706 198
708 199
702 200
701 201
699 202
697 203
702 204
701 205
697 206
691 207
694 208
686 209
676 210
664 211
659 212
659 213
671 214
675 215
675 216
684 217
689 218
684 219
689 220
695 221
696 222
692 223
693 224
692 225
694 226
695 227
688 228
694 229
700 230
701 231
696 232
692 233
691 234
697 235
698 236
697 237
693 238
696 239
692 240
694 241
699 242
699 243
695 244
694 245
694 246
700 247
685 248
690 249
695 250
696 251
697 252
700 253
700 254
692 255
692 256
698 257
699 258
695 259
696 260
696 261
691 262
686 263
687 264
681 265
676 266
682 267
686 268
690 269
686 270
672 271
679 272
684 273
676 274
678 275
680 276
678 277
669 278
667 279
671 280
676 281
680 282
688 283
687 284
681 285
680 286
674 287
672 288
680 289
680 290
677 291
677 292
671 293
675 294
671 295
679 296
678 297
673 298
671 299
671 300
668 301
668 302
670 303
669 304
667 305
666 306
664 307
662 308
662 309
666 310
661 311
658 312
661 313
662 314
661 315
666 316
668 317
664 318
654 319
660 320
663 321
667 322
663 323
660 324
654 325
648 326
640 327
641 328
645 329
642 330
646 331
644 332
639 333
642 334
636 335
638 336
646 337
635 338
591 339
589 340
581 341
579 342
585 343
568 344
580 345
581 346
577 347
574 348
582 349
576 350
574 351
577 352
572 353
572 354
575 355
569 356
569 357
565 358
564 359
561 360
559 361
559 362
561 363
558 364
559 365
557 366
560 367
558 368
558 369
560 370
555 371
553 372
549 373
546 374
547 375
544 376
542 377
546 378
548 379
549 380
542 381
543 382
543 383
544 384
540 385
539 386
539 387
540 388
538 389
542 390
541 391
533 392
540 393
540 394
539 395
545 396
546 397
543 398
545 399
544 400
545 401
543 402
541 403
545 404
543 405
543 406
543 407
544 408
544 409
543 410
546 411
546 412
546 413
544 414
546 415
531 416
528 417
528 418
529 419
524 420
525 421
528 422
523 423
524 424
521 425
519 426
519 427
520 428
524 429
526 430
519 431
520 432
520 433
519 434
515 435
509 436
511 437
515 438
509 439
513 440
508 441
508 442
514 443
515 444
506 445
502 446
499 447
503 448
501 449
507 450
497 451
494 452
496 453
492 454
482 455
483 456
485 457
486 458
485 459
481 460
480 461
479 462
478 463
478 464
474 465
471 466
467 467
469 468
465 469
465 470
461 471
464 472
463 473
464 474
460 475
454 476
450 477
450 478
451 479
448 480
447 481
445 482
437 483
443 484
445 485
448 486
453 487
441 488
431 489
431 490
440 491
440 492
436 493
434 494
434 495
427 496
426 497
425 498
425 499
424 500
421 501
424 502
426 503
413 504
415 505
413 506
410 507
412 508
409 509
409 510
410 511
409 512
407 513
406 514
406 515
402 516
399 517
397 518
398 519
400 520
395 521
395 522
394 523
393 524
392 525
390 526
391 527
392 528
388 529
391 530
390 531
387 532
386 533
384 534
386 535
387 536
384 537
384 538
383 539
385 540
386 541
385 542
384 543
382 544
383 545
383 546
382 547
382 548
381 549
377 550
383 551
374 552
373 553
375 554
376 555
374 556
373 557
370 558
372 559
372 560
370 561
369 562
369 563
369 564
371 565
370 566
369 567
369 568
368 569
367 570
369 571
370 572
366 573
365 574
366 575
366 576
366 577
364 578
365 579
364 580
364 581
364 582
364 583
364 584
364 585
363 586
364 587
365 588
363 589
361 590
363 591
362 592
361 593
362 594
363 595
363 596
362 597
360 598
361 599
364 600
361 601
362 602
358 603
358 604
359 605
358 606
359 607
362 608
362 609
363 610
364 611
365 612
366 613
365 614
365 615
364 616
363 617
364 618
363 619
364 620
367 621
368 622
381 623
372 624
368 625
375 626
376 627
377 628
380 629
379 630
397 631
375 632
374 633
388 634
393 635
390 636
398 637
413 638
431 639
420 640
441 641
438 642
444 643
460 644
477 645
477 646
470 647
481 648
502 649
509 650
509 651
512 652
510 653
523 654
543 655
542 656
547 657
550 658
555 659
565 660
575 661
575 662
565 663
574 664
587 665
596 666
594 667
599 668
605 669
610 670
613 671
624 672
626 673
621 674
625 675
624 676
632 677
629 678
629 679
650 680
652 681
655 682
654 683
652 684
659 685
666 686
675 687
670 688
670 689
675 690
676 691
670 692
670 693
668 694
674 695
670 696
682 697
684 698
688 699
681 700
673 701
680 702
681 703
680 704
683 705
695 706
689 707
672 708
676 709
687 710
683 711
678 712
681 713
690 714
686 715
687 716
675 717
672 718
671 719
