639 0
639 1
639 2
639 3
639 4
639 5
639 6
639 7
639 8
639 9
639 10
639 11
639 12
639 13
639 14
639 15
639 16
639 17
639 18
639 19
639 20
639 21
639 22
639 23
639 24
639 25
639 26
639 27
639 28
639 29
639 30
639 31
639 32
639 33
639 34
639 35
639 36
639 37
639 38
639 39
639 40
639 41
639 42
639 43
639 44
639 45
639 46
639 47
639 48
639 49
639 50
639 51
639 52
639 53
639 54
639 55
639 56
639 57
639 58
639 59
639 60
639 61
639 62
639 63
639 64
639 65
639 66
639 67
639 68
639 69
639 70
639 71
639 72
639 73
639 74
639 75
639 76
639 77
639 78
639 79
639 80
639 81
639 82
639 83
639 84
639 85
639 86
639 87
639 88
639 89
639 90
639 91
639 92
640 93
642 94
642 95
642 96
651 97
660 98
658 99
668 100
667 101
666 102
669 103
670 104
684 105
694 106
693 107
700 108
704 109
710 110
715 111
723 112
722 113
720 114
719 115
727 116
734 117
742 118
749 119
750 120
753 121
761 122
770 123
769 124
769 125
772 126
781 127
787 128
787 129
791 130
804 131
808 132
816 133
816 134
822 135
831 136
849 137
870 138
873 139
874 140
874 141
876 142
874 143
878 144
880 145
883 146
888 147
893 148
894 149
895 150
896 151
898 152
902 153
906 154
909 155
912 156
912 157
912 158
912 159
916 160
920 161
922 162
929 163
934 164
935 165
938 166
940 167
944 168
947 169
948 170
948 171
949 172
953 173
956 174
962 175
965 176
979 177
996 178
996 179
1007 180
1010 181
1008 182
1006 183
1010 184
1016 185
1018 186
1017 187
1017 188
1021 189
1025 190
1026 191
1024 192
1040 193
1048 194
1055 195
1056 196
1055 197
1056 198
1067 199
1077 200
1098 201
1102 202
1107 203
1113 204
1122 205
1125 206
1128 207
1129 208
1141 209
1146 210
1152 211
1154 212
1155 213
1156 214
1168 215
1170 216
1168 217
1172 218
1166 219
1173 220
1176 221
1179 222
1186 223
1191 224
1192 225
1194 226
1195 227
1195 228
1201 229
1205 230
1206 231
1212 232
1215 233
1208 234
1202 235
1216 236
1231 237
1235 238
1200 239
1212 240
1240 241
1239 242
1235 243
1267 244
1271 245
1188 246
1107 247
1155 248
1275 249
1278 250
1278 251
1174 252
955 255
858 256
861 257
861 258
861 259
1256 260
774 261
774 262
1256 263
1277 267
660 269
1269 276
1269 277
1278 280
949 281
949 282
934 284
1277 287
1248 288
1267 295
758 296
774 303
848 304
854 305
372 306
50 307
11 308
15 309
63 310
126 311
39 312
42 313
33 314
35 315
38 316
43 317
55 318
56 319
101 320
76 321
78 322
55 323
64 324
59 325
82 326
91 327
72 328
64 329
66 330
68 331
71 332
77 333
80 334
87 335
80 336
83 337
86 338
90 339
99 340
157 341
174 342
182 343
188 344
193 345
198 346
200 347
202 348
207 349
209 350
212 351
214 352
215 353
216 354
218 355
218 356
220 357
222 358
224 359
232 360
233 361
241 362
249 363
253 364
254 365
258 366
266 367
271 368
269 369
274 370
278 371
282 372
284 373
286 374
291 375
289 376
296 377
303 378
299 379
305 380
314 381
311 382
307 383
319 384
324 385
328 386
330 387
332 388
334 389
334 390
334 391
334 392
337 393
335 394
337 395
340 396
340 397
341 398
341 399
342 400
347 401
351 402
352 403
352 404
354 405
357 406
358 407
371 408
367 409
365 410
364 411
365 412
368 413
371 414
372 415
372 416
376 417
377 418
378 419
378 420
378 421
379 422
382 423
384 424
383 425
392 426
412 427
437 428
438 429
433 430
440 431
447 432
457 433
467 434
479 435
488 436
500 437
503 438
504 439
514 440
533 441
539 442
541 443
545 444
568 445
571 446
561 447
564 448
572 449
574 450
579 451
580 452
580 453
581 454
572 455
582 456
583 457
579 458
581 459
582 460
589 461
591 462
589 463
590 464
589 465
589 466
590 467
592 468
594 469
597 470
600 471
598 472
602 473
602 474
603 475
603 476
601 477
602 478
603 479
604 480
603 481
602 482
602 483
603 484
604 485
599 486
597 487
602 488
602 489
602 490
600 491
603 492
604 493
603 494
603 495
600 496
605 497
605 498
606 499
605 500
607 501
609 502
610 503
611 504
610 505
610 506
611 507
612 508
612 509
614 510
616 511
615 512
615 513
616 514
615 515
614 516
612 517
613 518
615 519
616 520
616 521
617 522
618 523
618 524
618 525
618 526
618 527
618 528
618 529
618 530
619 531
620 532
623 533
624 534
622 535
622 536
621 537
622 538
622 539
622 540
623 541
622 542
622 543
623 544
625 545
623 546
624 547
625 548
625 549
627 550
627 551
625 552
625 553
626 554
626 555
629 556
629 557
632 558
633 559
635 560
635 561
635 562
636 563
635 564
636 565
636 566
636 567
637 568
637 569
636 570
636 571
637 572
637 573
636 574
634 575
636 576
637 577
637 578
635 579
636 580
636 581
636 582
635 583
634 584
636 585
636 586
637 587
638 588
638 589
637 590
637 591
637 592
635 593
635 594
636 595
638 596
638 597
638 598
636 599
636 600
635 601
637 602
637 603
638 604
638 605
638 606
636 607
636 608
638 609
638 610
637 611
638 612
638 613
638 614
638 615
638 616
638 617
639 618
637 619
638 620
637 621
636 622
635 623
631 624
635 625
636 626
636 627
636 628
637 629
637 630
635 631
637 632
638 633
638 634
637 635
636 636
637 637
637 638
636 639
636 640
637 641
636 642
637 643
635 644
635 645
636 646
637 647
634 648
634 649
631 650
636 651
636 652
636 653
636 654
632 655
631 656
635 657
632 658
631 659
630 660
631 661
632 662
627 663
629 664
627 665
629 666
628 667
629 668
626 669
623 670
620 671
624 672
626 673
624 674
624 675
629 676
628 677
625 678
626 679
624 680
624 681
621 682
619 683
622 684
623 685
622 686
615 687
623 688
622 689
623 690
620 691
618 692
615 693
618 694
621 695
621 696
614 697
610 698
615 699
609 700
616 701
615 702
609 703
614 704
613 705
607 706
608 707
604 708
602 709
600 710
598 711
590 712
592 713
603 714
601 715
598 716
600 717
609 718
612 719
