654 0
657 1
663 2
663 3
663 4
661 5
658 6
662 7
665 8
662 9
659 10
663 11
662 12
655 13
653 14
655 15
660 16
660 17
652 18
651 19
656 20
656 21
661 22
664 23
666 24
665 25
663 26
662 27
657 28
654 29
656 30
656 31
662 32
663 33
664 34
661 35
656 36
660 37
660 38
654 39
651 40
650 41
651 42
650 43
648 44
645 45
641 46
643 47
639 48
639 49
639 50
639 51
639 52
639 53
639 54
639 55
640 56
639 57
639 58
639 59
639 60
639 61
639 62
640 63
639 64
639 65
639 66
639 67
639 68
640 69
639 70
639 71
639 72
639 73
639 74
639 75
639 76
639 77
639 78
639 79
639 80
639 81
639 82
639 83
639 84
639 85
639 86
639 87
639 88
639 89
639 90
641 91
639 92
639 93
640 94
640 95
640 96
640 97
641 98
641 99
639 100
639 101
640 102
641 103
639 104
639 105
639 106
640 107
639 108
640 109
641 110
643 111
642 112
644 113
643 114
643 115
644 116
649 117
648 118
651 119
647 120
646 121
647 122
654 123
654 124
652 125
650 126
651 127
654 128
650 129
650 130
650 131
658 132
659 133
659 134
660 135
657 136
655 137
658 138
659 139
657 140
655 141
654 142
651 143
654 144
656 145
657 146
653 147
657 148
663 149
660 150
654 151
658 152
658 153
662 154
663 155
662 156
659 157
661 158
661 159
660 160
659 161
660 162
660 163
661 164
662 165
661 166
656 167
659 168
660 169
658 170
659 171
659 172
663 173
660 174
660 175
655 176
656 177
657 178
656 179
662 180
664 181
659 182
656 183
656 184
657 185
652 186
647 187
650 188
654 189
652 190
650 191
647 192
647 193
650 194
652 195
651 196
651 197
650 198
655 199
654 200
656 201
655 202
657 203
653 204
652 205
654 206
654 207
651 208
651 209
650 210
649 211
647 212
647 213
651 214
654 215
658 216
661 217
662 218
663 219
667 220
668 221
672 222
675 223
676 224
678 225
679 226
678 227
679 228
679 229
681 230
680 231
677 232
675 233
673 234
680 235
680 236
680 237
679 238
678 239
676 240
680 241
681 242
683 243
683 244
682 245
680 246
678 247
675 248
683 249
681 250
685 251
682 252
683 253
682 254
679 255
676 256
684 257
688 258
687 259
685 260
685 261
682 262
682 263
685 264
685 265
682 266
685 267
685 268
684 269
687 270
687 271
691 272
691 273
680 274
682 275
690 276
693 277
691 278
694 279
682 280
691 281
691 282
689 283
687 284
693 285
699 286
694 287
690 288
693 289
692 290
690 291
697 292
698 293
693 294
691 295
696 296
693 297
688 298
690 299
694 300
695 301
692 302
687 303
688 304
686 305
687 306
694 307
692 308
688 309
688 310
691 311
687 312
685 313
685 314
687 315
687 316
685 317
685 318
683 319
687 320
688 321
688 322
685 323
686 324
685 325
685 326
683 327
680 328
683 329
684 330
682 331
683 332
684 333
683 334
686 335
682 336
679 337
676 338
673 339
676 340
678 341
678 342
675 343
675 344
675 345
674 346
674 347
673 348
674 349
673 350
672 351
670 352
669 353
665 354
663 355
666 356
665 357
665 358
663 359
660 360
661 361
661 362
665 363
665 364
659 365
659 366
660 367
660 368
663 369
662 370
660 371
656 372
653 373
657 374
653 375
650 376
653 377
656 378
656 379
651 380
648 381
649 382
649 383
644 384
645 385
647 386
649 387
647 388
647 389
646 390
646 391
644 392
648 393
643 394
642 395
637 396
640 397
641 398
643 399
644 400
644 401
644 402
643 403
644 404
646 405
642 406
635 407
642 408
642 409
640 410
638 411
637 412
638 413
637 414
636 415
636 416
633 417
631 418
635 419
633 420
629 421
631 422
628 423
628 424
633 425
631 426
627 427
627 428
628 429
626 430
628 431
628 432
628 433
627 434
623 435
620 436
622 437
621 438
625 439
622 440
622 441
621 442
618 443
619 444
622 445
622 446
626 447
624 448
619 449
614 450
619 451
627 452
629 453
626 454
621 455
629 456
626 457
619 458
612 459
620 460
629 461
624 462
615 463
616 464
622 465
624 466
620 467
620 468
624 469
622 470
617 471
616 472
609 473
610 474
608 475
611 476
608 477
602 478
604 479
601 480
596 481
599 482
599 483
594 484
594 485
594 486
595 487
595 488
592 489
596 490
597 491
591 492
586 493
585 494
583 495
586 496
579 497
578 498
580 499
581 500
577 501
574 502
574 503
579 504
577 505
571 506
573 507
569 508
562 509
558 510
564 511
558 512
551 513
547 514
543 515
538 516
534 517
526 518
535 519
531 520
521 521
528 522
537 523
538 524
529 525
527 526
527 527
521 528
520 529
527 530
531 531
529 532
519 533
519 534
521 535
520 536
506 537
496 538
485 539
479 540
480 541
472 542
462 543
434 544
411 545
378 546
340 547
324 548
305 549
291 550
297 551
233 552
200 553
207 554
222 555
230 556
240 557
227 558
220 559
224 560
216 561
219 562
220 563
222 564
224 565
230 566
233 567
239 568
241 569
251 570
245 571
246 572
246 573
249 574
264 575
267 576
261 577
260 578
270 579
270 580
274 581
276 582
285 583
282 584
283 585
286 586
291 587
296 588
299 589
304 590
308 591
309 592
311 593
314 594
316 595
324 596
325 597
326 598
333 599
337 600
336 601
343 602
343 603
345 604
347 605
350 606
359 607
366 608
364 609
370 610
376 611
378 612
380 613
379 614
382 615
389 616
395 617
398 618
396 619
404 620
408 621
412 622
418 623
418 624
416 625
425 626
431 627
429 628
437 629
443 630
451 631
454 632
449 633
447 634
463 635
462 636
457 637
458 638
467 639
479 640
481 641
489 642
489 643
490 644
501 645
509 646
516 647
508 648
514 649
525 650
530 651
524 652
525 653
529 654
545 655
537 656
546 657
541 658
541 659
550 660
561 661
564 662
563 663
569 664
570 665
577 666
586 667
589 668
583 669
593 670
601 671
601 672
609 673
608 674
617 675
615 676
619 677
624 678
632 679
629 680
627 681
633 682
633 683
641 684
652 685
655 686
651 687
651 688
649 689
651 690
651 691
647 692
648 693
658 694
657 695
657 696
656 697
658 698
662 699
665 700
661 701
661 702
659 703
656 704
665 705
674 706
675 707
668 708
663 709
670 710
668 711
671 712
669 713
668 714
668 715
671 716
671 717
669 718
672 719
