692 0
693 1
697 2
706 3
704 4
698 5
706 6
702 7
706 8
699 9
698 10
710 11
708 12
703 13
700 14
702 15
700 16
702 17
699 18
704 19
705 20
700 21
700 22
706 23
707 24
705 25
706 26
705 27
704 28
703 29
708 30
707 31
705 32
704 33
705 34
704 35
700 36
702 37
704 38
703 39
704 40
692 41
692 42
689 43
689 44
692 45
691 46
681 47
680 48
678 49
675 50
672 51
672 52
673 53
678 54
679 55
677 56
678 57
674 58
674 59
681 60
684 61
675 62
685 63
682 64
689 65
689 66
689 67
692 68
697 69
701 70
694 71
691 72
688 73
688 74
690 75
691 76
698 77
698 78
704 79
698 80
696 81
705 82
702 83
701 84
709 85
709 86
713 87
728 88
714 89
708 90
713 91
713 92
708 93
712 94
722 95
722 96
719 97
726 98
725 99
724 100
726 101
726 102
729 103
734 104
734 105
740 106
735 107
735 108
732 109
736 110
746 111
741 112
736 113
749 114
753 115
752 116
752 117
750 118
749 119
749 120
755 121
755 122
757 123
756 124
754 125
753 126
758 127
751 128
748 129
752 130
753 131
749 132
753 133
750 134
750 135
752 136
747 137
751 138
747 139
719 140
717 141
721 142
720 143
719 144
720 145
718 146
721 147
719 148
720 149
720 150
718 151
716 152
719 153
718 154
721 155
723 156
717 157
715 158
717 159
715 160
714 161
712 162
713 163
711 164
708 165
706 166
706 167
705 168
708 169
706 170
702 171
701 172
699 173
697 174
699 175
699 176
701 177
697 178
699 179
700 180
697 181
696 182
696 183
697 184
695 185
692 186
688 187
688 188
685 189
687 190
680 191
694 192
695 193
694 194
695 195
695 196
698 197
703 198
696 199
696 200
694 201
694 202
701 203
691 204
687 205
681 206
669 207
667 208
658 209
655 210
660 211
659 212
653 213
662 214
670 215
675 216
677 217
679 218
684 219
683 220
679 221
681 222
681 223
681 224
684 225
684 226
683 227
682 228
686 229
689 230
690 231
689 232
692 233
694 234
690 235
690 236
686 237
687 238
684 239
685 240
689 241
690 242
690 243
691 244
695 245
695 246
690 247
693 248
697 249
697 250
691 251
693 252
696 253
699 254
700 255
699 256
697 257
693 258
693 259
687 260
687 261
691 262
692 263
694 264
686 265
688 266
687 267
685 268
679 269
683 270
683 271
677 272
678 273
666 274
669 275
674 276
678 277
674 278
674 279
672 280
680 281
679 282
685 283
684 284
684 285
682 286
679 287
685 288
683 289
680 290
679 291
680 292
676 293
677 294
678 295
681 296
682 297
672 298
671 299
679 300
679 301
676 302
672 303
666 304
671 305
664 306
659 307
663 308
668 309
667 310
661 311
657 312
666 313
668 314
668 315
656 316
657 317
659 318
665 319
658 320
657 321
657 322
662 323
660 324
654 325
649 326
649 327
652 328
641 329
645 330
649 331
646 332
643 333
642 334
641 335
642 336
646 337
634 338
594 339
590 340
593 341
592 342
590 343
588 344
582 345
582 346
578 347
581 348
580 349
581 350
583 351
580 352
574 353
576 354
575 355
570 356
570 357
570 358
576 359
576 360
574 361
573 362
570 363
568 364
570 365
567 366
568 367
565 368
565 369
564 370
558 371
555 372
549 373
546 374
548 375
539 376
546 377
541 378
532 379
535 380
538 381
542 382
534 383
537 384
537 385
537 386
536 387
537 388
534 389
535 390
530 391
533 392
541 393
544 394
542 395
541 396
538 397
538 398
533 399
530 400
531 401
531 402
532 403
533 404
533 405
533 406
533 407
531 408
532 409
533 410
534 411
536 412
533 413
531 414
535 415
528 416
527 417
522 418
515 419
513 420
516 421
520 422
522 423
518 424
521 425
515 426
514 427
515 428
517 429
519 430
520 431
522 432
529 433
532 434
522 435
522 436
525 437
524 438
522 439
516 440
513 441
515 442
517 443
511 444
515 445
517 446
519 447
512 448
510 449
509 450
510 451
510 452
513 453
514 454
510 455
513 456
508 457
507 458
514 459
508 460
501 461
499 462
502 463
503 464
502 465
499 466
490 467
492 468
495 469
497 470
497 471
491 472
482 473
487 474
487 475
476 476
470 477
469 478
465 479
462 480
463 481
461 482
459 483
462 484
465 485
458 486
455 487
473 488
461 489
460 490
459 491
454 492
451 493
449 494
444 495
433 496
440 497
438 498
437 499
440 500
439 501
438 502
440 503
441 504
439 505
432 506
431 507
433 508
434 509
435 510
432 511
433 512
432 513
432 514
433 515
432 516
429 517
429 518
429 519
429 520
429 521
431 522
430 523
427 524
420 525
418 526
420 527
419 528
418 529
415 530
413 531
412 532
410 533
410 534
407 535
407 536
406 537
405 538
401 539
400 540
397 541
397 542
395 543
394 544
395 545
399 546
395 547
398 548
397 549
392 550
389 551
386 552
389 553
390 554
389 555
385 556
385 557
385 558
384 559
384 560
383 561
382 562
381 563
382 564
382 565
379 566
381 567
378 568
377 569
377 570
376 571
376 572
375 573
375 574
375 575
374 576
374 577
372 578
374 579
374 580
374 581
373 582
372 583
372 584
372 585
371 586
371 587
372 588
371 589
371 590
371 591
370 592
369 593
369 594
370 595
371 596
371 597
371 598
369 599
370 600
369 601
369 602
367 603
367 604
367 605
366 606
368 607
366 608
369 609
368 610
371 611
372 612
372 613
370 614
373 615
372 616
370 617
367 618
366 619
366 620
368 621
373 622
378 623
375 624
373 625
374 626
376 627
380 628
384 629
382 630
391 631
401 632
392 633
386 634
373 635
376 636
389 637
386 638
395 639
413 640
413 641
417 642
428 643
420 644
425 645
447 646
466 647
465 648
462 649
472 650
483 651
490 652
491 653
502 654
508 655
506 656
507 657
508 658
515 659
525 660
532 661
534 662
533 663
550 664
548 665
559 666
553 667
562 668
577 669
583 670
586 671
578 672
586 673
593 674
588 675
601 676
601 677
610 678
608 679
625 680
637 681
638 682
635 683
635 684
642 685
651 686
654 687
651 688
661 689
659 690
664 691
668 692
667 693
658 694
658 695
657 696
659 697
665 698
671 699
667 700
674 701
676 702
671 703
670 704
685 705
683 706
681 707
685 708
674 709
682 710
682 711
684 712
683 713
679 714
684 715
697 716
684 717
669 718
662 719
