639 0
639 1
639 2
639 3
639 4
639 5
639 6
639 7
639 8
639 9
639 10
639 11
639 12
639 13
639 14
639 15
639 16
639 17
639 18
639 19
639 20
639 21
639 22
639 23
639 24
639 25
639 26
639 27
639 28
639 29
639 30
639 31
639 32
639 33
639 34
639 35
639 36
639 37
639 38
639 39
639 40
639 41
639 42
639 43
639 44
639 45
639 46
639 47
639 48
639 49
639 50
639 51
639 52
639 53
639 54
639 55
639 56
639 57
639 58
639 59
639 60
639 61
639 62
639 63
639 64
639 65
639 66
639 67
639 68
639 69
639 70
639 71
639 72
639 73
639 74
639 75
639 76
639 77
639 78
639 79
639 80
639 81
639 82
639 83
639 84
639 85
639 86
639 87
639 88
639 89
639 90
639 91
639 92
640 93
641 94
642 95
642 96
648 97
658 98
661 99
672 100
671 101
665 102
670 103
682 104
691 105
695 106
696 107
698 108
700 109
713 110
715 111
723 112
725 113
724 114
722 115
724 116
736 117
741 118
746 119
749 120
755 121
761 122
772 123
771 124
772 125
775 126
783 127
789 128
789 129
791 130
802 131
813 132
812 133
814 134
819 135
834 136
847 137
867 138
870 139
870 140
874 141
874 142
876 143
877 144
880 145
885 146
891 147
892 148
894 149
898 150
897 151
901 152
901 153
906 154
909 155
910 156
911 157
911 158
914 159
917 160
921 161
923 162
926 163
935 164
936 165
937 166
941 167
941 168
944 169
946 170
949 171
950 172
953 173
954 174
962 175
967 176
980 177
991 178
1000 179
1005 180
1011 181
1011 182
1009 183
1013 184
1013 185
1015 186
1015 187
1016 188
1018 189
1023 190
1026 191
1025 192
1039 193
1047 194
1054 195
1056 196
1056 197
1057 198
1066 199
1074 200
1093 201
1102 202
1107 203
1114 204
1121 205
1124 206
1129 207
1130 208
1142 209
1142 210
1153 211
1151 212
1152 213
1156 214
1165 215
1170 216
1178 217
1177 218
1169 219
1175 220
1177 221
1178 222
1183 223
1186 224
1188 225
1185 226
1193 227
1197 228
1202 229
1204 230
1206 231
1207 232
1217 233
1210 234
1193 235
1223 236
1225 237
1225 238
1215 239
1210 240
1243 241
1232 242
1207 243
1158 244
1243 245
1271 246
1159 247
1061 248
1266 249
1197 250
851 251
851 252
851 253
854 254
765 255
850 256
858 257
858 258
860 261
861 262
1250 265
1250 266
1222 267
1263 269
1191 296
958 303
960 304
730 305
423 306
289 307
129 308
61 309
20 310
60 311
84 312
81 313
82 314
46 315
63 316
63 317
46 318
47 319
48 320
51 321
77 322
70 323
57 324
57 325
60 326
62 327
62 328
70 329
91 330
81 331
70 332
73 333
75 334
82 335
93 336
89 337
88 338
90 339
95 340
152 341
172 342
181 343
190 344
194 345
197 346
201 347
205 348
207 349
209 350
212 351
213 352
215 353
216 354
217 355
219 356
221 357
222 358
229 359
235 360
235 361
236 362
240 363
251 364
256 365
257 366
260 367
262 368
266 369
274 370
277 371
280 372
285 373
289 374
291 375
294 376
294 377
298 378
302 379
306 380
311 381
313 382
315 383
319 384
316 385
321 386
324 387
328 388
329 389
328 390
329 391
334 392
337 393
336 394
336 395
336 396
337 397
338 398
339 399
347 400
346 401
349 402
352 403
351 404
351 405
351 406
356 407
360 408
363 409
364 410
362 411
366 412
367 413
362 414
363 415
369 416
373 417
375 418
374 419
376 420
377 421
378 422
378 423
382 424
379 425
389 426
411 427
433 428
430 429
430 430
449 431
439 432
461 433
474 434
473 435
484 436
500 437
507 438
504 439
511 440
524 441
537 442
549 443
560 444
557 445
564 446
558 447
558 448
569 449
572 450
574 451
578 452
570 453
571 454
573 455
581 456
580 457
579 458
580 459
583 460
579 461
582 462
584 463
593 464
600 465
596 466
591 467
588 468
589 469
592 470
589 471
597 472
599 473
599 474
596 475
601 476
601 477
601 478
604 479
601 480
601 481
601 482
602 483
601 484
603 485
601 486
601 487
600 488
602 489
603 490
604 491
604 492
603 493
603 494
603 495
605 496
603 497
604 498
605 499
605 500
606 501
607 502
608 503
608 504
609 505
611 506
611 507
610 508
610 509
612 510
614 511
616 512
614 513
617 514
615 515
612 516
615 517
615 518
614 519
616 520
617 521
617 522
617 523
616 524
618 525
618 526
616 527
620 528
620 529
619 530
620 531
621 532
620 533
622 534
622 535
621 536
623 537
623 538
621 539
621 540
623 541
623 542
622 543
623 544
623 545
623 546
623 547
624 548
624 549
625 550
628 551
626 552
625 553
626 554
627 555
628 556
630 557
633 558
634 559
634 560
635 561
635 562
635 563
636 564
635 565
635 566
635 567
637 568
637 569
637 570
637 571
637 572
637 573
637 574
636 575
636 576
637 577
637 578
636 579
636 580
636 581
637 582
636 583
637 584
637 585
637 586
638 587
637 588
638 589
638 590
638 591
638 592
638 593
637 594
638 595
638 596
639 597
637 598
637 599
637 600
637 601
638 602
638 603
638 604
637 605
638 606
637 607
637 608
638 609
638 610
638 611
637 612
637 613
638 614
638 615
638 616
639 617
638 618
636 619
638 620
639 621
636 622
634 623
634 624
635 625
633 626
634 627
636 628
635 629
635 630
634 631
634 632
637 633
637 634
637 635
638 636
637 637
638 638
636 639
636 640
637 641
637 642
638 643
638 644
631 645
633 646
635 647
634 648
634 649
636 650
634 651
636 652
636 653
635 654
635 655
631 656
630 657
634 658
632 659
632 660
633 661
632 662
629 663
626 664
628 665
625 666
630 667
626 668
626 669
627 670
619 671
621 672
626 673
628 674
626 675
626 676
625 677
622 678
616 679
620 680
627 681
625 682
623 683
619 684
617 685
621 686
624 687
627 688
617 689
617 690
619 691
605 692
611 693
623 694
621 695
612 696
616 697
611 698
614 699
614 700
618 701
618 702
613 703
611 704
609 705
600 706
596 707
599 708
604 709
599 710
601 711
591 712
603 713
603 714
603 715
607 716
601 717
594 718
607 719
