691 0
694 1
698 2
693 3
697 4
699 5
699 6
702 7
700 8
699 9
695 10
697 11
702 12
706 13
705 14
701 15
702 16
707 17
706 18
704 19
708 20
704 21
702 22
702 23
700 24
703 25
699 26
702 27
705 28
706 29
706 30
705 31
705 32
702 33
705 34
703 35
701 36
704 37
702 38
702 39
701 40
697 41
699 42
699 43
691 44
684 45
686 46
686 47
682 48
681 49
667 50
669 51
667 52
669 53
666 54
674 55
675 56
678 57
684 58
676 59
682 60
686 61
684 62
682 63
685 64
684 65
691 66
688 67
688 68
695 69
696 70
697 71
690 72
689 73
693 74
693 75
696 76
697 77
689 78
689 79
696 80
697 81
708 82
702 83
703 84
706 85
706 86
716 87
710 88
714 89
716 90
714 91
710 92
714 93
720 94
723 95
736 96
723 97
722 98
726 99
729 100
728 101
724 102
725 103
742 104
732 105
731 106
735 107
741 108
747 109
751 110
752 111
744 112
746 113
747 114
752 115
753 116
746 117
756 118
766 119
761 120
757 121
757 122
758 123
755 124
753 125
757 126
756 127
752 128
752 129
752 130
754 131
752 132
750 133
752 134
754 135
756 136
746 137
746 138
748 139
725 140
721 141
721 142
722 143
721 144
715 145
719 146
719 147
716 148
719 149
720 150
718 151
721 152
717 153
718 154
714 155
711 156
715 157
717 158
719 159
719 160
712 161
713 162
713 163
712 164
706 165
705 166
711 167
710 168
708 169
709 170
707 171
713 172
709 173
707 174
710 175
715 176
708 177
711 178
714 179
710 180
714 181
713 182
713 183
710 184
706 185
705 186
707 187
703 188
702 189
702 190
704 191
699 192
699 193
713 194
715 195
711 196
709 197
713 198
714 199
710 200
712 201
709 202
706 203
697 204
701 205
713 206
715 207
711 208
714 209
714 210
713 211
713 212
721 213
720 214
719 215
722 216
731 217
728 218
729 219
737 220
731 221
731 222
742 223
736 224
733 225
733 226
737 227
739 228
734 229
731 230
732 231
728 232
732 233
735 234
729 235
727 236
736 237
725 238
721 239
720 240
724 241
727 242
719 243
715 244
715 245
715 246
713 247
712 248
712 249
714 250
720 251
720 252
712 253
708 254
703 255
707 256
706 257
705 258
701 259
702 260
700 261
697 262
701 263
696 264
687 265
687 266
685 267
684 268
684 269
685 270
674 271
667 272
671 273
673 274
670 275
665 276
664 277
664 278
658 279
657 280
668 281
672 282
678 283
677 284
672 285
669 286
671 287
671 288
672 289
668 290
665 291
670 292
671 293
663 294
659 295
664 296
670 297
670 298
665 299
660 300
664 301
669 302
656 303
665 304
659 305
662 306
662 307
665 308
656 309
656 310
653 311
652 312
656 313
659 314
651 315
648 316
666 317
663 318
658 319
657 320
660 321
653 322
651 323
650 324
646 325
639 326
638 327
637 328
635 329
629 330
632 331
635 332
638 333
632 334
633 335
640 336
644 337
628 338
599 339
590 340
587 341
581 342
582 343
584 344
587 345
589 346
596 347
589 348
588 349
595 350
596 351
590 352
587 353
588 354
587 355
586 356
587 357
582 358
581 359
585 360
576 361
578 362
577 363
575 364
577 365
578 366
575 367
573 368
575 369
571 370
568 371
567 372
561 373
552 374
547 375
544 376
545 377
545 378
548 379
542 380
539 381
539 382
538 383
540 384
537 385
536 386
538 387
533 388
527 389
527 390
520 391
527 392
527 393
532 394
535 395
535 396
518 397
513 398
505 399
518 400
521 401
527 402
530 403
532 404
534 405
542 406
545 407
543 408
542 409
538 410
545 411
539 412
534 413
531 414
532 415
537 416
536 417
520 418
516 419
516 420
522 421
521 422
522 423
522 424
520 425
517 426
513 427
510 428
513 429
521 430
518 431
530 432
519 433
528 434
533 435
527 436
532 437
537 438
536 439
543 440
546 441
541 442
538 443
544 444
547 445
541 446
529 447
521 448
521 449
527 450
520 451
519 452
521 453
517 454
513 455
515 456
513 457
492 458
480 459
475 460
466 461
468 462
478 463
465 464
438 465
436 466
425 467
390 468
397 469
395 470
394 471
399 472
382 473
362 474
346 475
324 476
331 477
332 478
344 479
336 480
319 481
315 482
298 483
285 484
284 485
301 486
295 487
298 488
291 489
292 490
301 491
297 492
282 493
263 494
269 495
268 496
274 497
260 498
232 499
252 500
233 501
233 502
245 503
244 504
253 505
254 506
236 507
227 508
230 509
224 510
228 511
215 512
193 513
201 514
203 515
193 516
212 517
208 518
200 519
191 520
199 521
183 522
195 523
202 524
208 525
226 526
224 527
230 528
222 529
218 530
217 531
218 532
213 533
211 534
207 535
195 536
193 537
197 538
199 539
209 540
217 541
200 542
196 543
212 544
200 545
185 546
192 547
201 548
205 549
190 550
204 551
174 552
175 553
192 554
195 555
185 556
190 557
198 558
199 559
202 560
203 561
207 562
211 563
217 564
220 565
222 566
223 567
229 568
231 569
233 570
236 571
245 572
243 573
248 574
251 575
249 576
256 577
260 578
264 579
266 580
272 581
276 582
278 583
282 584
285 585
284 586
289 587
293 588
299 589
300 590
303 591
306 592
311 593
315 594
317 595
319 596
319 597
328 598
331 599
328 600
336 601
344 602
346 603
346 604
353 605
355 606
363 607
367 608
368 609
371 610
379 611
382 612
390 613
386 614
391 615
395 616
394 617
394 618
404 619
409 620
416 621
419 622
420 623
425 624
421 625
429 626
433 627
436 628
438 629
440 630
453 631
458 632
464 633
467 634
465 635
467 636
475 637
477 638
486 639
490 640
492 641
496 642
499 643
509 644
515 645
518 646
520 647
514 648
529 649
535 650
537 651
541 652
550 653
553 654
546 655
552 656
559 657
563 658
573 659
584 660
580 661
580 662
583 663
582 664
594 665
596 666
590 667
600 668
611 669
616 670
609 671
612 672
612 673
615 674
622 675
618 676
631 677
633 678
631 679
629 680
635 681
644 682
646 683
643 684
651 685
655 686
657 687
656 688
655 689
656 690
656 691
658 692
663 693
678 694
671 695
674 696
670 697
666 698
668 699
674 700
675 701
669 702
673 703
666 704
662 705
672 706
688 707
691 708
686 709
679 710
677 711
676 712
676 713
686 714
677 715
687 716
683 717
672 718
670 719
