683 0
684 1
693 2
697 3
701 4
701 5
701 6
705 7
700 8
695 9
692 10
694 11
700 12
696 13
692 14
692 15
693 16
689 17
694 18
697 19
700 20
702 21
700 22
696 23
696 24
696 25
694 26
692 27
698 28
699 29
695 30
691 31
694 32
697 33
699 34
700 35
692 36
691 37
685 38
692 39
695 40
693 41
693 42
689 43
685 44
688 45
688 46
687 47
680 48
676 49
669 50
661 51
661 52
661 53
664 54
664 55
665 56
663 57
664 58
665 59
666 60
665 61
667 62
670 63
670 64
671 65
675 66
678 67
680 68
680 69
678 70
676 71
680 72
680 73
684 74
678 75
675 76
676 77
678 78
675 79
671 80
677 81
681 82
681 83
676 84
680 85
684 86
685 87
688 88
692 89
696 90
693 91
684 92
689 93
691 94
690 95
695 96
692 97
688 98
686 99
693 100
701 101
704 102
696 103
691 104
697 105
698 106
702 107
696 108
707 109
714 110
704 111
703 112
703 113
707 114
707 115
706 116
710 117
712 118
725 119
717 120
725 121
721 122
722 123
721 124
719 125
726 126
725 127
720 128
726 129
720 130
723 131
719 132
719 133
725 134
720 135
712 136
725 137
723 138
722 139
701 140
700 141
696 142
695 143
698 144
696 145
699 146
695 147
691 148
685 149
695 150
700 151
691 152
696 153
699 154
695 155
692 156
687 157
687 158
689 159
689 160
691 161
686 162
684 163
681 164
680 165
686 166
682 167
683 168
686 169
690 170
683 171
680 172
681 173
682 174
678 175
684 176
685 177
685 178
687 179
689 180
691 181
688 182
683 183
684 184
687 185
690 186
688 187
687 188
684 189
678 190
676 191
668 192
674 193
679 194
678 195
678 196
678 197
680 198
680 199
677 200
676 201
682 202
679 203
673 204
670 205
671 206
667 207
676 208
673 209
672 210
670 211
667 212
671 213
676 214
677 215
682 216
678 217
672 218
675 219
685 220
687 221
695 222
690 223
688 224
690 225
690 226
691 227
695 228
691 229
692 230
689 231
688 232
686 233
684 234
686 235
695 236
697 237
696 238
696 239
687 240
687 241
687 242
683 243
684 244
689 245
687 246
686 247
691 248
695 249
695 250
688 251
685 252
687 253
689 254
691 255
687 256
691 257
694 258
694 259
690 260
684 261
686 262
687 263
693 264
694 265
697 266
693 267
694 268
694 269
692 270
689 271
687 272
691 273
692 274
690 275
695 276
696 277
693 278
687 279
687 280
689 281
693 282
692 283
687 284
690 285
694 286
692 287
689 288
691 289
691 290
689 291
689 292
694 293
693 294
688 295
688 296
690 297
691 298
693 299
691 300
689 301
686 302
684 303
687 304
690 305
691 306
690 307
690 308
688 309
691 310
691 311
689 312
689 313
688 314
689 315
690 316
686 317
684 318
683 319
686 320
689 321
688 322
688 323
686 324
684 325
688 326
684 327
688 328
686 329
687 330
686 331
684 332
686 333
684 334
682 335
684 336
685 337
680 338
683 339
684 340
684 341
685 342
687 343
689 344
686 345
685 346
687 347
687 348
686 349
686 350
685 351
685 352
686 353
688 354
684 355
682 356
683 357
679 358
677 359
678 360
677 361
669 362
666 363
668 364
665 365
664 366
651 367
655 368
654 369
644 370
642 371
644 372
644 373
645 374
636 375
639 376
640 377
647 378
650 379
647 380
649 381
659 382
657 383
656 384
664 385
667 386
668 387
671 388
671 389
671 390
670 391
668 392
668 393
670 394
672 395
672 396
671 397
671 398
670 399
667 400
669 401
668 402
667 403
669 404
667 405
666 406
663 407
664 408
664 409
665 410
666 411
667 412
665 413
663 414
660 415
661 416
663 417
663 418
664 419
663 420
663 421
664 422
663 423
661 424
662 425
660 426
660 427
664 428
663 429
664 430
666 431
659 432
662 433
662 434
658 435
660 436
658 437
660 438
661 439
659 440
660 441
660 442
656 443
659 444
662 445
664 446
664 447
668 448
662 449
655 450
661 451
667 452
671 453
668 454
669 455
670 456
668 457
667 458
666 459
667 460
664 461
660 462
657 463
655 464
657 465
653 466
658 467
660 468
655 469
656 470
657 471
649 472
650 473
651 474
651 475
645 476
644 477
643 478
647 479
645 480
641 481
641 482
640 483
640 484
641 485
640 486
642 487
642 488
643 489
642 490
640 491
639 492
639 493
639 494
639 495
641 496
639 497
639 498
639 499
639 500
642 501
642 502
644 503
646 504
645 505
644 506
645 507
646 508
648 509
650 510
649 511
649 512
648 513
646 514
648 515
650 516
647 517
647 518
648 519
646 520
647 521
649 522
646 523
643 524
642 525
643 526
644 527
644 528
639 529
640 530
640 531
639 532
639 533
639 534
639 535
639 536
639 537
639 538
639 539
639 540
639 541
639 542
639 543
639 544
639 545
639 546
639 547
639 548
639 549
639 550
639 551
639 552
639 553
639 554
639 555
639 556
639 557
639 558
639 559
639 560
639 561
639 562
640 563
639 564
639 565
639 566
639 567
639 568
639 569
639 570
639 571
639 572
639 573
639 574
639 575
639 576
639 577
639 578
639 579
639 580
640 581
640 582
641 583
641 584
639 585
639 586
639 587
639 588
639 589
639 590
639 591
639 592
639 593
638 594
636 595
639 596
637 597
635 598
637 599
634 600
634 601
634 602
634 603
634 604
633 605
634 606
635 607
631 608
631 609
633 610
635 611
633 612
632 613
630 614
634 615
636 616
634 617
631 618
630 619
627 620
630 621
631 622
630 623
630 624
631 625
631 626
629 627
629 628
629 629
626 630
627 631
626 632
625 633
626 634
628 635
625 636
626 637
626 638
626 639
627 640
622 641
630 642
631 643
626 644
623 645
622 646
625 647
633 648
627 649
628 650
627 651
629 652
628 653
626 654
629 655
636 656
632 657
627 658
625 659
620 660
625 661
629 662
629 663
622 664
623 665
623 666
627 667
629 668
630 669
623 670
624 671
628 672
621 673
621 674
619 675
622 676
625 677
629 678
629 679
631 680
631 681
640 682
637 683
636 684
639 685
647 686
652 687
649 688
644 689
649 690
649 691
656 692
651 693
660 694
660 695
657 696
658 697
659 698
656 699
656 700
660 701
658 702
657 703
659 704
657 705
655 706
661 707
667 708
672 709
671 710
670 711
671 712
671 713
666 714
670 715
674 716
666 717
659 718
659 719
