639 0
642 1
640 2
639 3
639 4
641 5
641 6
640 7
640 8
639 9
639 10
639 11
639 12
640 13
640 14
639 15
639 16
639 17
639 18
639 19
639 20
639 21
639 22
639 23
639 24
639 25
639 26
639 27
639 28
639 29
639 30
639 31
639 32
639 33
639 34
639 35
639 36
639 37
639 38
639 39
639 40
639 41
639 42
639 43
639 44
639 45
639 46
639 47
639 48
639 49
639 50
639 51
639 52
639 53
639 54
639 55
639 56
639 57
639 58
639 59
639 60
639 61
639 62
639 63
639 64
639 65
639 66
639 67
639 68
639 69
639 70
639 71
639 72
639 73
639 74
639 75
639 76
639 77
639 78
639 79
639 80
639 81
639 82
639 83
639 84
639 85
639 86
639 87
639 88
639 89
639 90
639 91
639 92
639 93
639 94
639 95
639 96
639 97
639 98
639 99
639 100
639 101
639 102
639 103
639 104
639 105
639 106
639 107
639 108
639 109
639 110
639 111
639 112
639 113
639 114
639 115
639 116
639 117
639 118
639 119
639 120
639 121
639 122
639 123
639 124
639 125
639 126
639 127
639 128
639 129
638 130
638 131
639 132
637 133
637 134
638 135
636 136
636 137
638 138
639 139
637 140
637 141
636 142
631 143
635 144
632 145
629 146
629 147
630 148
630 149
628 150
627 151
624 152
624 153
624 154
626 155
627 156
628 157
628 158
623 159
625 160
623 161
624 162
627 163
627 164
624 165
624 166
625 167
625 168
623 169
620 170
618 171
618 172
618 173
616 174
620 175
619 176
620 177
621 178
620 179
617 180
615 181
613 182
614 183
619 184
618 185
615 186
612 187
607 188
605 189
604 190
604 191
608 192
605 193
604 194
605 195
607 196
609 197
611 198
610 199
604 200
607 201
608 202
609 203
609 204
609 205
609 206
611 207
608 208
607 209
610 210
615 211
620 212
620 213
626 214
630 215
630 216
639 217
643 218
632 219
633 220
647 221
658 222
655 223
652 224
656 225
664 226
665 227
671 228
663 229
676 230
673 231
676 232
680 233
692 234
690 235
691 236
701 237
696 238
693 239
700 240
721 241
724 242
714 243
716 244
723 245
725 246
723 247
706 248
720 249
738 250
749 251
757 252
745 253
762 254
768 255
763 256
815 257
845 258
856 259
869 260
895 261
913 262
880 263
908 264
967 265
929 266
895 267
863 268
895 269
930 270
916 271
918 272
932 273
917 274
907 275
885 276
894 277
926 278
901 279
947 280
943 281
932 282
937 283
939 284
956 285
1008 286
995 287
953 288
930 289
975 290
986 291
997 292
1036 293
1044 294
1002 295
945 296
982 297
1035 298
1003 299
1018 300
1030 301
1016 302
1003 303
986 304
1038 305
1018 306
1025 307
1025 308
1007 309
992 310
981 311
964 312
1005 313
994 314
995 315
1001 316
974 317
998 318
981 319
961 320
966 321
977 322
990 323
976 324
962 325
967 326
963 327
929 328
936 329
930 330
941 331
933 332
939 333
968 334
966 335
942 336
951 337
941 338
945 339
954 340
949 341
942 342
947 343
934 344
949 345
948 346
947 347
950 348
946 349
944 350
941 351
931 352
939 353
934 354
932 355
928 356
923 357
922 358
910 359
915 360
908 361
909 362
907 363
916 364
914 365
905 366
901 367
903 368
906 369
904 370
897 371
899 372
897 373
891 374
885 375
892 376
891 377
888 378
885 379
896 380
901 381
895 382
883 383
895 384
885 385
878 386
872 387
862 388
859 389
851 390
847 391
848 392
850 393
844 394
842 395
846 396
844 397
843 398
841 399
846 400
847 401
847 402
850 403
845 404
850 405
851 406
849 407
849 408
853 409
855 410
851 411
856 412
859 413
858 414
850 415
860 416
859 417
855 418
855 419
855 420
853 421
848 422
849 423
842 424
840 425
836 426
840 427
834 428
816 429
802 430
794 431
791 432
789 433
783 434
772 435
766 436
758 437
751 438
745 439
739 440
731 441
730 442
724 443
716 444
708 445
703 446
701 447
698 448
687 449
685 450
679 451
677 452
669 453
666 454
662 455
659 456
658 457
654 458
653 459
655 460
656 461
655 462
655 463
652 464
652 465
652 466
652 467
651 468
651 469
651 470
650 471
651 472
650 473
653 474
654 475
654 476
653 477
653 478
653 479
653 480
652 481
653 482
654 483
651 484
649 485
649 486
653 487
652 488
652 489
650 490
650 491
650 492
650 493
650 494
649 495
649 496
648 497
649 498
650 499
650 500
651 501
652 502
651 503
651 504
651 505
652 506
651 507
652 508
652 509
653 510
653 511
651 512
650 513
651 514
652 515
653 516
653 517
651 518
650 519
649 520
651 521
651 522
651 523
651 524
650 525
648 526
646 527
647 528
648 529
647 530
646 531
644 532
644 533
644 534
645 535
645 536
644 537
643 538
644 539
643 540
644 541
643 542
644 543
642 544
643 545
642 546
641 547
640 548
639 549
639 550
639 551
639 552
639 553
639 554
639 555
640 556
640 557
640 558
641 559
640 560
640 561
640 562
641 563
641 564
641 565
641 566
640 567
640 568
641 569
640 570
640 571
640 572
640 573
640 574
640 575
640 576
640 577
640 578
641 579
640 580
640 581
640 582
640 583
640 584
640 585
640 586
640 587
640 588
640 589
640 590
640 591
640 592
640 593
640 594
640 595
640 596
640 597
640 598
640 599
640 600
640 601
640 602
640 603
640 604
641 605
640 606
640 607
640 608
640 609
640 610
639 611
639 612
639 613
640 614
641 615
640 616
639 617
640 618
640 619
641 620
640 621
640 622
640 623
640 624
640 625
640 626
641 627
641 628
641 629
641 630
641 631
640 632
641 633
641 634
641 635
642 636
642 637
641 638
642 639
642 640
644 641
645 642
644 643
644 644
643 645
643 646
644 647
643 648
643 649
643 650
644 651
643 652
642 653
642 654
643 655
644 656
643 657
643 658
643 659
644 660
644 661
644 662
645 663
645 664
643 665
645 666
646 667
646 668
645 669
646 670
648 671
646 672
644 673
647 674
646 675
647 676
645 677
644 678
642 679
641 680
640 681
644 682
642 683
641 684
642 685
641 686
641 687
642 688
642 689
641 690
642 691
642 692
642 693
644 694
646 695
642 696
642 697
643 698
643 699
642 700
642 701
641 702
646 703
645 704
643 705
644 706
642 707
643 708
644 709
643 710
645 711
647 712
648 713
645 714
646 715
648 716
649 717
649 718
645 719
