682 0
686 1
687 2
689 3
692 4
694 5
699 6
696 7
683 8
684 9
686 10
693 11
695 12
693 13
692 14
691 15
690 16
688 17
692 18
692 19
691 20
688 21
686 22
685 23
688 24
686 25
687 26
692 27
690 28
691 29
695 30
691 31
685 32
688 33
692 34
691 35
689 36
686 37
683 38
684 39
681 40
683 41
682 42
678 43
675 44
676 45
672 46
666 47
675 48
669 49
665 50
655 51
657 52
657 53
658 54
660 55
660 56
659 57
659 58
656 59
655 60
657 61
658 62
657 63
659 64
661 65
663 66
664 67
667 68
671 69
672 70
671 71
665 72
663 73
665 74
670 75
668 76
660 77
661 78
659 79
660 80
660 81
660 82
658 83
663 84
663 85
662 86
660 87
657 88
662 89
671 90
667 91
672 92
665 93
670 94
680 95
670 96
671 97
671 98
671 99
669 100
674 101
675 102
681 103
683 104
683 105
679 106
683 107
680 108
678 109
678 110
683 111
687 112
686 113
687 114
686 115
696 116
702 117
705 118
702 119
690 120
692 121
697 122
700 123
703 124
705 125
704 126
701 127
702 128
697 129
699 130
702 131
698 132
690 133
694 134
692 135
697 136
698 137
703 138
704 139
685 140
680 141
684 142
684 143
686 144
687 145
687 146
682 147
678 148
678 149
679 150
681 151
688 152
686 153
685 154
687 155
687 156
687 157
689 158
689 159
686 160
687 161
690 162
691 163
691 164
687 165
684 166
683 167
682 168
686 169
687 170
688 171
688 172
684 173
689 174
687 175
687 176
691 177
688 178
690 179
691 180
690 181
692 182
689 183
693 184
693 185
688 186
686 187
683 188
685 189
684 190
683 191
679 192
683 193
683 194
686 195
686 196
684 197
690 198
689 199
681 200
682 201
682 202
686 203
689 204
685 205
678 206
689 207
686 208
688 209
686 210
681 211
675 212
676 213
683 214
689 215
680 216
688 217
694 218
696 219
695 220
695 221
700 222
697 223
701 224
702 225
700 226
701 227
706 228
709 229
707 230
701 231
704 232
704 233
703 234
708 235
711 236
709 237
708 238
704 239
706 240
709 241
709 242
707 243
705 244
707 245
707 246
703 247
706 248
708 249
711 250
710 251
708 252
704 253
703 254
702 255
702 256
707 257
710 258
709 259
708 260
708 261
706 262
705 263
704 264
709 265
708 266
705 267
704 268
709 269
710 270
707 271
704 272
710 273
710 274
704 275
706 276
709 277
708 278
705 279
708 280
709 281
707 282
709 283
708 284
704 285
703 286
705 287
705 288
708 289
709 290
703 291
705 292
706 293
707 294
707 295
706 296
705 297
704 298
702 299
706 300
703 301
703 302
701 303
702 304
703 305
701 306
701 307
701 308
702 309
697 310
695 311
695 312
699 313
702 314
700 315
704 316
702 317
701 318
702 319
698 320
695 321
695 322
695 323
693 324
695 325
693 326
692 327
693 328
693 329
694 330
691 331
692 332
698 333
696 334
693 335
699 336
694 337
695 338
697 339
701 340
701 341
698 342
699 343
694 344
694 345
694 346
697 347
699 348
702 349
699 350
698 351
698 352
699 353
698 354
698 355
697 356
698 357
703 358
705 359
700 360
700 361
700 362
697 363
693 364
690 365
691 366
691 367
691 368
689 369
684 370
684 371
685 372
682 373
679 374
677 375
675 376
678 377
678 378
678 379
671 380
668 381
674 382
674 383
674 384
675 385
677 386
675 387
673 388
673 389
672 390
672 391
669 392
670 393
671 394
673 395
672 396
671 397
669 398
671 399
666 400
669 401
668 402
667 403
669 404
667 405
667 406
665 407
668 408
665 409
662 410
663 411
665 412
666 413
666 414
663 415
665 416
668 417
667 418
665 419
663 420
665 421
666 422
665 423
664 424
665 425
664 426
664 427
664 428
663 429
669 430
675 431
665 432
669 433
673 434
675 435
668 436
674 437
678 438
682 439
681 440
675 441
674 442
673 443
677 444
676 445
681 446
674 447
670 448
672 449
675 450
676 451
679 452
675 453
676 454
670 455
676 456
677 457
677 458
677 459
680 460
682 461
684 462
678 463
677 464
682 465
675 466
670 467
670 468
674 469
670 470
670 471
670 472
668 473
666 474
668 475
659 476
655 477
654 478
656 479
657 480
652 481
655 482
653 483
651 484
649 485
649 486
648 487
653 488
659 489
658 490
651 491
649 492
650 493
646 494
643 495
648 496
644 497
642 498
640 499
641 500
647 501
648 502
646 503
646 504
646 505
647 506
648 507
646 508
650 509
651 510
651 511
651 512
650 513
650 514
649 515
649 516
649 517
652 518
653 519
650 520
648 521
648 522
647 523
644 524
647 525
644 526
644 527
646 528
641 529
642 530
645 531
643 532
642 533
640 534
640 535
640 536
640 537
640 538
640 539
639 540
639 541
639 542
639 543
641 544
642 545
641 546
640 547
640 548
640 549
639 550
641 551
640 552
639 553
639 554
639 555
639 556
639 557
639 558
639 559
639 560
639 561
639 562
639 563
639 564
639 565
639 566
639 567
639 568
639 569
639 570
639 571
639 572
639 573
639 574
639 575
639 576
639 577
639 578
639 579
639 580
638 581
638 582
638 583
638 584
639 585
639 586
639 587
639 588
640 589
639 590
639 591
639 592
639 593
639 594
639 595
639 596
640 597
641 598
642 599
640 600
640 601
640 602
640 603
640 604
642 605
640 606
641 607
643 608
639 609
641 610
641 611
641 612
641 613
640 614
648 615
649 616
641 617
640 618
641 619
642 620
642 621
645 622
645 623
647 624
645 625
641 626
642 627
643 628
650 629
648 630
646 631
651 632
647 633
647 634
644 635
644 636
642 637
641 638
645 639
646 640
645 641
648 642
647 643
654 644
658 645
654 646
652 647
650 648
650 649
658 650
663 651
659 652
657 653
655 654
656 655
661 656
657 657
655 658
656 659
658 660
656 661
652 662
653 663
654 664
652 665
652 666
659 667
654 668
652 669
648 670
651 671
654 672
648 673
647 674
651 675
656 676
659 677
656 678
656 679
653 680
651 681
651 682
654 683
655 684
654 685
651 686
654 687
647 688
653 689
658 690
656 691
652 692
653 693
655 694
652 695
656 696
654 697
659 698
655 699
657 700
658 701
659 702
660 703
667 704
662 705
666 706
668 707
674 708
667 709
662 710
672 711
679 712
670 713
667 714
664 715
665 716
668 717
662 718
662 719
