639 0
639 1
639 2
639 3
639 4
639 5
639 6
639 7
639 8
639 9
639 10
639 11
639 12
639 13
639 14
639 15
639 16
639 17
639 18
639 19
639 20
639 21
639 22
639 23
639 24
639 25
639 26
639 27
639 28
639 29
639 30
639 31
639 32
639 33
639 34
639 35
639 36
639 37
639 38
639 39
639 40
639 41
639 42
639 43
639 44
639 45
639 46
639 47
639 48
639 49
639 50
639 51
639 52
639 53
639 54
639 55
639 56
639 57
639 58
639 59
639 60
639 61
639 62
639 63
639 64
639 65
639 66
639 67
639 68
639 69
639 70
639 71
639 72
639 73
639 74
639 75
639 76
639 77
639 78
639 79
639 80
639 81
639 82
639 83
639 84
639 85
639 86
639 87
639 88
639 89
639 90
639 91
639 92
639 93
639 94
639 95
639 96
639 97
639 98
639 99
639 100
639 101
639 102
639 103
639 104
639 105
639 106
639 107
639 108
639 109
639 110
639 111
639 112
639 113
639 114
639 115
639 116
639 117
639 118
639 119
639 120
639 121
639 122
639 123
639 124
639 125
639 126
639 127
639 128
639 129
639 130
639 131
639 132
639 133
639 134
639 135
639 136
639 137
639 138
639 139
639 140
639 141
639 142
639 143
639 144
639 145
639 146
639 147
639 148
639 149
639 150
639 151
639 152
639 153
639 154
639 155
639 156
639 157
639 158
639 159
639 160
639 161
639 162
639 163
639 164
639 165
639 166
639 167
639 168
639 169
639 170
639 171
639 172
639 173
639 174
639 175
639 176
639 177
639 178
639 179
639 180
639 181
639 182
639 183
639 184
639 185
639 186
639 187
639 188
639 189
639 190
639 191
639 192
639 193
639 194
639 195
639 196
639 197
639 198
639 199
639 200
639 201
639 202
639 203
639 204
639 205
639 206
639 207
639 208
639 209
639 210
639 211
639 212
639 213
639 214
640 215
639 216
639 217
639 218
639 219
639 220
640 221
643 222
643 223
643 224
641 225
641 226
643 227
643 228
643 229
643 230
647 231
647 232
644 233
643 234
642 235
641 236
642 237
643 238
646 239
647 240
642 241
642 242
643 243
643 244
643 245
643 246
645 247
641 248
641 249
648 250
651 251
652 252
649 253
645 254
647 255
647 256
651 257
655 258
653 259
653 260
657 261
658 262
658 263
660 264
660 265
653 266
648 267
652 268
660 269
660 270
660 271
658 272
656 273
655 274
665 275
669 276
665 277
665 278
659 279
661 280
663 281
660 282
659 283
665 284
672 285
673 286
671 287
669 288
671 289
670 290
671 291
670 292
671 293
672 294
670 295
666 296
670 297
667 298
674 299
676 300
676 301
674 302
674 303
673 304
671 305
673 306
675 307
672 308
668 309
670 310
667 311
673 312
678 313
680 314
679 315
676 316
673 317
674 318
672 319
674 320
670 321
673 322
675 323
671 324
668 325
666 326
667 327
665 328
670 329
675 330
671 331
666 332
670 333
673 334
673 335
666 336
672 337
671 338
674 339
673 340
673 341
677 342
678 343
674 344
673 345
674 346
674 347
677 348
675 349
674 350
671 351
674 352
676 353
669 354
664 355
669 356
673 357
672 358
669 359
666 360
670 361
673 362
674 363
673 364
675 365
672 366
665 367
668 368
671 369
670 370
664 371
661 372
661 373
665 374
663 375
669 376
668 377
659 378
659 379
661 380
657 381
656 382
656 383
664 384
670 385
666 386
661 387
663 388
668 389
662 390
654 391
665 392
667 393
666 394
665 395
664 396
662 397
663 398
664 399
664 400
662 401
658 402
659 403
661 404
665 405
666 406
660 407
664 408
667 409
666 410
664 411
665 412
664 413
664 414
661 415
653 416
660 417
664 418
667 419
661 420
655 421
659 422
660 423
657 424
659 425
658 426
663 427
662 428
660 429
660 430
659 431
658 432
656 433
656 434
657 435
658 436
658 437
656 438
653 439
653 440
656 441
656 442
657 443
658 444
658 445
654 446
651 447
650 448
650 449
647 450
648 451
650 452
650 453
651 454
651 455
648 456
649 457
648 458
648 459
643 460
643 461
646 462
647 463
646 464
644 465
643 466
643 467
645 468
644 469
643 470
643 471
643 472
642 473
643 474
641 475
639 476
639 477
639 478
639 479
639 480
640 481
639 482
639 483
638 484
639 485
639 486
639 487
639 488
639 489
639 490
639 491
639 492
639 493
639 494
639 495
639 496
639 497
641 498
640 499
640 500
640 501
640 502
646 503
644 504
644 505
645 506
644 507
644 508
646 509
648 510
646 511
645 512
647 513
648 514
648 515
644 516
645 517
647 518
648 519
647 520
646 521
647 522
646 523
645 524
642 525
640 526
645 527
641 528
643 529
643 530
644 531
644 532
648 533
648 534
649 535
648 536
647 537
647 538
647 539
649 540
649 541
649 542
648 543
650 544
649 545
648 546
648 547
649 548
649 549
649 550
648 551
648 552
645 553
641 554
641 555
641 556
640 557
639 558
640 559
639 560
639 561
639 562
639 563
639 564
641 565
639 566
639 567
639 568
639 569
639 570
639 571
639 572
639 573
639 574
639 575
641 576
639 577
639 578
639 579
639 580
639 581
639 582
639 583
640 584
639 585
639 586
639 587
640 588
639 589
640 590
641 591
640 592
639 593
639 594
639 595
640 596
640 597
639 598
639 599
640 600
639 601
640 602
640 603
640 604
640 605
637 606
636 607
638 608
637 609
634 610
634 611
635 612
630 613
626 614
621 615
623 616
616 617
608 618
607 619
605 620
599 621
596 622
595 623
597 624
590 625
583 626
576 627
573 628
574 629
571 630
573 631
570 632
566 633
568 634
569 635
565 636
560 637
560 638
556 639
555 640
550 641
551 642
549 643
546 644
542 645
536 646
536 647
530 648
529 649
530 650
534 651
537 652
541 653
540 654
544 655
541 656
545 657
551 658
553 659
557 660
564 661
566 662
570 663
571 664
579 665
577 666
580 667
587 668
590 669
588 670
585 671
602 672
606 673
609 674
610 675
618 676
620 677
621 678
624 679
632 680
634 681
630 682
634 683
642 684
638 685
634 686
640 687
646 688
643 689
642 690
639 691
646 692
650 693
655 694
656 695
654 696
655 697
654 698
657 699
652 700
648 701
655 702
655 703
664 704
658 705
665 706
658 707
663 708
668 709
665 710
661 711
667 712
669 713
665 714
667 715
671 716
664 717
665 718
658 719
