692 0
692 1
698 2
696 3
702 4
696 5
696 6
695 7
694 8
695 9
694 10
704 11
706 12
702 13
702 14
694 15
704 16
706 17
711 18
706 19
702 20
701 21
702 22
700 23
701 24
704 25
703 26
702 27
703 28
704 29
706 30
702 31
706 32
708 33
712 34
711 35
711 36
709 37
706 38
709 39
704 40
709 41
706 42
698 43
696 44
697 45
696 46
696 47
695 48
690 49
684 50
682 51
676 52
673 53
675 54
680 55
680 56
684 57
679 58
677 59
678 60
684 61
689 62
694 63
694 64
690 65
697 66
697 67
699 68
706 69
704 70
699 71
694 72
697 73
691 74
686 75
689 76
687 77
692 78
705 79
697 80
701 81
698 82
698 83
698 84
703 85
706 86
710 87
718 88
716 89
722 90
723 91
719 92
712 93
720 94
725 95
732 96
725 97
731 98
737 99
734 100
732 101
738 102
739 103
741 104
738 105
731 106
740 107
742 108
749 109
745 110
750 111
751 112
749 113
743 114
744 115
748 116
756 117
756 118
760 119
756 120
755 121
755 122
754 123
753 124
754 125
755 126
758 127
754 128
754 129
756 130
752 131
751 132
750 133
747 134
751 135
753 136
749 137
746 138
742 139
720 140
721 141
718 142
718 143
721 144
719 145
721 146
719 147
721 148
720 149
719 150
724 151
719 152
719 153
721 154
725 155
729 156
726 157
724 158
720 159
717 160
719 161
721 162
713 163
713 164
716 165
718 166
720 167
720 168
714 169
712 170
711 171
712 172
709 173
713 174
714 175
706 176
708 177
714 178
711 179
711 180
709 181
707 182
711 183
706 184
701 185
705 186
702 187
705 188
700 189
698 190
694 191
702 192
699 193
704 194
709 195
707 196
709 197
707 198
710 199
708 200
703 201
702 202
697 203
699 204
701 205
704 206
705 207
709 208
709 209
702 210
702 211
706 212
712 213
714 214
711 215
721 216
713 217
715 218
719 219
717 220
719 221
723 222
724 223
722 224
717 225
715 226
718 227
722 228
727 229
721 230
716 231
717 232
716 233
723 234
722 235
721 236
715 237
718 238
718 239
720 240
715 241
710 242
713 243
713 244
713 245
711 246
707 247
713 248
703 249
704 250
709 251
711 252
711 253
708 254
709 255
706 256
705 257
706 258
709 259
704 260
698 261
696 262
693 263
693 264
694 265
696 266
696 267
691 268
683 269
680 270
679 271
681 272
673 273
671 274
672 275
675 276
672 277
670 278
671 279
663 280
670 281
671 282
672 283
676 284
675 285
669 286
668 287
676 288
674 289
671 290
667 291
669 292
669 293
667 294
663 295
664 296
669 297
671 298
673 299
668 300
665 301
669 302
665 303
671 304
670 305
670 306
668 307
666 308
656 309
656 310
656 311
666 312
666 313
666 314
666 315
668 316
671 317
669 318
657 319
653 320
655 321
654 322
658 323
658 324
655 325
654 326
648 327
640 328
629 329
638 330
650 331
640 332
637 333
639 334
640 335
634 336
641 337
628 338
591 339
593 340
588 341
587 342
586 343
591 344
590 345
590 346
600 347
598 348
593 349
590 350
590 351
586 352
585 353
582 354
579 355
585 356
586 357
579 358
574 359
574 360
572 361
573 362
571 363
571 364
570 365
572 366
575 367
563 368
564 369
561 370
561 371
557 372
549 373
546 374
548 375
549 376
546 377
543 378
541 379
540 380
541 381
543 382
539 383
539 384
537 385
535 386
532 387
534 388
534 389
535 390
534 391
533 392
533 393
523 394
522 395
523 396
521 397
525 398
530 399
522 400
532 401
534 402
539 403
543 404
542 405
540 406
540 407
544 408
545 409
546 410
552 411
548 412
546 413
548 414
553 415
550 416
547 417
540 418
536 419
531 420
534 421
540 422
542 423
534 424
536 425
540 426
537 427
536 428
541 429
541 430
553 431
555 432
558 433
565 434
566 435
571 436
577 437
577 438
571 439
566 440
570 441
561 442
555 443
546 444
551 445
552 446
560 447
559 448
563 449
558 450
556 451
565 452
568 453
562 454
556 455
551 456
538 457
534 458
535 459
523 460
531 461
528 462
520 463
499 464
490 465
490 466
476 467
461 468
448 469
434 470
442 471
414 472
402 473
371 474
367 475
337 476
323 477
323 478
332 479
325 480
300 481
289 482
298 483
307 484
302 485
291 486
316 487
319 488
312 489
316 490
324 491
323 492
285 493
263 494
277 495
274 496
261 497
254 498
240 499
243 500
277 501
268 502
244 503
247 504
232 505
226 506
236 507
229 508
222 509
210 510
207 511
226 512
213 513
207 514
205 515
210 516
194 517
188 518
181 519
207 520
201 521
190 522
198 523
207 524
209 525
213 526
219 527
231 528
245 529
231 530
219 531
222 532
220 533
220 534
230 535
210 536
201 537
196 538
196 539
205 540
211 541
198 542
194 543
198 544
193 545
199 546
197 547
194 548
194 549
178 550
178 551
185 552
183 553
182 554
192 555
198 556
202 557
203 558
201 559
201 560
205 561
209 562
218 563
221 564
214 565
217 566
224 567
234 568
231 569
233 570
240 571
241 572
244 573
249 574
252 575
253 576
251 577
260 578
263 579
266 580
269 581
269 582
273 583
280 584
285 585
287 586
289 587
293 588
299 589
301 590
304 591
307 592
310 593
316 594
322 595
322 596
320 597
328 598
333 599
337 600
341 601
342 602
347 603
351 604
355 605
353 606
358 607
359 608
363 609
378 610
382 611
381 612
388 613
391 614
397 615
393 616
399 617
399 618
400 619
405 620
410 621
421 622
423 623
425 624
430 625
433 626
439 627
446 628
447 629
445 630
457 631
451 632
463 633
466 634
469 635
473 636
478 637
483 638
476 639
488 640
493 641
505 642
508 643
511 644
514 645
517 646
518 647
532 648
528 649
533 650
547 651
548 652
552 653
561 654
559 655
559 656
566 657
560 658
562 659
572 660
579 661
580 662
593 663
597 664
595 665
591 666
599 667
597 668
604 669
609 670
614 671
623 672
630 673
635 674
623 675
625 676
631 677
638 678
641 679
645 680
646 681
649 682
653 683
647 684
651 685
659 686
660 687
665 688
664 689
669 690
668 691
669 692
658 693
663 694
674 695
675 696
685 697
686 698
678 699
664 700
666 701
666 702
678 703
673 704
682 705
690 706
684 707
674 708
671 709
678 710
676 711
672 712
683 713
687 714
684 715
679 716
677 717
672 718
671 719
