645 0
643 1
642 2
641 3
641 4
640 5
640 6
642 7
639 8
639 9
639 10
639 11
639 12
640 13
641 14
643 15
641 16
639 17
640 18
643 19
641 20
638 21
638 22
637 23
638 24
640 25
642 26
641 27
640 28
641 29
641 30
643 31
643 32
645 33
647 34
644 35
643 36
643 37
644 38
652 39
647 40
646 41
648 42
647 43
648 44
652 45
652 46
655 47
650 48
653 49
658 50
653 51
655 52
659 53
664 54
666 55
664 56
660 57
663 58
666 59
664 60
664 61
662 62
664 63
662 64
662 65
664 66
668 67
672 68
680 69
681 70
674 71
666 72
672 73
679 74
680 75
675 76
680 77
675 78
677 79
678 80
670 81
668 82
669 83
670 84
664 85
660 86
661 87
668 88
664 89
669 90
673 91
669 92
667 93
664 94
670 95
672 96
667 97
664 98
659 99
658 100
663 101
665 102
663 103
663 104
654 105
650 106
650 107
655 108
665 109
670 110
670 111
671 112
668 113
668 114
656 115
661 116
671 117
677 118
677 119
683 120
691 121
694 122
687 123
693 124
702 125
699 126
697 127
706 128
707 129
714 130
711 131
710 132
707 133
709 134
710 135
717 136
709 137
713 138
721 139
714 140
707 141
703 142
703 143
701 144
702 145
704 146
706 147
704 148
703 149
700 150
700 151
705 152
710 153
708 154
703 155
703 156
702 157
702 158
696 159
696 160
700 161
697 162
699 163
697 164
696 165
695 166
695 167
694 168
682 169
682 170
687 171
686 172
693 173
694 174
685 175
689 176
689 177
689 178
687 179
692 180
691 181
690 182
685 183
685 184
687 185
689 186
687 187
692 188
691 189
689 190
686 191
688 192
685 193
686 194
687 195
688 196
688 197
685 198
684 199
685 200
687 201
685 202
684 203
681 204
679 205
677 206
678 207
679 208
679 209
679 210
674 211
672 212
671 213
672 214
671 215
673 216
669 217
666 218
666 219
666 220
661 221
662 222
665 223
661 224
659 225
654 226
651 227
649 228
649 229
649 230
650 231
647 232
646 233
646 234
645 235
646 236
643 237
646 238
646 239
646 240
642 241
642 242
642 243
645 244
643 245
641 246
641 247
642 248
642 249
645 250
645 251
644 252
646 253
647 254
645 255
647 256
647 257
647 258
645 259
650 260
652 261
651 262
651 263
650 264
651 265
655 266
660 267
663 268
660 269
655 270
654 271
658 272
657 273
655 274
654 275
656 276
658 277
659 278
661 279
661 280
659 281
656 282
659 283
662 284
665 285
669 286
668 287
663 288
663 289
665 290
671 291
671 292
671 293
669 294
665 295
666 296
668 297
669 298
674 299
670 300
668 301
668 302
667 303
667 304
668 305
668 306
669 307
668 308
667 309
666 310
660 311
668 312
670 313
668 314
668 315
665 316
664 317
669 318
670 319
669 320
669 321
670 322
665 323
665 324
669 325
670 326
669 327
669 328
667 329
667 330
672 331
671 332
669 333
670 334
669 335
668 336
667 337
665 338
665 339
666 340
668 341
672 342
672 343
673 344
669 345
666 346
666 347
670 348
670 349
671 350
672 351
670 352
665 353
668 354
670 355
673 356
677 357
676 358
670 359
675 360
670 361
672 362
676 363
678 364
674 365
676 366
672 367
674 368
673 369
676 370
674 371
669 372
669 373
673 374
673 375
678 376
677 377
674 378
673 379
674 380
674 381
674 382
674 383
681 384
677 385
679 386
682 387
685 388
679 389
680 390
681 391
677 392
679 393
683 394
683 395
680 396
680 397
683 398
683 399
678 400
678 401
681 402
682 403
684 404
683 405
678 406
679 407
676 408
676 409
675 410
676 411
678 412
676 413
676 414
675 415
682 416
680 417
678 418
677 419
675 420
675 421
675 422
674 423
671 424
675 425
674 426
671 427
668 428
668 429
670 430
674 431
668 432
670 433
673 434
672 435
671 436
668 437
671 438
673 439
668 440
674 441
669 442
659 443
659 444
664 445
667 446
677 447
677 448
675 449
677 450
679 451
678 452
679 453
680 454
684 455
677 456
679 457
684 458
688 459
682 460
678 461
676 462
680 463
681 464
679 465
678 466
679 467
692 468
695 469
683 470
684 471
681 472
681 473
684 474
683 475
680 476
685 477
685 478
692 479
692 480
693 481
692 482
707 483
697 484
693 485
695 486
701 487
717 488
713 489
710 490
709 491
706 492
714 493
718 494
731 495
720 496
719 497
725 498
720 499
722 500
721 501
732 502
732 503
729 504
729 505
728 506
736 507
738 508
746 509
743 510
751 511
759 512
747 513
751 514
753 515
753 516
749 517
753 518
754 519
749 520
756 521
762 522
748 523
754 524
770 525
757 526
751 527
756 528
756 529
745 530
742 531
748 532
743 533
740 534
748 535
738 536
737 537
735 538
738 539
734 540
730 541
724 542
728 543
728 544
727 545
724 546
720 547
716 548
718 549
720 550
718 551
725 552
719 553
715 554
713 555
715 556
713 557
705 558
711 559
707 560
707 561
710 562
703 563
704 564
709 565
704 566
701 567
711 568
711 569
705 570
700 571
701 572
708 573
710 574
706 575
702 576
694 577
699 578
706 579
704 580
701 581
697 582
700 583
699 584
701 585
699 586
696 587
695 588
697 589
697 590
695 591
689 592
691 593
696 594
691 595
687 596
690 597
688 598
691 599
691 600
689 601
689 602
683 603
684 604
690 605
689 606
688 607
684 608
684 609
683 610
682 611
680 612
680 613
683 614
682 615
681 616
679 617
680 618
678 619
678 620
677 621
673 622
674 623
674 624
674 625
673 626
674 627
672 628
671 629
672 630
673 631
676 632
673 633
672 634
673 635
676 636
672 637
672 638
672 639
671 640
669 641
679 642
686 643
678 644
674 645
673 646
674 647
671 648
672 649
680 650
681 651
678 652
680 653
677 654
676 655
676 656
680 657
679 658
680 659
677 660
675 661
679 662
684 663
683 664
680 665
678 666
677 667
676 668
681 669
682 670
681 671
678 672
680 673
683 674
681 675
681 676
681 677
681 678
685 679
679 680
682 681
688 682
688 683
682 684
681 685
686 686
691 687
690 688
684 689
683 690
688 691
682 692
687 693
690 694
687 695
687 696
684 697
682 698
678 699
676 700
666 701
664 702
660 703
655 704
661 705
654 706
647 707
634 708
640 709
642 710
629 711
616 712
615 713
613 714
607 715
616 716
611 717
612 718
614 719
