688 0
697 1
702 2
702 3
700 4
708 5
710 6
704 7
703 8
704 9
705 10
706 11
705 12
703 13
701 14
695 15
708 16
710 17
706 18
704 19
700 20
703 21
706 22
704 23
702 24
702 25
704 26
703 27
704 28
704 29
707 30
703 31
703 32
704 33
705 34
703 35
704 36
705 37
703 38
702 39
693 40
694 41
696 42
693 43
684 44
683 45
683 46
690 47
683 48
674 49
669 50
663 51
663 52
669 53
666 54
674 55
670 56
668 57
666 58
668 59
672 60
671 61
671 62
671 63
672 64
671 65
673 66
680 67
687 68
688 69
687 70
684 71
683 72
681 73
681 74
683 75
678 76
677 77
680 78
678 79
680 80
683 81
686 82
684 83
685 84
686 85
687 86
694 87
693 88
701 89
705 90
700 91
691 92
695 93
697 94
706 95
710 96
713 97
713 98
706 99
699 100
706 101
711 102
712 103
711 104
714 105
717 106
715 107
712 108
714 109
718 110
718 111
720 112
723 113
730 114
734 115
740 116
733 117
738 118
732 119
732 120
736 121
745 122
753 123
750 124
742 125
745 126
737 127
736 128
747 129
745 130
744 131
743 132
739 133
737 134
726 135
733 136
734 137
734 138
730 139
712 140
711 141
713 142
712 143
714 144
713 145
712 146
707 147
709 148
710 149
710 150
711 151
712 152
712 153
709 154
707 155
701 156
702 157
706 158
702 159
704 160
705 161
706 162
704 163
704 164
702 165
702 166
701 167
702 168
702 169
701 170
699 171
695 172
696 173
693 174
695 175
688 176
696 177
700 178
696 179
694 180
693 181
697 182
696 183
685 184
687 185
686 186
687 187
688 188
687 189
683 190
680 191
687 192
688 193
689 194
690 195
693 196
692 197
690 198
685 199
691 200
695 201
695 202
697 203
693 204
693 205
692 206
690 207
688 208
693 209
691 210
687 211
683 212
689 213
694 214
688 215
696 216
695 217
694 218
699 219
702 220
706 221
705 222
705 223
703 224
703 225
702 226
707 227
708 228
708 229
709 230
711 231
711 232
713 233
714 234
710 235
706 236
708 237
709 238
710 239
715 240
708 241
708 242
707 243
707 244
708 245
705 246
699 247
704 248
708 249
704 250
707 251
706 252
702 253
704 254
704 255
709 256
711 257
711 258
710 259
707 260
703 261
704 262
707 263
705 264
705 265
704 266
707 267
702 268
701 269
701 270
705 271
705 272
705 273
704 274
706 275
705 276
703 277
702 278
703 279
705 280
706 281
705 282
705 283
705 284
705 285
705 286
704 287
706 288
704 289
702 290
703 291
708 292
707 293
708 294
707 295
703 296
702 297
704 298
701 299
699 300
699 301
700 302
702 303
700 304
702 305
699 306
699 307
695 308
697 309
701 310
699 311
699 312
693 313
693 314
693 315
693 316
696 317
693 318
693 319
701 320
699 321
695 322
696 323
696 324
691 325
694 326
693 327
691 328
688 329
689 330
692 331
691 332
692 333
691 334
692 335
693 336
690 337
689 338
691 339
694 340
692 341
692 342
689 343
696 344
695 345
696 346
693 347
689 348
690 349
687 350
688 351
685 352
687 353
688 354
688 355
687 356
685 357
687 358
687 359
686 360
687 361
687 362
685 363
681 364
681 365
680 366
680 367
680 368
680 369
683 370
683 371
680 372
679 373
679 374
676 375
676 376
676 377
675 378
670 379
670 380
668 381
670 382
671 383
674 384
672 385
672 386
670 387
669 388
667 389
664 390
665 391
664 392
664 393
664 394
666 395
665 396
662 397
664 398
661 399
660 400
660 401
660 402
663 403
664 404
664 405
664 406
665 407
663 408
665 409
660 410
659 411
658 412
661 413
663 414
662 415
659 416
659 417
660 418
661 419
664 420
662 421
661 422
660 423
657 424
655 425
656 426
660 427
658 428
663 429
662 430
659 431
664 432
661 433
663 434
664 435
662 436
665 437
673 438
670 439
674 440
670 441
663 442
661 443
661 444
661 445
667 446
668 447
667 448
663 449
661 450
662 451
664 452
667 453
671 454
676 455
674 456
669 457
668 458
669 459
668 460
667 461
663 462
660 463
662 464
661 465
664 466
663 467
663 468
660 469
656 470
658 471
655 472
653 473
651 474
653 475
649 476
641 477
637 478
636 479
633 480
630 481
631 482
633 483
635 484
634 485
634 486
633 487
625 488
626 489
630 490
628 491
627 492
624 493
620 494
622 495
621 496
619 497
621 498
620 499
619 500
622 501
625 502
625 503
623 504
619 505
618 506
619 507
621 508
622 509
623 510
622 511
619 512
620 513
622 514
622 515
625 516
623 517
620 518
619 519
616 520
615 521
615 522
615 523
612 524
605 525
605 526
607 527
604 528
601 529
601 530
599 531
596 532
596 533
595 534
595 535
596 536
596 537
596 538
597 539
598 540
595 541
595 542
598 543
598 544
599 545
599 546
597 547
599 548
603 549
603 550
602 551
600 552
597 553
594 554
592 555
590 556
591 557
588 558
588 559
588 560
588 561
587 562
584 563
580 564
581 565
581 566
579 567
578 568
579 569
579 570
578 571
577 572
578 573
578 574
578 575
576 576
578 577
576 578
576 579
575 580
575 581
575 582
575 583
575 584
576 585
575 586
574 587
575 588
572 589
572 590
574 591
572 592
572 593
573 594
572 595
571 596
570 597
570 598
569 599
571 600
573 601
567 602
568 603
566 604
566 605
566 606
565 607
567 608
566 609
567 610
567 611
566 612
568 613
568 614
566 615
571 616
562 617
561 618
560 619
560 620
564 621
565 622
564 623
560 624
560 625
560 626
557 627
556 628
554 629
555 630
558 631
555 632
553 633
554 634
557 635
556 636
556 637
549 638
547 639
546 640
539 641
537 642
533 643
535 644
527 645
519 646
524 647
526 648
528 649
531 650
534 651
537 652
536 653
540 654
545 655
540 656
549 657
553 658
548 659
554 660
562 661
563 662
562 663
577 664
574 665
582 666
585 667
588 668
591 669
596 670
603 671
596 672
605 673
607 674
611 675
619 676
622 677
620 678
625 679
620 680
623 681
626 682
631 683
641 684
644 685
646 686
644 687
647 688
651 689
650 690
653 691
654 692
656 693
650 694
647 695
655 696
653 697
654 698
662 699
665 700
662 701
663 702
665 703
665 704
660 705
662 706
662 707
661 708
666 709
666 710
662 711
665 712
663 713
658 714
666 715
677 716
676 717
671 718
664 719
