695 0
694 1
690 2
699 3
699 4
695 5
699 6
693 7
696 8
702 9
695 10
691 11
698 12
699 13
696 14
689 15
700 16
703 17
700 18
694 19
694 20
706 21
708 22
699 23
701 24
699 25
697 26
702 27
702 28
700 29
702 30
706 31
709 32
707 33
706 34
705 35
704 36
699 37
698 38
699 39
699 40
694 41
693 42
690 43
691 44
689 45
687 46
684 47
683 48
680 49
674 50
665 51
662 52
667 53
666 54
663 55
667 56
665 57
670 58
668 59
667 60
668 61
668 62
670 63
670 64
676 65
676 66
678 67
685 68
690 69
684 70
688 71
686 72
687 73
684 74
678 75
676 76
685 77
688 78
685 79
686 80
684 81
690 82
693 83
697 84
698 85
700 86
704 87
710 88
706 89
707 90
710 91
704 92
704 93
712 94
716 95
718 96
711 97
715 98
722 99
721 100
714 101
723 102
734 103
732 104
732 105
737 106
739 107
738 108
731 109
739 110
737 111
746 112
741 113
738 114
742 115
748 116
751 117
750 118
752 119
753 120
755 121
753 122
755 123
753 124
749 125
748 126
750 127
744 128
741 129
743 130
743 131
743 132
743 133
742 134
742 135
738 136
738 137
741 138
740 139
713 140
715 141
713 142
708 143
711 144
706 145
706 146
707 147
709 148
705 149
705 150
708 151
706 152
708 153
704 154
704 155
701 156
706 157
705 158
706 159
705 160
705 161
705 162
698 163
697 164
697 165
702 166
703 167
700 168
702 169
702 170
694 171
692 172
688 173
682 174
681 175
679 176
679 177
687 178
682 179
681 180
686 181
685 182
676 183
681 184
674 185
672 186
672 187
679 188
672 189
665 190
676 191
675 192
670 193
676 194
684 195
680 196
676 197
678 198
680 199
685 200
685 201
685 202
680 203
676 204
678 205
686 206
689 207
689 208
692 209
687 210
679 211
674 212
675 213
675 214
677 215
683 216
683 217
685 218
689 219
688 220
696 221
697 222
692 223
698 224
699 225
698 226
695 227
691 228
693 229
699 230
703 231
698 232
698 233
694 234
691 235
690 236
692 237
698 238
696 239
693 240
693 241
698 242
696 243
696 244
698 245
699 246
698 247
704 248
698 249
700 250
698 251
697 252
692 253
694 254
693 255
696 256
697 257
691 258
694 259
700 260
692 261
684 262
692 263
691 264
679 265
677 266
683 267
682 268
679 269
681 270
688 271
675 272
675 273
676 274
677 275
679 276
673 277
671 278
674 279
663 280
663 281
671 282
673 283
671 284
669 285
671 286
670 287
668 288
672 289
667 290
666 291
672 292
671 293
673 294
678 295
671 296
671 297
667 298
674 299
660 300
663 301
661 302
668 303
662 304
663 305
665 306
666 307
667 308
669 309
667 310
669 311
662 312
671 313
658 314
660 315
664 316
667 317
667 318
670 319
667 320
665 321
664 322
664 323
665 324
664 325
662 326
660 327
656 328
661 329
651 330
656 331
659 332
647 333
645 334
649 335
650 336
649 337
634 338
588 339
579 340
584 341
581 342
587 343
586 344
581 345
584 346
580 347
582 348
594 349
603 350
596 351
599 352
585 353
580 354
581 355
582 356
582 357
573 358
574 359
578 360
572 361
570 362
558 363
554 364
548 365
558 366
557 367
564 368
570 369
561 370
552 371
543 372
532 373
531 374
541 375
546 376
537 377
535 378
543 379
546 380
536 381
538 382
536 383
540 384
533 385
534 386
535 387
534 388
536 389
535 390
529 391
522 392
527 393
530 394
527 395
532 396
527 397
526 398
523 399
526 400
532 401
536 402
533 403
535 404
532 405
527 406
526 407
526 408
531 409
538 410
535 411
529 412
525 413
532 414
533 415
523 416
528 417
524 418
519 419
524 420
518 421
516 422
508 423
504 424
509 425
507 426
503 427
508 428
512 429
512 430
519 431
531 432
545 433
539 434
533 435
548 436
553 437
544 438
539 439
534 440
532 441
532 442
534 443
529 444
536 445
540 446
529 447
525 448
526 449
526 450
526 451
529 452
527 453
523 454
529 455
519 456
521 457
514 458
528 459
527 460
523 461
535 462
543 463
524 464
520 465
530 466
529 467
519 468
515 469
499 470
505 471
481 472
479 473
473 474
456 475
457 476
441 477
444 478
436 479
447 480
411 481
414 482
421 483
412 484
382 485
371 486
373 487
378 488
372 489
372 490
344 491
329 492
315 493
303 494
312 495
308 496
290 497
294 498
295 499
259 500
256 501
284 502
300 503
273 504
282 505
265 506
245 507
236 508
235 509
225 510
222 511
229 512
225 513
219 514
202 515
199 516
208 517
198 518
197 519
204 520
193 521
190 522
199 523
204 524
205 525
214 526
229 527
221 528
202 529
202 530
223 531
213 532
208 533
216 534
216 535
212 536
214 537
213 538
198 539
194 540
217 541
215 542
209 543
197 544
200 545
202 546
202 547
196 548
192 549
188 550
182 551
199 552
196 553
182 554
183 555
196 556
199 557
195 558
201 559
206 560
205 561
210 562
217 563
220 564
217 565
221 566
223 567
234 568
231 569
236 570
240 571
245 572
244 573
247 574
251 575
257 576
256 577
261 578
265 579
268 580
272 581
274 582
281 583
278 584
283 585
286 586
293 587
296 588
297 589
300 590
304 591
303 592
306 593
313 594
318 595
325 596
325 597
330 598
330 599
335 600
332 601
339 602
344 603
347 604
351 605
353 606
359 607
368 608
368 609
375 610
383 611
385 612
386 613
390 614
391 615
392 616
389 617
391 618
395 619
399 620
402 621
413 622
420 623
419 624
425 625
430 626
437 627
442 628
439 629
441 630
450 631
450 632
456 633
463 634
465 635
469 636
468 637
469 638
478 639
481 640
494 641
496 642
498 643
498 644
509 645
507 646
507 647
514 648
519 649
520 650
530 651
534 652
538 653
545 654
551 655
553 656
556 657
563 658
574 659
579 660
577 661
579 662
586 663
582 664
587 665
588 666
595 667
596 668
597 669
605 670
610 671
611 672
608 673
610 674
622 675
627 676
630 677
623 678
633 679
628 680
634 681
634 682
645 683
647 684
656 685
654 686
661 687
657 688
643 689
639 690
662 691
657 692
653 693
651 694
661 695
672 696
671 697
673 698
669 699
657 700
661 701
660 702
666 703
662 704
664 705
661 706
670 707
674 708
673 709
666 710
670 711
682 712
677 713
675 714
677 715
677 716
669 717
672 718
675 719
