688 0
684 1
687 2
699 3
705 4
703 5
703 6
698 7
698 8
691 9
689 10
695 11
698 12
697 13
696 14
693 15
686 16
689 17
698 18
700 19
696 20
687 21
692 22
699 23
693 24
699 25
701 26
699 27
699 28
697 29
697 30
697 31
701 32
701 33
704 34
701 35
695 36
693 37
689 38
689 39
690 40
691 41
689 42
686 43
683 44
679 45
674 46
676 47
672 48
670 49
671 50
664 51
660 52
659 53
662 54
663 55
665 56
662 57
663 58
665 59
661 60
662 61
665 62
670 63
670 64
672 65
674 66
674 67
674 68
676 69
677 70
680 71
678 72
673 73
674 74
676 75
675 76
676 77
673 78
674 79
670 80
669 81
674 82
682 83
682 84
675 85
678 86
684 87
681 88
683 89
688 90
691 91
680 92
675 93
681 94
687 95
683 96
686 97
689 98
689 99
688 100
694 101
698 102
686 103
693 104
701 105
701 106
696 107
691 108
683 109
689 110
690 111
704 112
701 113
699 114
698 115
695 116
701 117
708 118
720 119
708 120
721 121
716 122
715 123
715 124
714 125
713 126
703 127
710 128
705 129
697 130
704 131
705 132
703 133
697 134
692 135
692 136
699 137
703 138
696 139
683 140
678 141
678 142
683 143
672 144
680 145
683 146
683 147
684 148
687 149
682 150
673 151
688 152
685 153
684 154
680 155
683 156
683 157
684 158
686 159
686 160
688 161
688 162
686 163
683 164
684 165
689 166
686 167
681 168
686 169
687 170
686 171
685 172
685 173
685 174
684 175
685 176
688 177
686 178
690 179
692 180
689 181
687 182
680 183
680 184
680 185
685 186
684 187
686 188
681 189
676 190
674 191
678 192
679 193
681 194
682 195
680 196
675 197
679 198
676 199
679 200
677 201
672 202
671 203
674 204
676 205
678 206
683 207
672 208
676 209
677 210
677 211
672 212
672 213
681 214
683 215
686 216
687 217
687 218
682 219
686 220
692 221
697 222
700 223
694 224
695 225
690 226
689 227
696 228
696 229
698 230
699 231
692 232
689 233
694 234
693 235
700 236
704 237
704 238
699 239
698 240
702 241
706 242
706 243
708 244
708 245
703 246
699 247
701 248
699 249
696 250
697 251
696 252
695 253
698 254
696 255
697 256
698 257
699 258
695 259
693 260
694 261
705 262
702 263
695 264
699 265
698 266
699 267
701 268
699 269
696 270
698 271
701 272
702 273
702 274
702 275
701 276
698 277
702 278
703 279
701 280
702 281
702 282
703 283
705 284
705 285
700 286
697 287
698 288
704 289
704 290
708 291
704 292
699 293
699 294
698 295
701 296
700 297
698 298
703 299
703 300
700 301
700 302
692 303
700 304
702 305
703 306
700 307
694 308
692 309
695 310
692 311
690 312
690 313
688 314
684 315
684 316
686 317
683 318
681 319
681 320
677 321
671 322
677 323
675 324
674 325
683 326
676 327
683 328
686 329
686 330
682 331
685 332
691 333
690 334
686 335
690 336
688 337
688 338
685 339
685 340
684 341
685 342
688 343
686 344
687 345
688 346
687 347
686 348
685 349
686 350
688 351
682 352
684 353
685 354
685 355
683 356
683 357
685 358
684 359
686 360
684 361
683 362
684 363
683 364
679 365
676 366
673 367
679 368
681 369
680 370
677 371
676 372
670 373
672 374
676 375
674 376
675 377
677 378
677 379
675 380
672 381
671 382
672 383
670 384
671 385
671 386
669 387
670 388
671 389
672 390
671 391
674 392
673 393
673 394
671 395
672 396
669 397
669 398
666 399
669 400
668 401
663 402
664 403
663 404
662 405
667 406
667 407
666 408
668 409
666 410
666 411
668 412
667 413
665 414
664 415
665 416
667 417
666 418
666 419
664 420
664 421
665 422
664 423
665 424
664 425
663 426
662 427
663 428
661 429
664 430
665 431
666 432
666 433
667 434
668 435
667 436
667 437
669 438
670 439
666 440
663 441
665 442
666 443
663 444
666 445
666 446
666 447
665 448
669 449
667 450
664 451
670 452
673 453
670 454
670 455
672 456
674 457
673 458
669 459
669 460
673 461
670 462
666 463
663 464
659 465
664 466
665 467
662 468
658 469
655 470
655 471
651 472
651 473
656 474
656 475
651 476
652 477
651 478
649 479
646 480
648 481
651 482
646 483
642 484
645 485
643 486
642 487
645 488
645 489
643 490
640 491
640 492
642 493
640 494
641 495
640 496
639 497
639 498
641 499
639 500
641 501
640 502
646 503
647 504
646 505
644 506
647 507
649 508
647 509
645 510
646 511
647 512
648 513
649 514
648 515
648 516
651 517
651 518
651 519
647 520
647 521
650 522
650 523
648 524
645 525
644 526
645 527
646 528
641 529
641 530
641 531
640 532
639 533
640 534
640 535
640 536
639 537
639 538
639 539
639 540
639 541
639 542
639 543
639 544
639 545
639 546
639 547
639 548
639 549
639 550
639 551
639 552
639 553
639 554
639 555
639 556
639 557
639 558
639 559
638 560
639 561
639 562
639 563
639 564
639 565
639 566
639 567
640 568
639 569
639 570
639 571
639 572
639 573
639 574
639 575
639 576
639 577
639 578
639 579
639 580
640 581
639 582
639 583
639 584
640 585
639 586
639 587
639 588
639 589
639 590
640 591
639 592
639 593
641 594
641 595
639 596
639 597
639 598
639 599
639 600
639 601
639 602
640 603
640 604
640 605
640 606
642 607
641 608
641 609
640 610
641 611
643 612
645 613
642 614
644 615
642 616
639 617
640 618
641 619
643 620
647 621
649 622
644 623
646 624
644 625
643 626
644 627
645 628
642 629
641 630
647 631
646 632
643 633
645 634
648 635
646 636
644 637
642 638
648 639
644 640
641 641
648 642
645 643
645 644
648 645
648 646
651 647
649 648
647 649
651 650
651 651
653 652
652 653
646 654
653 655
648 656
650 657
657 658
660 659
657 660
653 661
650 662
655 663
652 664
651 665
649 666
647 667
651 668
658 669
657 670
658 671
657 672
651 673
651 674
653 675
656 676
661 677
661 678
659 679
652 680
652 681
657 682
656 683
646 684
647 685
647 686
647 687
651 688
646 689
647 690
652 691
648 692
657 693
656 694
654 695
656 696
654 697
659 698
664 699
662 700
655 701
653 702
664 703
663 704
661 705
666 706
662 707
661 708
661 709
663 710
669 711
663 712
671 713
670 714
665 715
669 716
676 717
667 718
658 719
