639 0
639 1
639 2
639 3
639 4
639 5
639 6
639 7
639 8
639 9
639 10
639 11
639 12
639 13
639 14
639 15
639 16
639 17
639 18
639 19
639 20
639 21
639 22
639 23
639 24
639 25
639 26
639 27
639 28
639 29
639 30
639 31
639 32
639 33
639 34
639 35
639 36
639 37
639 38
639 39
639 40
639 41
639 42
639 43
639 44
639 45
639 46
639 47
639 48
639 49
639 50
639 51
639 52
639 53
639 54
639 55
639 56
639 57
639 58
639 59
639 60
639 61
639 62
639 63
639 64
639 65
639 66
639 67
639 68
639 69
639 70
639 71
639 72
639 73
639 74
639 75
639 76
639 77
639 78
639 79
639 80
639 81
639 82
639 83
639 84
639 85
639 86
639 87
639 88
639 89
639 90
639 91
639 92
639 93
641 94
643 95
646 96
656 97
658 98
659 99
670 100
671 101
668 102
672 103
678 104
686 105
692 106
702 107
704 108
705 109
715 110
724 111
728 112
725 113
727 114
732 115
729 116
737 117
747 118
756 119
754 120
757 121
761 122
769 123
770 124
771 125
774 126
783 127
790 128
793 129
792 130
804 131
806 132
815 133
824 134
824 135
829 136
841 137
863 138
873 139
873 140
874 141
874 142
879 143
878 144
879 145
882 146
887 147
893 148
894 149
896 150
898 151
898 152
902 153
905 154
907 155
910 156
913 157
914 158
916 159
914 160
919 161
922 162
926 163
934 164
935 165
939 166
940 167
943 168
946 169
948 170
949 171
950 172
953 173
955 174
960 175
963 176
974 177
989 178
998 179
1008 180
1010 181
1010 182
1011 183
1012 184
1014 185
1019 186
1018 187
1020 188
1022 189
1026 190
1027 191
1026 192
1037 193
1045 194
1055 195
1055 196
1055 197
1056 198
1064 199
1075 200
1087 201
1104 202
1108 203
1111 204
1119 205
1123 206
1127 207
1129 208
1135 209
1139 210
1150 211
1154 212
1155 213
1158 214
1158 215
1166 216
1175 217
1178 218
1175 219
1176 220
1176 221
1175 222
1186 223
1189 224
1189 225
1184 226
1190 227
1193 228
1201 229
1204 230
1208 231
1209 232
1213 233
1213 234
1224 235
1226 236
1229 237
1233 238
1234 239
1241 240
1248 241
1251 242
1257 243
1261 244
1266 245
1264 246
1274 247
1227 248
1262 249
1053 250
854 252
855 253
869 255
1181 256
1243 260
1261 261
1279 262
1192 264
1191 266
1273 267
984 273
981 274
984 275
991 276
979 277
1056 278
987 279
987 280
1253 282
994 283
994 284
1007 288
1007 289
1007 290
1239 296
388 306
248 307
8 308
15 309
18 310
82 311
24 312
42 313
46 314
47 315
36 316
40 317
41 318
44 319
48 320
51 321
51 322
51 323
55 324
57 325
59 326
61 327
62 328
62 329
66 330
66 331
68 332
71 333
78 334
84 335
78 336
80 337
83 338
85 339
91 340
99 341
167 342
175 343
179 344
187 345
193 346
198 347
200 348
203 349
207 350
208 351
212 352
214 353
215 354
217 355
217 356
219 357
221 358
222 359
227 360
231 361
234 362
238 363
247 364
250 365
252 366
257 367
259 368
261 369
260 370
258 371
267 372
271 373
270 374
273 375
272 376
271 377
279 378
284 379
283 380
285 381
291 382
289 383
288 384
291 385
296 386
299 387
300 388
303 389
310 390
313 391
312 392
317 393
316 394
324 395
332 396
330 397
333 398
339 399
343 400
344 401
348 402
349 403
350 404
352 405
355 406
357 407
356 408
357 409
360 410
364 411
367 412
370 413
370 414
368 415
367 416
368 417
369 418
369 419
366 420
370 421
369 422
371 423
377 424
368 425
369 426
382 427
398 428
409 429
416 430
421 431
438 432
460 433
466 434
455 435
474 436
484 437
481 438
488 439
470 440
498 441
506 442
509 443
514 444
528 445
534 446
534 447
524 448
532 449
535 450
526 451
518 452
530 453
523 454
519 455
532 456
534 457
543 458
549 459
555 460
556 461
560 462
567 463
570 464
571 465
574 466
570 467
575 468
577 469
579 470
576 471
578 472
579 473
581 474
587 475
593 476
592 477
596 478
587 479
594 480
594 481
594 482
592 483
595 484
595 485
597 486
596 487
599 488
595 489
596 490
604 491
607 492
609 493
610 494
607 495
609 496
608 497
606 498
606 499
606 500
606 501
608 502
608 503
606 504
606 505
609 506
609 507
607 508
608 509
608 510
608 511
608 512
608 513
609 514
608 515
609 516
608 517
609 518
609 519
609 520
609 521
610 522
611 523
610 524
608 525
609 526
610 527
608 528
609 529
609 530
609 531
608 532
609 533
608 534
607 535
609 536
607 537
606 538
606 539
606 540
606 541
606 542
606 543
608 544
609 545
610 546
610 547
609 548
610 549
611 550
611 551
611 552
612 553
611 554
613 555
613 556
612 557
611 558
611 559
610 560
612 561
611 562
613 563
611 564
613 565
612 566
610 567
612 568
610 569
608 570
609 571
608 572
607 573
610 574
617 575
620 576
620 577
624 578
626 579
627 580
628 581
630 582
630 583
633 584
637 585
640 586
642 587
643 588
643 589
644 590
644 591
645 592
643 593
642 594
641 595
641 596
641 597
639 598
639 599
639 600
639 601
638 602
636 603
635 604
636 605
632 606
631 607
631 608
631 609
634 610
632 611
632 612
635 613
633 614
630 615
630 616
635 617
635 618
636 619
636 620
634 621
636 622
632 623
634 624
635 625
636 626
634 627
634 628
632 629
631 630
629 631
628 632
630 633
628 634
630 635
632 636
633 637
633 638
633 639
634 640
634 641
633 642
629 643
632 644
632 645
633 646
629 647
631 648
630 649
630 650
629 651
629 652
629 653
626 654
621 655
621 656
625 657
626 658
623 659
625 660
625 661
628 662
624 663
622 664
625 665
626 666
622 667
621 668
624 669
626 670
620 671
619 672
626 673
617 674
621 675
616 676
619 677
619 678
618 679
619 680
620 681
617 682
618 683
615 684
609 685
609 686
609 687
606 688
612 689
613 690
609 691
608 692
600 693
605 694
609 695
603 696
595 697
605 698
605 699
603 700
600 701
607 702
600 703
607 704
594 705
605 706
602 707
600 708
598 709
614 710
607 711
601 712
606 713
604 714
604 715
601 716
598 717
598 718
600 719
