639 0
639 1
639 2
639 3
639 4
639 5
639 6
639 7
639 8
639 9
639 10
639 11
639 12
639 13
639 14
639 15
639 16
639 17
639 18
639 19
639 20
639 21
639 22
639 23
639 24
639 25
639 26
639 27
639 28
639 29
639 30
639 31
639 32
639 33
639 34
639 35
639 36
639 37
639 38
639 39
639 40
639 41
639 42
639 43
639 44
639 45
639 46
639 47
639 48
639 49
638 50
637 51
634 52
633 53
630 54
623 55
631 56
634 57
632 58
631 59
627 60
616 61
612 62
620 63
612 64
614 65
605 66
596 67
584 68
581 69
582 70
582 71
580 72
573 73
567 74
562 75
557 76
553 77
548 78
549 79
542 80
538 81
535 82
531 83
533 84
532 85
522 86
520 87
514 88
511 89
506 90
497 91
499 92
503 93
494 94
488 95
474 96
446 97
446 98
442 99
434 100
426 101
426 102
429 103
426 104
423 105
419 106
416 107
414 108
409 109
408 110
408 111
417 112
407 113
401 114
392 115
391 116
387 117
384 118
399 119
389 120
392 121
383 122
373 123
360 124
345 125
342 126
347 127
336 128
335 129
328 130
313 131
316 132
313 133
309 134
320 135
301 136
293 137
271 138
264 139
260 140
244 141
242 142
238 143
230 144
214 145
213 146
216 147
214 148
220 149
223 150
224 151
218 152
215 153
213 154
208 155
207 156
206 157
200 158
204 159
201 160
200 161
202 162
201 163
197 164
197 165
193 166
197 167
200 168
199 169
195 170
194 171
194 172
186 173
184 174
186 175
178 176
180 177
172 178
171 179
169 180
162 181
163 182
163 183
167 184
167 185
171 186
160 187
156 188
150 189
149 190
153 191
157 192
157 193
147 194
136 195
138 196
149 197
149 198
152 199
160 200
148 201
143 202
139 203
136 204
146 205
143 206
140 207
133 208
111 209
120 210
138 211
147 212
162 213
160 214
161 215
191 216
178 217
186 218
187 219
195 220
239 221
225 222
208 223
194 224
207 225
194 226
192 227
213 228
222 229
210 230
226 231
202 232
225 233
213 234
237 235
234 236
219 237
232 238
235 239
265 240
273 241
257 242
214 243
252 244
284 245
292 246
277 247
262 248
299 249
285 250
301 251
318 252
308 253
308 254
297 255
350 256
345 257
339 258
334 259
346 260
333 261
338 262
329 263
344 264
377 265
363 266
339 267
391 268
439 269
511 270
535 271
557 272
561 273
597 274
634 275
668 276
693 277
676 278
675 279
675 280
769 281
764 282
725 283
735 284
751 285
754 286
724 287
768 288
794 289
803 290
799 291
823 292
827 293
828 294
813 295
811 296
827 297
824 298
854 299
901 300
904 301
893 302
882 303
885 304
903 305
912 306
914 307
911 308
905 309
894 310
887 311
895 312
905 313
898 314
899 315
909 316
914 317
913 318
909 319
916 320
918 321
916 322
908 323
910 324
919 325
922 326
909 327
900 328
904 329
889 330
887 331
888 332
879 333
877 334
876 335
862 336
869 337
861 338
845 339
849 340
856 341
849 342
847 343
839 344
839 345
836 346
830 347
829 348
822 349
819 350
812 351
813 352
813 353
812 354
810 355
814 356
818 357
818 358
817 359
817 360
819 361
821 362
828 363
827 364
820 365
823 366
820 367
822 368
823 369
834 370
853 371
845 372
835 373
847 374
849 375
845 376
855 377
850 378
848 379
848 380
847 381
849 382
852 383
856 384
855 385
851 386
827 387
806 388
798 389
795 390
790 391
782 392
772 393
759 394
758 395
749 396
743 397
738 398
727 399
717 400
711 401
706 402
701 403
693 404
690 405
689 406
684 407
677 408
673 409
669 410
666 411
657 412
652 413
650 414
642 415
640 416
641 417
643 418
643 419
642 420
643 421
641 422
641 423
640 424
638 425
638 426
640 427
641 428
640 429
639 430
638 431
638 432
640 433
638 434
638 435
638 436
638 437
638 438
638 439
639 440
639 441
639 442
638 443
637 444
637 445
635 446
636 447
635 448
635 449
635 450
635 451
635 452
635 453
635 454
636 455
636 456
635 457
636 458
637 459
637 460
638 461
638 462
636 463
636 464
636 465
636 466
636 467
636 468
637 469
637 470
637 471
637 472
637 473
637 474
637 475
637 476
637 477
638 478
638 479
638 480
638 481
638 482
638 483
638 484
638 485
638 486
638 487
638 488
638 489
638 490
638 491
639 492
639 493
638 494
639 495
638 496
639 497
639 498
639 499
639 500
639 501
639 502
638 503
639 504
639 505
639 506
639 507
639 508
639 509
639 510
639 511
639 512
639 513
639 514
639 515
639 516
639 517
639 518
639 519
639 520
639 521
639 522
639 523
639 524
639 525
639 526
639 527
639 528
639 529
639 530
640 531
641 532
641 533
642 534
642 535
639 536
639 537
639 538
639 539
639 540
639 541
640 542
640 543
640 544
639 545
639 546
639 547
639 548
639 549
639 550
640 551
640 552
639 553
639 554
640 555
640 556
639 557
639 558
639 559
640 560
639 561
639 562
639 563
639 564
639 565
639 566
639 567
639 568
639 569
639 570
639 571
639 572
639 573
640 574
639 575
639 576
639 577
639 578
639 579
640 580
640 581
639 582
639 583
640 584
639 585
639 586
641 587
640 588
640 589
641 590
641 591
640 592
642 593
643 594
643 595
643 596
642 597
641 598
643 599
642 600
642 601
641 602
643 603
643 604
641 605
643 606
642 607
645 608
643 609
643 610
643 611
642 612
641 613
640 614
642 615
642 616
641 617
641 618
639 619
640 620
640 621
640 622
640 623
640 624
640 625
640 626
640 627
640 628
641 629
640 630
642 631
641 632
641 633
641 634
641 635
641 636
642 637
642 638
643 639
644 640
644 641
644 642
645 643
646 644
647 645
646 646
646 647
650 648
651 649
652 650
650 651
650 652
649 653
649 654
650 655
650 656
651 657
650 658
651 659
651 660
649 661
649 662
651 663
650 664
649 665
648 666
646 667
648 668
648 669
646 670
651 671
653 672
651 673
650 674
649 675
651 676
650 677
647 678
649 679
645 680
644 681
643 682
640 683
639 684
639 685
637 686
641 687
637 688
636 689
639 690
639 691
635 692
631 693
633 694
636 695
635 696
630 697
629 698
630 699
629 700
630 701
628 702
630 703
628 704
632 705
631 706
629 707
633 708
629 709
625 710
631 711
633 712
631 713
630 714
631 715
634 716
629 717
633 718
635 719
