639 0
639 1
639 2
639 3
639 4
639 5
639 6
639 7
639 8
639 9
639 10
639 11
639 12
639 13
639 14
639 15
639 16
639 17
639 18
639 19
639 20
639 21
639 22
639 23
639 24
639 25
639 26
639 27
639 28
639 29
639 30
639 31
639 32
639 33
639 34
639 35
639 36
639 37
639 38
639 39
639 40
639 41
639 42
639 43
639 44
639 45
639 46
639 47
639 48
639 49
639 50
638 51
634 52
633 53
632 54
628 55
630 56
631 57
630 58
630 59
624 60
621 61
614 62
614 63
612 64
608 65
595 66
594 67
591 68
583 69
582 70
586 71
581 72
576 73
570 74
561 75
553 76
557 77
554 78
554 79
545 80
535 81
534 82
533 83
528 84
525 85
524 86
522 87
514 88
504 89
497 90
497 91
502 92
505 93
492 94
486 95
457 96
440 97
438 98
448 99
441 100
439 101
434 102
429 103
426 104
426 105
418 106
416 107
414 108
416 109
408 110
413 111
408 112
403 113
404 114
404 115
402 116
401 117
400 118
399 119
405 120
400 121
397 122
388 123
384 124
370 125
365 126
377 127
375 128
365 129
364 130
362 131
356 132
356 133
357 134
352 135
349 136
345 137
341 138
336 139
327 140
321 141
314 142
317 143
309 144
296 145
298 146
298 147
295 148
294 149
291 150
288 151
285 152
277 153
282 154
278 155
267 156
263 157
258 158
268 159
261 160
252 161
250 162
251 163
244 164
224 165
214 166
212 167
208 168
194 169
198 170
188 171
180 172
178 173
179 174
182 175
181 176
180 177
180 178
178 179
172 180
176 181
170 182
191 183
166 184
161 185
156 186
141 187
137 188
133 189
135 190
132 191
145 192
116 193
115 194
110 195
105 196
110 197
107 198
116 199
123 200
100 201
94 202
103 203
110 204
109 205
94 206
118 207
83 208
82 209
100 210
102 211
117 212
140 213
115 214
125 215
142 216
76 217
81 218
105 219
100 220
85 221
62 222
92 223
100 224
72 225
91 226
106 227
97 228
85 229
68 230
89 231
120 232
165 233
164 234
165 235
91 236
113 237
116 238
124 239
127 240
87 241
90 242
62 243
50 244
120 245
59 246
81 247
116 248
67 249
53 250
66 251
70 252
80 253
95 254
80 255
124 256
98 257
89 258
126 259
112 260
43 261
58 262
112 263
50 264
16 265
45 266
23 267
843 268
808 269
840 270
939 271
959 272
949 273
934 274
1020 275
1027 276
1046 277
1069 278
1019 279
1039 280
1046 281
1075 282
1055 283
1011 284
1006 285
1011 286
1001 287
995 288
1004 289
1003 290
1021 291
983 292
994 293
1003 294
1011 295
1015 296
1000 297
1005 298
1023 299
1022 300
1010 301
1003 302
1002 303
997 304
999 305
999 306
995 307
996 308
994 309
986 310
984 311
982 312
981 313
980 314
977 315
977 316
975 317
972 318
971 319
966 320
965 321
960 322
961 323
964 324
966 325
964 326
970 327
975 328
978 329
976 330
972 331
971 332
969 333
966 334
976 335
972 336
970 337
968 338
960 339
961 340
961 341
959 342
956 343
956 344
949 345
951 346
950 347
948 348
948 349
948 350
946 351
948 352
947 353
946 354
945 355
946 356
953 357
952 358
947 359
945 360
947 361
948 362
950 363
947 364
947 365
943 366
926 367
912 368
907 369
898 370
896 371
888 372
882 373
881 374
875 375
869 376
867 377
856 378
850 379
844 380
834 381
831 382
827 383
820 384
814 385
808 386
790 387
777 388
768 389
765 390
764 391
754 392
744 393
740 394
735 395
731 396
724 397
718 398
715 399
705 400
699 401
695 402
695 403
688 404
682 405
677 406
671 407
666 408
663 409
663 410
653 411
648 412
648 413
643 414
636 415
637 416
635 417
636 418
635 419
633 420
632 421
633 422
633 423
634 424
632 425
633 426
633 427
632 428
633 429
634 430
634 431
632 432
631 433
631 434
632 435
630 436
630 437
631 438
633 439
630 440
629 441
629 442
629 443
630 444
629 445
629 446
629 447
630 448
629 449
629 450
629 451
629 452
628 453
628 454
628 455
628 456
627 457
627 458
627 459
628 460
628 461
627 462
627 463
627 464
627 465
628 466
628 467
628 468
627 469
627 470
628 471
628 472
628 473
628 474
628 475
628 476
628 477
628 478
628 479
628 480
628 481
628 482
628 483
629 484
628 485
628 486
628 487
628 488
628 489
628 490
629 491
629 492
629 493
629 494
630 495
629 496
630 497
630 498
630 499
630 500
630 501
630 502
630 503
632 504
631 505
631 506
631 507
632 508
632 509
630 510
630 511
631 512
631 513
631 514
632 515
632 516
632 517
633 518
634 519
634 520
634 521
634 522
634 523
635 524
634 525
634 526
634 527
634 528
634 529
635 530
635 531
635 532
635 533
635 534
636 535
636 536
636 537
635 538
636 539
636 540
636 541
636 542
636 543
636 544
636 545
636 546
636 547
636 548
637 549
637 550
637 551
637 552
637 553
637 554
637 555
636 556
637 557
637 558
638 559
638 560
638 561
639 562
639 563
639 564
640 565
639 566
639 567
639 568
639 569
639 570
639 571
639 572
639 573
639 574
639 575
640 576
639 577
639 578
639 579
639 580
639 581
639 582
639 583
639 584
639 585
639 586
639 587
639 588
639 589
639 590
639 591
638 592
639 593
640 594
641 595
640 596
640 597
640 598
640 599
640 600
640 601
639 602
639 603
639 604
640 605
640 606
644 607
642 608
641 609
640 610
640 611
641 612
640 613
640 614
641 615
641 616
640 617
639 618
640 619
642 620
640 621
640 622
640 623
641 624
640 625
640 626
640 627
640 628
641 629
643 630
643 631
642 632
640 633
645 634
647 635
641 636
641 637
643 638
644 639
644 640
643 641
643 642
643 643
643 644
642 645
641 646
646 647
649 648
645 649
651 650
650 651
647 652
649 653
649 654
649 655
648 656
649 657
650 658
647 659
646 660
648 661
646 662
654 663
654 664
647 665
639 666
640 667
646 668
646 669
639 670
646 671
652 672
641 673
634 674
642 675
642 676
644 677
643 678
650 679
646 680
642 681
644 682
644 683
644 684
652 685
652 686
644 687
649 688
644 689
640 690
643 691
647 692
649 693
647 694
647 695
652 696
650 697
650 698
655 699
652 700
643 701
636 702
648 703
655 704
644 705
650 706
658 707
647 708
638 709
645 710
658 711
659 712
650 713
643 714
651 715
661 716
656 717
654 718
643 719
