756 0
757 1
761 2
763 3
763 4
763 5
763 6
764 7
763 8
762 9
759 10
763 11
758 12
759 13
759 14
758 15
750 16
759 17
764 18
767 19
766 20
764 21
763 22
768 23
767 24
770 25
769 26
769 27
770 28
772 29
772 30
770 31
766 32
774 33
776 34
774 35
773 36
769 37
773 38
772 39
767 40
767 41
764 42
769 43
770 44
773 45
778 46
777 47
778 48
779 49
779 50
776 51
768 52
765 53
769 54
769 55
769 56
761 57
763 58
767 59
759 60
756 61
755 62
741 63
745 64
743 65
744 66
730 67
722 68
729 69
723 70
718 71
718 72
717 73
707 74
695 75
682 76
688 77
697 78
687 79
674 80
670 81
658 82
663 83
662 84
659 85
649 86
647 87
651 88
639 89
622 90
621 91
633 92
636 93
623 94
615 95
594 96
587 97
573 98
571 99
563 100
568 101
567 102
573 103
550 104
550 105
548 106
541 107
536 108
546 109
545 110
529 111
542 112
528 113
544 114
550 115
545 116
546 117
542 118
558 119
562 120
550 121
546 122
546 123
535 124
534 125
535 126
536 127
514 128
519 129
523 130
521 131
515 132
513 133
512 134
511 135
507 136
501 137
497 138
494 139
482 140
469 141
456 142
463 143
451 144
465 145
455 146
453 147
452 148
450 149
448 150
449 151
443 152
441 153
440 154
450 155
442 156
409 157
400 158
403 159
410 160
406 161
405 162
408 163
396 164
389 165
379 166
378 167
364 168
363 169
354 170
340 171
338 172
311 173
289 174
352 175
387 176
407 177
332 178
350 179
345 180
354 181
334 182
291 183
309 184
299 185
175 186
0 187
379 188
129 189
82 190
64 191
129 192
73 193
69 194
68 195
108 196
141 197
90 198
196 199
159 200
52 201
61 202
56 203
50 204
86 205
54 206
102 207
98 208
42 209
35 210
143 211
140 212
42 213
37 214
64 215
117 216
18 217
14 218
16 219
22 220
28 221
15 222
21 223
28 224
22 225
21 226
23 227
20 228
18 229
26 230
47 231
36 232
25 233
25 234
35 235
42 236
34 237
25 238
26 239
25 240
24 241
28 242
34 243
34 244
27 245
32 246
44 247
54 248
83 249
59 250
60 251
55 252
51 253
41 254
36 255
60 256
43 257
63 258
48 259
50 260
43 261
44 262
60 263
51 264
45 265
52 266
54 267
137 268
213 269
232 270
289 271
368 272
419 273
441 274
464 275
470 276
486 277
505 278
504 279
525 280
537 281
527 282
544 283
528 284
559 285
568 286
578 287
591 288
594 289
597 290
614 291
635 292
635 293
658 294
666 295
680 296
692 297
697 298
752 299
818 300
815 301
813 302
827 303
823 304
824 305
827 306
835 307
838 308
818 309
820 310
820 311
822 312
815 313
826 314
841 315
832 316
803 317
805 318
808 319
814 320
822 321
807 322
804 323
802 324
802 325
801 326
813 327
800 328
807 329
807 330
797 331
782 332
783 333
784 334
788 335
781 336
775 337
773 338
780 339
782 340
787 341
791 342
786 343
787 344
789 345
785 346
778 347
776 348
771 349
765 350
769 351
763 352
771 353
768 354
758 355
755 356
760 357
755 358
738 359
746 360
747 361
738 362
732 363
733 364
725 365
721 366
708 367
698 368
696 369
693 370
688 371
686 372
686 373
687 374
684 375
684 376
681 377
680 378
676 379
676 380
675 381
673 382
673 383
672 384
670 385
671 386
670 387
670 388
672 389
672 390
674 391
673 392
675 393
674 394
675 395
674 396
680 397
681 398
672 399
674 400
674 401
678 402
680 403
674 404
675 405
672 406
674 407
678 408
677 409
671 410
667 411
663 412
658 413
654 414
654 415
658 416
656 417
656 418
658 419
655 420
654 421
652 422
651 423
651 424
653 425
651 426
649 427
648 428
647 429
645 430
646 431
647 432
648 433
648 434
646 435
647 436
650 437
652 438
655 439
654 440
657 441
656 442
652 443
653 444
654 445
654 446
651 447
650 448
649 449
650 450
651 451
651 452
650 453
653 454
653 455
651 456
651 457
651 458
651 459
650 460
656 461
655 462
656 463
652 464
653 465
655 466
659 467
660 468
661 469
660 470
661 471
665 472
664 473
670 474
667 475
665 476
667 477
667 478
665 479
671 480
669 481
670 482
672 483
672 484
673 485
673 486
678 487
678 488
677 489
677 490
674 491
673 492
672 493
675 494
673 495
674 496
670 497
670 498
670 499
674 500
672 501
673 502
675 503
674 504
666 505
666 506
663 507
660 508
663 509
664 510
661 511
663 512
660 513
658 514
658 515
658 516
658 517
659 518
656 519
657 520
656 521
656 522
657 523
657 524
656 525
652 526
650 527
653 528
652 529
652 530
652 531
654 532
653 533
651 534
652 535
649 536
652 537
651 538
651 539
649 540
649 541
646 542
646 543
647 544
646 545
648 546
648 547
648 548
646 549
647 550
646 551
649 552
649 553
648 554
649 555
648 556
646 557
649 558
652 559
651 560
647 561
645 562
642 563
644 564
648 565
644 566
644 567
644 568
642 569
641 570
642 571
644 572
647 573
645 574
644 575
645 576
643 577
643 578
645 579
647 580
644 581
644 582
643 583
644 584
643 585
642 586
643 587
645 588
646 589
646 590
647 591
647 592
646 593
647 594
642 595
642 596
645 597
643 598
645 599
643 600
639 601
642 602
644 603
647 604
646 605
646 606
649 607
643 608
644 609
640 610
639 611
641 612
641 613
642 614
643 615
643 616
641 617
640 618
638 619
638 620
639 621
640 622
646 623
644 624
640 625
642 626
644 627
640 628
641 629
640 630
639 631
642 632
641 633
642 634
644 635
641 636
644 637
643 638
643 639
640 640
638 641
642 642
645 643
642 644
641 645
643 646
645 647
646 648
650 649
655 650
652 651
652 652
653 653
652 654
653 655
652 656
654 657
655 658
651 659
659 660
666 661
664 662
663 663
663 664
666 665
668 666
664 667
665 668
664 669
664 670
664 671
672 672
666 673
660 674
657 675
663 676
664 677
664 678
668 679
665 680
665 681
661 682
661 683
660 684
660 685
660 686
660 687
658 688
658 689
661 690
662 691
661 692
664 693
663 694
659 695
668 696
655 697
658 698
661 699
663 700
662 701
655 702
655 703
662 704
666 705
669 706
667 707
668 708
667 709
668 710
667 711
665 712
667 713
662 714
668 715
671 716
657 717
651 718
647 719
