639 0
639 1
639 2
639 3
639 4
639 5
639 6
639 7
639 8
639 9
639 10
639 11
639 12
639 13
639 14
639 15
639 16
639 17
639 18
639 19
639 20
639 21
639 22
639 23
639 24
639 25
639 26
639 27
639 28
639 29
639 30
639 31
639 32
639 33
639 34
639 35
639 36
639 37
639 38
639 39
639 40
639 41
639 42
639 43
639 44
639 45
639 46
639 47
639 48
639 49
639 50
639 51
636 52
635 53
633 54
627 55
626 56
629 57
629 58
629 59
623 60
616 61
611 62
611 63
607 64
611 65
606 66
594 67
590 68
590 69
584 70
590 71
586 72
577 73
566 74
561 75
561 76
552 77
550 78
547 79
541 80
535 81
537 82
537 83
533 84
526 85
519 86
524 87
521 88
501 89
497 90
497 91
508 92
508 93
497 94
482 95
460 96
448 97
446 98
446 99
440 100
436 101
434 102
433 103
429 104
428 105
423 106
418 107
414 108
410 109
406 110
408 111
406 112
405 113
401 114
392 115
401 116
409 117
406 118
402 119
405 120
399 121
395 122
392 123
386 124
378 125
378 126
375 127
382 128
374 129
365 130
366 131
356 132
359 133
358 134
359 135
351 136
347 137
341 138
339 139
337 140
328 141
316 142
306 143
307 144
306 145
303 146
298 147
292 148
289 149
290 150
296 151
289 152
277 153
278 154
280 155
268 156
269 157
260 158
259 159
254 160
252 161
254 162
248 163
236 164
223 165
217 166
216 167
219 168
198 169
193 170
189 171
184 172
184 173
179 174
183 175
185 176
175 177
175 178
179 179
169 180
163 181
164 182
170 183
159 184
154 185
159 186
142 187
126 188
123 189
137 190
150 191
130 192
118 193
116 194
117 195
116 196
105 197
108 198
123 199
132 200
112 201
109 202
104 203
107 204
106 205
105 206
113 207
85 208
83 209
81 210
83 211
94 212
83 213
79 214
110 215
108 216
93 217
84 218
77 219
128 220
141 221
130 222
134 223
131 224
133 225
144 226
128 227
102 228
110 229
119 230
134 231
138 232
95 233
83 234
70 235
121 236
124 237
67 238
109 239
117 240
156 241
110 242
157 243
122 244
100 245
101 246
84 247
159 248
61 249
60 250
100 251
151 252
340 253
229 254
153 255
173 256
94 257
238 258
239 259
98 260
103 261
83 262
55 263
51 264
38 265
19 266
14 267
606 268
751 269
1014 270
1114 271
1064 272
1206 273
1067 274
1102 275
1169 276
1103 277
1107 278
1083 279
1159 280
1154 281
1116 282
1110 283
1122 284
1100 285
1090 286
1081 287
1071 288
1076 289
1071 290
1056 291
1037 292
1042 293
1047 294
1054 295
1062 296
1065 297
1065 298
1066 299
1056 300
1055 301
1048 302
1036 303
1037 304
1033 305
1030 306
1021 307
1019 308
1013 309
1002 310
1003 311
997 312
990 313
991 314
994 315
989 316
989 317
991 318
991 319
991 320
982 321
975 322
972 323
972 324
975 325
973 326
970 327
969 328
966 329
968 330
967 331
964 332
964 333
964 334
964 335
961 336
959 337
960 338
964 339
967 340
969 341
972 342
978 343
979 344
983 345
984 346
985 347
979 348
975 349
969 350
969 351
966 352
963 353
956 354
955 355
954 356
951 357
951 358
950 359
947 360
951 361
953 362
952 363
952 364
947 365
937 366
921 367
917 368
909 369
899 370
890 371
885 372
880 373
876 374
874 375
869 376
866 377
862 378
858 379
855 380
847 381
840 382
831 383
822 384
815 385
804 386
786 387
776 388
768 389
764 390
759 391
753 392
742 393
736 394
730 395
726 396
724 397
717 398
714 399
706 400
699 401
698 402
690 403
685 404
677 405
677 406
672 407
663 408
662 409
654 410
653 411
649 412
646 413
640 414
637 415
636 416
632 417
637 418
637 419
632 420
633 421
632 422
632 423
634 424
633 425
634 426
633 427
632 428
633 429
633 430
634 431
632 432
632 433
632 434
632 435
632 436
632 437
632 438
633 439
634 440
632 441
631 442
630 443
629 444
628 445
628 446
629 447
628 448
629 449
631 450
629 451
627 452
628 453
629 454
629 455
627 456
627 457
627 458
627 459
626 460
626 461
626 462
626 463
627 464
626 465
626 466
627 467
626 468
627 469
627 470
627 471
626 472
626 473
626 474
626 475
626 476
627 477
627 478
627 479
627 480
628 481
627 482
627 483
627 484
628 485
628 486
628 487
628 488
628 489
628 490
628 491
628 492
628 493
628 494
628 495
628 496
628 497
628 498
628 499
629 500
629 501
629 502
629 503
629 504
629 505
629 506
630 507
630 508
630 509
630 510
630 511
631 512
631 513
630 514
630 515
631 516
631 517
631 518
630 519
631 520
632 521
633 522
633 523
633 524
633 525
633 526
633 527
633 528
633 529
633 530
634 531
634 532
634 533
634 534
633 535
634 536
634 537
634 538
634 539
635 540
635 541
636 542
637 543
636 544
636 545
636 546
636 547
637 548
636 549
637 550
637 551
637 552
637 553
637 554
637 555
637 556
637 557
637 558
637 559
637 560
638 561
638 562
639 563
639 564
639 565
639 566
639 567
640 568
639 569
639 570
639 571
639 572
639 573
639 574
639 575
639 576
638 577
638 578
639 579
638 580
638 581
639 582
639 583
639 584
639 585
640 586
639 587
639 588
639 589
639 590
639 591
640 592
640 593
639 594
639 595
639 596
639 597
639 598
639 599
638 600
640 601
639 602
640 603
640 604
640 605
640 606
639 607
639 608
639 609
639 610
640 611
640 612
639 613
640 614
639 615
640 616
640 617
640 618
641 619
639 620
639 621
640 622
639 623
639 624
639 625
639 626
639 627
640 628
640 629
641 630
641 631
640 632
640 633
639 634
643 635
644 636
639 637
638 638
642 639
645 640
641 641
641 642
646 643
643 644
645 645
644 646
644 647
641 648
643 649
642 650
642 651
650 652
647 653
645 654
646 655
651 656
649 657
645 658
644 659
644 660
644 661
643 662
644 663
647 664
647 665
646 666
645 667
640 668
644 669
643 670
655 671
648 672
640 673
642 674
645 675
644 676
641 677
643 678
644 679
642 680
638 681
637 682
644 683
647 684
644 685
642 686
639 687
639 688
635 689
641 690
648 691
642 692
646 693
648 694
649 695
646 696
640 697
648 698
658 699
650 700
637 701
639 702
650 703
651 704
649 705
651 706
658 707
652 708
640 709
640 710
642 711
649 712
643 713
641 714
641 715
648 716
646 717
649 718
647 719
