729 0
731 1
736 2
740 3
741 4
749 5
751 6
745 7
745 8
748 9
749 10
753 11
753 12
755 13
758 14
753 15
745 16
749 17
752 18
756 19
755 20
752 21
751 22
745 23
751 24
766 25
764 26
765 27
763 28
758 29
757 30
757 31
759 32
761 33
762 34
757 35
757 36
760 37
760 38
757 39
764 40
771 41
772 42
769 43
763 44
760 45
758 46
756 47
758 48
759 49
758 50
762 51
759 52
755 53
754 54
761 55
759 56
755 57
754 58
752 59
745 60
740 61
736 62
735 63
740 64
743 65
740 66
722 67
715 68
717 69
713 70
709 71
706 72
700 73
693 74
681 75
684 76
680 77
676 78
671 79
661 80
654 81
651 82
654 83
648 84
640 85
631 86
644 87
644 88
636 89
631 90
632 91
628 92
627 93
617 94
612 95
602 96
574 97
570 98
580 99
582 100
563 101
567 102
561 103
566 104
564 105
557 106
559 107
552 108
554 109
558 110
560 111
563 112
553 113
553 114
548 115
539 116
545 117
549 118
563 119
548 120
544 121
533 122
529 123
530 124
522 125
523 126
528 127
517 128
511 129
507 130
507 131
506 132
505 133
505 134
503 135
496 136
497 137
493 138
484 139
478 140
466 141
447 142
447 143
449 144
441 145
443 146
445 147
443 148
440 149
441 150
442 151
431 152
427 153
427 154
425 155
403 156
394 157
388 158
389 159
395 160
395 161
387 162
377 163
375 164
364 165
326 166
333 167
319 168
274 169
232 170
226 171
250 172
183 173
183 174
217 175
195 176
153 177
184 178
156 179
56 180
159 181
35 182
224 183
66 184
33 185
77 186
77 187
26 188
63 189
55 190
60 191
97 192
76 193
106 194
19 195
44 196
23 197
22 198
50 199
50 200
17 201
71 202
7 203
13 204
16 205
16 206
42 207
50 208
19 209
48 210
55 211
35 212
41 213
49 214
100 215
27 216
43 217
53 218
15 219
27 220
27 221
20 222
95 223
52 224
41 225
41 226
48 227
47 228
48 229
49 230
54 231
45 232
40 233
35 234
45 235
58 236
59 237
45 238
57 239
50 240
55 241
47 242
37 243
39 244
43 245
36 246
42 247
37 248
34 249
36 250
34 251
34 252
43 253
57 254
69 255
59 256
56 257
48 258
53 259
56 260
48 261
51 262
54 263
49 264
52 265
55 266
47 267
131 268
172 269
261 270
304 271
363 272
373 273
415 274
446 275
481 276
495 277
487 278
483 279
535 280
541 281
554 282
560 283
561 284
575 285
568 286
582 287
591 288
605 289
600 290
624 291
647 292
662 293
666 294
665 295
687 296
675 297
692 298
774 299
824 300
819 301
822 302
823 303
811 304
813 305
817 306
820 307
822 308
807 309
799 310
800 311
800 312
803 313
797 314
801 315
804 316
799 317
801 318
800 319
800 320
811 321
802 322
808 323
808 324
802 325
802 326
805 327
808 328
794 329
797 330
794 331
788 332
789 333
797 334
797 335
791 336
784 337
779 338
773 339
771 340
767 341
768 342
777 343
765 344
765 345
756 346
746 347
751 348
745 349
744 350
747 351
738 352
737 353
742 354
743 355
740 356
738 357
736 358
742 359
738 360
736 361
741 362
745 363
741 364
739 365
727 366
720 367
717 368
711 369
708 370
709 371
708 372
707 373
702 374
707 375
702 376
702 377
703 378
700 379
702 380
700 381
699 382
696 383
694 384
689 385
688 386
687 387
687 388
687 389
679 390
679 391
675 392
664 393
665 394
667 395
666 396
672 397
672 398
667 399
663 400
662 401
659 402
657 403
659 404
658 405
656 406
658 407
654 408
651 409
653 410
655 411
655 412
654 413
653 414
653 415
650 416
651 417
648 418
648 419
653 420
652 421
655 422
657 423
658 424
659 425
660 426
661 427
657 428
655 429
656 430
660 431
656 432
655 433
654 434
654 435
655 436
657 437
656 438
656 439
657 440
656 441
651 442
653 443
655 444
659 445
658 446
657 447
660 448
655 449
655 450
655 451
654 452
656 453
661 454
660 455
662 456
665 457
665 458
664 459
668 460
670 461
667 462
671 463
676 464
672 465
675 466
679 467
681 468
676 469
677 470
679 471
679 472
676 473
673 474
672 475
672 476
669 477
671 478
670 479
667 480
666 481
665 482
670 483
665 484
662 485
662 486
663 487
663 488
661 489
661 490
656 491
658 492
659 493
659 494
663 495
659 496
660 497
657 498
652 499
654 500
659 501
657 502
654 503
654 504
655 505
655 506
655 507
656 508
660 509
658 510
656 511
652 512
647 513
647 514
649 515
646 516
647 517
647 518
648 519
648 520
647 521
646 522
649 523
647 524
647 525
645 526
643 527
647 528
648 529
647 530
644 531
644 532
643 533
642 534
645 535
646 536
644 537
647 538
647 539
646 540
643 541
643 542
643 543
649 544
642 545
643 546
644 547
640 548
642 549
643 550
645 551
645 552
643 553
640 554
641 555
642 556
643 557
643 558
642 559
644 560
642 561
640 562
640 563
640 564
642 565
642 566
645 567
641 568
641 569
646 570
644 571
645 572
642 573
642 574
644 575
642 576
640 577
643 578
648 579
645 580
643 581
641 582
644 583
645 584
645 585
649 586
649 587
644 588
650 589
644 590
643 591
647 592
646 593
648 594
648 595
643 596
641 597
644 598
646 599
649 600
650 601
646 602
644 603
647 604
645 605
646 606
646 607
648 608
651 609
649 610
648 611
645 612
645 613
645 614
646 615
649 616
643 617
645 618
648 619
650 620
648 621
648 622
650 623
650 624
645 625
648 626
651 627
652 628
651 629
647 630
650 631
647 632
647 633
652 634
654 635
660 636
661 637
660 638
653 639
660 640
660 641
661 642
670 643
668 644
665 645
664 646
664 647
660 648
670 649
677 650
671 651
670 652
670 653
670 654
669 655
673 656
666 657
665 658
671 659
666 660
663 661
658 662
661 663
656 664
661 665
664 666
663 667
665 668
671 669
669 670
664 671
664 672
659 673
660 674
660 675
658 676
660 677
660 678
658 679
658 680
663 681
661 682
657 683
656 684
657 685
657 686
660 687
654 688
659 689
659 690
658 691
659 692
656 693
656 694
654 695
658 696
654 697
654 698
656 699
656 700
655 701
652 702
655 703
659 704
648 705
646 706
650 707
651 708
646 709
641 710
649 711
646 712
643 713
643 714
644 715
642 716
640 717
641 718
641 719
