639 0
639 1
639 2
639 3
639 4
639 5
639 6
639 7
639 8
639 9
639 10
639 11
639 12
639 13
639 14
639 15
639 16
639 17
639 18
639 19
639 20
639 21
639 22
639 23
639 24
639 25
639 26
639 27
639 28
639 29
639 30
639 31
639 32
639 33
639 34
639 35
639 36
639 37
639 38
639 39
639 40
639 41
639 42
639 43
639 44
639 45
639 46
639 47
639 48
639 49
639 50
639 51
639 52
639 53
639 54
639 55
639 56
639 57
639 58
639 59
639 60
639 61
639 62
639 63
639 64
639 65
639 66
639 67
639 68
639 69
639 70
639 71
639 72
639 73
639 74
639 75
639 76
639 77
639 78
639 79
639 80
639 81
639 82
639 83
639 84
639 85
639 86
639 87
639 88
639 89
639 90
639 91
639 92
641 93
642 94
643 95
646 96
651 97
656 98
662 99
672 100
670 101
665 102
668 103
676 104
685 105
690 106
696 107
695 108
697 109
710 110
715 111
718 112
720 113
720 114
723 115
727 116
739 117
744 118
746 119
750 120
753 121
762 122
767 123
769 124
770 125
772 126
786 127
789 128
787 129
793 130
804 131
809 132
815 133
814 134
819 135
831 136
847 137
867 138
871 139
873 140
873 141
873 142
873 143
877 144
880 145
885 146
890 147
891 148
893 149
896 150
898 151
899 152
901 153
906 154
909 155
912 156
912 157
913 158
916 159
915 160
919 161
923 162
930 163
932 164
936 165
938 166
941 167
945 168
947 169
948 170
946 171
951 172
951 173
954 174
964 175
968 176
977 177
993 178
1004 179
1007 180
1009 181
1008 182
1012 183
1014 184
1013 185
1014 186
1017 187
1018 188
1022 189
1024 190
1025 191
1025 192
1039 193
1050 194
1055 195
1056 196
1053 197
1058 198
1066 199
1073 200
1090 201
1105 202
1107 203
1115 204
1122 205
1124 206
1129 207
1131 208
1138 209
1143 210
1151 211
1149 212
1149 213
1158 214
1167 215
1170 216
1177 217
1172 218
1173 219
1176 220
1176 221
1179 222
1185 223
1185 224
1191 225
1187 226
1193 227
1198 228
1202 229
1205 230
1209 231
1203 232
1218 233
1217 234
1221 235
1230 236
1226 237
1220 238
1233 239
1185 240
1225 241
1228 242
1230 243
1232 244
1264 245
1194 246
1115 247
1102 248
1181 249
1170 250
1199 253
1051 254
1013 255
980 256
964 257
859 258
859 259
1033 262
1256 263
1247 264
1264 265
1254 266
1169 267
1091 269
1079 277
1271 279
935 285
777 305
492 306
296 307
202 308
15 309
18 310
109 311
59 312
83 313
73 314
61 315
41 316
42 317
45 318
49 319
49 320
59 321
85 322
93 323
80 324
59 325
60 326
61 327
63 328
65 329
66 330
69 331
71 332
73 333
74 334
78 335
94 336
92 337
96 338
93 339
100 340
155 341
173 342
182 343
189 344
195 345
198 346
201 347
205 348
207 349
209 350
211 351
213 352
215 353
216 354
218 355
219 356
221 357
222 358
225 359
228 360
233 361
237 362
244 363
251 364
254 365
255 366
259 367
263 368
263 369
266 370
278 371
283 372
286 373
287 374
289 375
295 376
298 377
300 378
302 379
304 380
305 381
311 382
311 383
313 384
317 385
316 386
323 387
328 388
327 389
331 390
334 391
335 392
333 393
338 394
337 395
338 396
332 397
341 398
342 399
346 400
345 401
349 402
351 403
353 404
351 405
351 406
353 407
358 408
360 409
365 410
368 411
365 412
365 413
365 414
369 415
370 416
374 417
374 418
375 419
376 420
380 421
378 422
377 423
381 424
381 425
398 426
411 427
431 428
442 429
442 430
452 431
461 432
465 433
467 434
478 435
483 436
500 437
505 438
503 439
504 440
525 441
537 442
544 443
554 444
558 445
564 446
553 447
556 448
567 449
576 450
574 451
582 452
583 453
580 454
573 455
577 456
578 457
576 458
580 459
575 460
576 461
584 462
590 463
591 464
593 465
593 466
596 467
597 468
594 469
594 470
594 471
596 472
598 473
603 474
600 475
601 476
604 477
601 478
595 479
602 480
603 481
604 482
603 483
602 484
601 485
602 486
600 487
599 488
602 489
603 490
603 491
602 492
602 493
603 494
602 495
602 496
604 497
604 498
604 499
606 500
607 501
607 502
608 503
610 504
610 505
612 506
611 507
613 508
614 509
613 510
614 511
615 512
615 513
616 514
615 515
613 516
611 517
613 518
615 519
616 520
615 521
616 522
617 523
617 524
616 525
618 526
616 527
619 528
617 529
617 530
617 531
619 532
619 533
622 534
622 535
623 536
622 537
621 538
619 539
620 540
622 541
623 542
623 543
623 544
622 545
624 546
625 547
624 548
624 549
625 550
626 551
629 552
626 553
627 554
628 555
629 556
632 557
634 558
635 559
636 560
635 561
635 562
636 563
637 564
636 565
637 566
636 567
637 568
637 569
637 570
637 571
637 572
636 573
637 574
636 575
636 576
637 577
637 578
637 579
637 580
637 581
637 582
636 583
636 584
636 585
637 586
637 587
637 588
637 589
638 590
638 591
637 592
637 593
637 594
638 595
639 596
639 597
639 598
637 599
638 600
638 601
637 602
638 603
638 604
638 605
638 606
638 607
638 608
637 609
637 610
637 611
638 612
638 613
638 614
637 615
637 616
638 617
638 618
638 619
638 620
638 621
637 622
634 623
635 624
635 625
634 626
634 627
635 628
636 629
636 630
635 631
636 632
636 633
637 634
638 635
637 636
637 637
637 638
637 639
636 640
635 641
635 642
636 643
634 644
637 645
637 646
635 647
636 648
635 649
635 650
634 651
632 652
633 653
636 654
633 655
632 656
630 657
632 658
631 659
630 660
630 661
631 662
626 663
625 664
628 665
629 666
626 667
627 668
627 669
625 670
623 671
621 672
624 673
626 674
622 675
620 676
622 677
623 678
620 679
621 680
621 681
622 682
621 683
622 684
619 685
621 686
620 687
619 688
615 689
618 690
621 691
616 692
606 693
614 694
619 695
618 696
620 697
614 698
609 699
604 700
615 701
618 702
611 703
607 704
607 705
600 706
606 707
610 708
607 709
606 710
597 711
592 712
599 713
605 714
603 715
596 716
600 717
606 718
606 719
