639 0
639 1
639 2
639 3
639 4
639 5
639 6
639 7
639 8
639 9
639 10
639 11
639 12
639 13
639 14
639 15
639 16
639 17
639 18
639 19
639 20
639 21
639 22
639 23
639 24
639 25
639 26
639 27
639 28
639 29
639 30
639 31
639 32
639 33
639 34
639 35
639 36
639 37
639 38
639 39
639 40
639 41
639 42
639 43
639 44
639 45
639 46
639 47
639 48
639 49
639 50
637 51
636 52
636 53
632 54
630 55
630 56
629 57
630 58
628 59
623 60
618 61
613 62
614 63
612 64
612 65
602 66
591 67
588 68
592 69
591 70
585 71
584 72
575 73
570 74
565 75
558 76
550 77
555 78
556 79
542 80
534 81
532 82
532 83
535 84
529 85
527 86
527 87
520 88
513 89
508 90
506 91
495 92
495 93
493 94
487 95
473 96
449 97
441 98
438 99
442 100
440 101
433 102
439 103
431 104
425 105
426 106
421 107
416 108
416 109
411 110
407 111
409 112
406 113
411 114
401 115
393 116
392 117
389 118
398 119
395 120
398 121
398 122
385 123
379 124
375 125
371 126
377 127
376 128
367 129
366 130
362 131
360 132
362 133
357 134
354 135
349 136
344 137
338 138
337 139
329 140
328 141
309 142
308 143
307 144
304 145
297 146
297 147
298 148
294 149
289 150
290 151
287 152
280 153
276 154
278 155
274 156
270 157
258 158
259 159
258 160
249 161
249 162
251 163
244 164
238 165
232 166
227 167
211 168
203 169
200 170
186 171
194 172
190 173
189 174
190 175
189 176
179 177
177 178
180 179
176 180
170 181
171 182
169 183
173 184
154 185
150 186
148 187
148 188
152 189
134 190
155 191
153 192
126 193
119 194
119 195
122 196
119 197
119 198
113 199
122 200
104 201
96 202
89 203
101 204
110 205
92 206
116 207
101 208
86 209
70 210
77 211
87 212
94 213
84 214
87 215
79 216
67 217
78 218
95 219
102 220
99 221
73 222
118 223
91 224
46 225
88 226
87 227
94 228
100 229
98 230
142 231
96 232
72 233
93 234
103 235
93 236
115 237
160 238
178 239
144 240
125 241
86 242
90 243
158 244
178 245
113 246
215 247
235 248
227 249
238 250
189 251
185 252
225 253
161 254
154 255
191 256
138 257
90 258
276 259
308 260
270 261
361 262
366 263
285 264
593 265
508 266
386 267
349 268
678 269
969 270
866 271
1153 272
1260 273
1242 274
1145 275
1134 276
1058 277
1152 278
1173 279
1106 280
1147 281
1158 282
1200 283
1213 284
1207 285
1194 286
1206 287
1178 288
1199 289
1221 290
1202 291
1181 292
1189 293
1207 294
1196 295
1206 296
1206 297
1192 298
1178 299
1130 300
1123 301
1107 302
1092 303
1082 304
1078 305
1076 306
1069 307
1058 308
1052 309
1049 310
1050 311
1046 312
1049 313
1045 314
1043 315
1041 316
1041 317
1039 318
1024 319
1016 320
1021 321
1018 322
1016 323
1006 324
1005 325
1003 326
1003 327
1008 328
1011 329
1004 330
1001 331
1003 332
1004 333
1004 334
1002 335
994 336
991 337
989 338
983 339
981 340
979 341
980 342
978 343
977 344
978 345
979 346
981 347
981 348
979 349
976 350
974 351
972 352
972 353
971 354
969 355
970 356
968 357
965 358
960 359
966 360
965 361
964 362
963 363
963 364
964 365
964 366
936 367
928 368
916 369
912 370
907 371
900 372
897 373
895 374
897 375
884 376
878 377
876 378
866 379
856 380
847 381
844 382
836 383
824 384
816 385
806 386
794 387
779 388
768 389
763 390
761 391
756 392
749 393
740 394
731 395
725 396
720 397
718 398
711 399
704 400
696 401
691 402
686 403
683 404
676 405
674 406
667 407
667 408
658 409
650 410
648 411
642 412
642 413
640 414
631 415
630 416
630 417
628 418
627 419
627 420
628 421
628 422
629 423
633 424
629 425
629 426
630 427
632 428
630 429
630 430
632 431
631 432
631 433
632 434
631 435
630 436
630 437
631 438
631 439
631 440
630 441
630 442
630 443
630 444
631 445
630 446
631 447
630 448
629 449
628 450
627 451
626 452
626 453
626 454
625 455
625 456
625 457
625 458
625 459
625 460
625 461
625 462
625 463
624 464
623 465
623 466
623 467
624 468
623 469
623 470
625 471
624 472
624 473
624 474
624 475
624 476
624 477
624 478
624 479
623 480
624 481
624 482
624 483
624 484
624 485
624 486
625 487
625 488
625 489
624 490
625 491
626 492
626 493
625 494
626 495
626 496
625 497
625 498
624 499
625 500
626 501
626 502
625 503
626 504
625 505
625 506
625 507
625 508
625 509
626 510
626 511
625 512
626 513
626 514
626 515
626 516
627 517
627 518
627 519
629 520
628 521
628 522
628 523
628 524
630 525
630 526
631 527
630 528
631 529
631 530
632 531
633 532
634 533
633 534
634 535
634 536
634 537
633 538
633 539
634 540
635 541
635 542
635 543
635 544
635 545
636 546
636 547
635 548
635 549
636 550
636 551
636 552
637 553
638 554
638 555
639 556
639 557
639 558
639 559
638 560
638 561
639 562
640 563
639 564
640 565
639 566
639 567
640 568
640 569
640 570
640 571
640 572
640 573
639 574
640 575
638 576
639 577
638 578
638 579
639 580
639 581
638 582
638 583
638 584
638 585
638 586
638 587
638 588
638 589
638 590
640 591
639 592
639 593
639 594
639 595
639 596
639 597
639 598
640 599
639 600
640 601
640 602
639 603
639 604
642 605
641 606
641 607
641 608
640 609
641 610
640 611
639 612
639 613
640 614
639 615
640 616
640 617
638 618
638 619
638 620
639 621
638 622
639 623
641 624
639 625
639 626
640 627
640 628
639 629
639 630
641 631
643 632
639 633
639 634
641 635
639 636
639 637
637 638
636 639
638 640
635 641
638 642
638 643
637 644
637 645
637 646
638 647
636 648
637 649
637 650
636 651
640 652
637 653
635 654
639 655
638 656
637 657
635 658
634 659
635 660
634 661
638 662
637 663
636 664
634 665
634 666
633 667
633 668
633 669
635 670
639 671
636 672
635 673
635 674
632 675
631 676
633 677
628 678
638 679
633 680
635 681
642 682
636 683
636 684
640 685
637 686
646 687
644 688
639 689
635 690
638 691
636 692
637 693
643 694
636 695
634 696
629 697
636 698
645 699
638 700
636 701
637 702
638 703
647 704
643 705
643 706
641 707
639 708
641 709
641 710
640 711
641 712
644 713
637 714
635 715
640 716
634 717
645 718
638 719
