748 0
755 1
762 2
766 3
768 4
764 5
763 6
767 7
767 8
768 9
766 10
767 11
769 12
769 13
768 14
765 15
765 16
768 17
771 18
770 19
771 20
770 21
774 22
769 23
767 24
771 25
769 26
769 27
769 28
770 29
771 30
761 31
771 32
764 33
767 34
774 35
770 36
777 37
776 38
768 39
765 40
763 41
762 42
763 43
769 44
770 45
768 46
769 47
771 48
763 49
762 50
766 51
763 52
767 53
774 54
768 55
766 56
761 57
759 58
754 59
748 60
741 61
739 62
740 63
727 64
735 65
727 66
719 67
720 68
712 69
710 70
716 71
704 72
701 73
693 74
693 75
681 76
683 77
682 78
688 79
677 80
681 81
673 82
669 83
662 84
666 85
662 86
665 87
664 88
671 89
657 90
647 91
662 92
654 93
638 94
639 95
622 96
602 97
596 98
604 99
581 100
584 101
589 102
586 103
587 104
580 105
571 106
576 107
569 108
568 109
560 110
561 111
563 112
557 113
559 114
558 115
551 116
556 117
551 118
555 119
570 120
573 121
560 122
530 123
528 124
539 125
530 126
537 127
540 128
524 129
524 130
528 131
515 132
516 133
512 134
512 135
507 136
506 137
502 138
492 139
472 140
466 141
460 142
462 143
454 144
449 145
450 146
443 147
446 148
445 149
449 150
451 151
433 152
433 153
435 154
417 155
403 156
387 157
375 158
360 159
371 160
376 161
376 162
374 163
358 164
326 165
297 166
318 167
296 168
209 169
158 170
166 171
144 172
80 173
84 174
126 175
82 176
118 177
169 178
102 179
93 180
106 181
39 182
62 183
134 184
26 185
25 186
22 187
39 188
45 189
44 190
57 191
57 192
35 193
28 194
27 195
45 196
47 197
36 198
35 199
43 200
88 201
77 202
36 203
39 204
45 205
55 206
89 207
81 208
42 209
67 210
67 211
61 212
58 213
41 214
42 215
44 216
44 217
51 218
40 219
69 220
66 221
56 222
61 223
59 224
54 225
52 226
49 227
54 228
61 229
65 230
62 231
63 232
56 233
58 234
53 235
57 236
54 237
47 238
47 239
50 240
52 241
50 242
50 243
52 244
55 245
52 246
53 247
53 248
53 249
54 250
55 251
66 252
69 253
69 254
65 255
56 256
62 257
61 258
60 259
57 260
60 261
62 262
59 263
59 264
69 265
71 266
109 267
195 268
223 269
239 270
284 271
338 272
342 273
382 274
410 275
421 276
438 277
456 278
480 279
506 280
488 281
498 282
505 283
514 284
522 285
529 286
533 287
548 288
568 289
573 290
571 291
594 292
617 293
616 294
619 295
630 296
634 297
672 298
762 299
771 300
779 301
759 302
764 303
769 304
764 305
767 306
769 307
767 308
773 309
771 310
777 311
767 312
777 313
773 314
778 315
773 316
777 317
783 318
785 319
789 320
773 321
764 322
777 323
783 324
780 325
777 326
780 327
775 328
778 329
766 330
766 331
763 332
753 333
753 334
765 335
759 336
743 337
739 338
734 339
737 340
748 341
739 342
736 343
731 344
731 345
731 346
729 347
730 348
734 349
734 350
730 351
732 352
731 353
732 354
734 355
739 356
733 357
732 358
734 359
735 360
734 361
736 362
740 363
741 364
739 365
715 366
708 367
710 368
706 369
707 370
709 371
707 372
704 373
703 374
704 375
704 376
706 377
704 378
701 379
696 380
693 381
692 382
684 383
681 384
679 385
674 386
668 387
665 388
664 389
664 390
666 391
661 392
660 393
661 394
661 395
659 396
660 397
662 398
665 399
660 400
657 401
657 402
655 403
657 404
659 405
658 406
656 407
656 408
652 409
650 410
651 411
652 412
651 413
652 414
654 415
649 416
650 417
652 418
658 419
660 420
660 421
656 422
655 423
656 424
658 425
660 426
656 427
655 428
653 429
654 430
654 431
652 432
653 433
655 434
656 435
654 436
653 437
655 438
657 439
655 440
652 441
654 442
654 443
655 444
655 445
655 446
658 447
658 448
655 449
660 450
657 451
661 452
665 453
663 454
667 455
670 456
669 457
669 458
669 459
668 460
670 461
667 462
667 463
672 464
667 465
665 466
671 467
675 468
673 469
671 470
674 471
671 472
670 473
669 474
670 475
672 476
667 477
661 478
665 479
663 480
660 481
660 482
655 483
656 484
658 485
663 486
665 487
659 488
654 489
657 490
662 491
662 492
657 493
655 494
654 495
653 496
654 497
655 498
659 499
656 500
654 501
658 502
659 503
655 504
651 505
653 506
652 507
650 508
651 509
651 510
649 511
648 512
650 513
651 514
648 515
651 516
649 517
649 518
650 519
648 520
649 521
651 522
651 523
650 524
648 525
649 526
650 527
650 528
651 529
651 530
650 531
650 532
650 533
648 534
650 535
649 536
647 537
650 538
651 539
649 540
649 541
648 542
645 543
649 544
646 545
645 546
645 547
646 548
644 549
645 550
647 551
647 552
645 553
643 554
644 555
646 556
645 557
644 558
645 559
647 560
645 561
642 562
642 563
641 564
643 565
643 566
647 567
645 568
644 569
646 570
644 571
643 572
644 573
642 574
644 575
650 576
644 577
646 578
645 579
643 580
645 581
644 582
650 583
650 584
645 585
645 586
646 587
644 588
647 589
646 590
648 591
649 592
649 593
648 594
649 595
647 596
645 597
649 598
649 599
648 600
648 601
647 602
648 603
650 604
648 605
647 606
649 607
649 608
651 609
650 610
645 611
647 612
651 613
653 614
651 615
650 616
649 617
652 618
649 619
654 620
653 621
650 622
651 623
653 624
652 625
651 626
651 627
653 628
652 629
655 630
654 631
655 632
658 633
664 634
666 635
659 636
659 637
658 638
660 639
664 640
664 641
668 642
666 643
667 644
667 645
667 646
662 647
668 648
673 649
670 650
675 651
679 652
668 653
664 654
671 655
675 656
674 657
666 658
666 659
664 660
666 661
663 662
662 663
671 664
664 665
663 666
662 667
665 668
668 669
666 670
669 671
664 672
667 673
674 674
670 675
661 676
658 677
657 678
661 679
655 680
660 681
663 682
668 683
662 684
661 685
664 686
665 687
661 688
658 689
660 690
664 691
659 692
659 693
655 694
659 695
656 696
651 697
656 698
659 699
655 700
653 701
655 702
652 703
652 704
650 705
653 706
651 707
649 708
642 709
643 710
645 711
644 712
642 713
643 714
642 715
642 716
643 717
643 718
644 719
