639 0
639 1
639 2
639 3
639 4
639 5
639 6
639 7
639 8
639 9
639 10
639 11
639 12
639 13
639 14
639 15
639 16
639 17
639 18
639 19
639 20
639 21
639 22
639 23
639 24
639 25
639 26
639 27
639 28
639 29
639 30
639 31
639 32
639 33
639 34
639 35
639 36
639 37
639 38
639 39
639 40
639 41
639 42
639 43
639 44
639 45
639 46
639 47
639 48
639 49
639 50
637 51
636 52
634 53
630 54
630 55
632 56
634 57
632 58
629 59
621 60
617 61
613 62
613 63
612 64
610 65
607 66
595 67
585 68
587 69
591 70
590 71
582 72
581 73
569 74
563 75
558 76
552 77
551 78
547 79
546 80
537 81
537 82
531 83
533 84
532 85
523 86
520 87
516 88
511 89
507 90
509 91
505 92
496 93
489 94
490 95
477 96
447 97
447 98
445 99
437 100
429 101
428 102
437 103
434 104
422 105
421 106
418 107
417 108
414 109
408 110
408 111
405 112
411 113
413 114
404 115
398 116
394 117
395 118
401 119
407 120
406 121
396 122
383 123
376 124
371 125
371 126
372 127
374 128
371 129
366 130
358 131
357 132
360 133
358 134
357 135
349 136
348 137
338 138
332 139
328 140
327 141
312 142
305 143
313 144
302 145
302 146
299 147
295 148
295 149
289 150
290 151
288 152
285 153
277 154
278 155
277 156
260 157
257 158
261 159
250 160
250 161
255 162
250 163
245 164
236 165
230 166
216 167
220 168
206 169
196 170
182 171
183 172
178 173
181 174
189 175
168 176
168 177
177 178
179 179
188 180
174 181
161 182
164 183
171 184
166 185
153 186
135 187
128 188
132 189
137 190
144 191
127 192
121 193
128 194
120 195
125 196
127 197
129 198
129 199
125 200
127 201
96 202
91 203
90 204
97 205
92 206
108 207
83 208
82 209
95 210
87 211
98 212
93 213
98 214
109 215
105 216
75 217
86 218
95 219
79 220
119 221
92 222
100 223
142 224
109 225
93 226
102 227
138 228
149 229
112 230
101 231
151 232
137 233
156 234
52 235
65 236
311 237
255 238
214 239
176 240
196 241
181 242
214 243
236 244
200 245
345 246
198 247
144 248
198 249
165 250
150 251
199 252
145 253
106 254
117 255
145 256
152 257
194 258
212 259
176 260
296 261
334 262
168 263
112 264
145 265
343 266
216 267
65 268
677 269
742 270
908 271
1079 272
1170 273
1176 274
1216 275
1219 276
1184 277
1215 278
1131 279
1195 280
1196 281
1188 282
1134 283
1118 284
1189 285
1189 286
1091 287
1096 288
1129 289
1154 290
1192 291
1192 292
1185 293
1176 294
1165 295
1201 296
1207 297
1190 298
1160 299
1110 300
1104 301
1100 302
1092 303
1083 304
1080 305
1062 306
1051 307
1045 308
1045 309
1034 310
1031 311
1032 312
1035 313
1030 314
1026 315
1026 316
1025 317
1020 318
1018 319
1015 320
1006 321
1003 322
995 323
984 324
991 325
997 326
992 327
987 328
985 329
981 330
980 331
977 332
979 333
978 334
980 335
979 336
979 337
979 338
981 339
977 340
976 341
977 342
975 343
971 344
970 345
969 346
971 347
969 348
971 349
972 350
971 351
962 352
965 353
964 354
961 355
960 356
964 357
962 358
954 359
956 360
951 361
955 362
954 363
954 364
954 365
953 366
943 367
939 368
941 369
934 370
921 371
917 372
911 373
900 374
895 375
893 376
884 377
882 378
874 379
871 380
863 381
855 382
847 383
836 384
826 385
812 386
798 387
787 388
776 389
770 390
768 391
765 392
752 393
746 394
737 395
734 396
722 397
719 398
715 399
705 400
703 401
698 402
693 403
685 404
681 405
677 406
672 407
665 408
663 409
659 410
649 411
647 412
644 413
642 414
638 415
634 416
633 417
633 418
635 419
635 420
635 421
634 422
636 423
638 424
639 425
635 426
634 427
634 428
633 429
634 430
634 431
634 432
633 433
632 434
632 435
632 436
633 437
632 438
632 439
630 440
629 441
628 442
628 443
627 444
627 445
627 446
627 447
627 448
625 449
626 450
626 451
625 452
626 453
626 454
626 455
626 456
624 457
625 458
624 459
624 460
625 461
625 462
625 463
625 464
625 465
625 466
625 467
625 468
625 469
625 470
625 471
626 472
626 473
627 474
626 475
627 476
627 477
627 478
628 479
627 480
627 481
627 482
627 483
627 484
627 485
627 486
627 487
627 488
627 489
627 490
627 491
627 492
627 493
627 494
627 495
628 496
628 497
627 498
627 499
627 500
628 501
628 502
628 503
628 504
628 505
628 506
628 507
628 508
629 509
629 510
630 511
631 512
631 513
632 514
632 515
632 516
632 517
632 518
632 519
633 520
633 521
634 522
634 523
634 524
635 525
635 526
635 527
635 528
635 529
634 530
635 531
635 532
634 533
635 534
635 535
637 536
636 537
636 538
636 539
636 540
636 541
636 542
636 543
637 544
637 545
637 546
638 547
639 548
639 549
638 550
638 551
639 552
638 553
639 554
639 555
639 556
639 557
639 558
639 559
639 560
640 561
639 562
639 563
640 564
640 565
640 566
639 567
640 568
640 569
640 570
640 571
640 572
640 573
639 574
639 575
639 576
639 577
639 578
639 579
639 580
639 581
639 582
639 583
639 584
639 585
640 586
639 587
639 588
639 589
639 590
640 591
639 592
639 593
639 594
641 595
639 596
640 597
639 598
639 599
640 600
639 601
639 602
639 603
639 604
639 605
639 606
640 607
639 608
640 609
639 610
639 611
638 612
639 613
638 614
640 615
642 616
641 617
639 618
638 619
638 620
638 621
637 622
640 623
639 624
637 625
638 626
639 627
639 628
637 629
637 630
636 631
637 632
637 633
637 634
636 635
637 636
638 637
638 638
638 639
638 640
635 641
637 642
635 643
637 644
639 645
640 646
639 647
639 648
636 649
637 650
637 651
636 652
635 653
635 654
635 655
640 656
634 657
633 658
636 659
635 660
637 661
633 662
643 663
643 664
636 665
638 666
641 667
644 668
642 669
644 670
646 671
641 672
635 673
640 674
647 675
641 676
641 677
645 678
643 679
645 680
636 681
634 682
635 683
639 684
644 685
643 686
646 687
640 688
635 689
641 690
643 691
637 692
634 693
638 694
637 695
640 696
636 697
634 698
635 699
639 700
640 701
642 702
642 703
638 704
641 705
647 706
641 707
642 708
642 709
630 710
636 711
645 712
641 713
638 714
635 715
644 716
639 717
647 718
644 719
