639 0
639 1
639 2
639 3
639 4
639 5
639 6
639 7
639 8
639 9
639 10
639 11
639 12
639 13
639 14
639 15
639 16
639 17
639 18
639 19
639 20
639 21
639 22
639 23
639 24
639 25
639 26
639 27
639 28
639 29
639 30
639 31
639 32
639 33
639 34
639 35
639 36
639 37
639 38
639 39
639 40
639 41
639 42
639 43
639 44
639 45
639 46
639 47
639 48
639 49
639 50
639 51
636 52
631 53
633 54
627 55
629 56
631 57
634 58
631 59
624 60
616 61
617 62
614 63
613 64
616 65
607 66
597 67
590 68
586 69
589 70
588 71
580 72
580 73
573 74
560 75
555 76
555 77
552 78
550 79
544 80
539 81
537 82
533 83
530 84
526 85
518 86
524 87
518 88
502 89
497 90
492 91
504 92
503 93
494 94
491 95
469 96
445 97
441 98
444 99
447 100
432 101
429 102
431 103
425 104
429 105
426 106
421 107
412 108
413 109
405 110
406 111
418 112
410 113
402 114
405 115
405 116
398 117
393 118
404 119
408 120
399 121
392 122
384 123
377 124
376 125
373 126
384 127
376 128
369 129
365 130
366 131
364 132
359 133
359 134
362 135
352 136
346 137
337 138
343 139
336 140
325 141
315 142
309 143
307 144
301 145
296 146
302 147
297 148
295 149
293 150
294 151
288 152
279 153
279 154
284 155
279 156
273 157
264 158
264 159
257 160
247 161
249 162
245 163
241 164
231 165
214 166
202 167
211 168
207 169
201 170
183 171
181 172
177 173
175 174
180 175
178 176
181 177
179 178
173 179
178 180
177 181
161 182
165 183
162 184
157 185
151 186
145 187
146 188
146 189
132 190
142 191
132 192
120 193
115 194
117 195
117 196
121 197
121 198
128 199
111 200
113 201
101 202
100 203
115 204
110 205
100 206
101 207
77 208
64 209
65 210
82 211
93 212
103 213
91 214
101 215
114 216
86 217
61 218
81 219
79 220
83 221
77 222
109 223
102 224
87 225
141 226
115 227
109 228
109 229
85 230
84 231
88 232
72 233
91 234
92 235
73 236
79 237
87 238
75 239
76 240
91 241
99 242
56 243
58 244
109 245
104 246
106 247
93 248
55 249
59 250
211 251
363 252
186 253
156 254
223 255
75 256
182 257
269 258
163 259
207 260
307 261
308 262
175 263
378 264
622 265
365 266
343 267
809 268
897 269
989 270
841 271
1147 272
1202 273
1229 274
1181 275
1168 276
1210 277
1248 278
1176 279
1110 280
1163 281
1225 282
1224 283
1225 284
1237 285
1195 286
1183 287
1233 288
1205 289
1193 290
1180 291
1165 292
1185 293
1188 294
1187 295
1210 296
1206 297
1198 298
1177 299
1130 300
1122 301
1114 302
1109 303
1102 304
1098 305
1096 306
1092 307
1089 308
1088 309
1083 310
1078 311
1079 312
1072 313
1071 314
1072 315
1065 316
1056 317
1052 318
1052 319
1057 320
1053 321
1053 322
1049 323
1047 324
1046 325
1042 326
1039 327
1042 328
1038 329
1033 330
1033 331
1036 332
1037 333
1027 334
1021 335
1010 336
1005 337
1002 338
996 339
992 340
989 341
992 342
994 343
998 344
993 345
1001 346
996 347
991 348
992 349
993 350
988 351
984 352
983 353
985 354
983 355
983 356
984 357
978 358
976 359
978 360
979 361
975 362
973 363
975 364
975 365
968 366
932 367
921 368
912 369
907 370
900 371
891 372
886 373
881 374
874 375
872 376
871 377
866 378
861 379
852 380
851 381
849 382
841 383
833 384
824 385
809 386
793 387
782 388
771 389
765 390
759 391
750 392
745 393
734 394
731 395
725 396
719 397
715 398
710 399
702 400
698 401
694 402
688 403
682 404
674 405
672 406
669 407
663 408
662 409
655 410
648 411
648 412
642 413
639 414
631 415
634 416
630 417
630 418
629 419
630 420
630 421
629 422
627 423
627 424
626 425
628 426
628 427
628 428
632 429
629 430
632 431
629 432
629 433
630 434
630 435
631 436
631 437
631 438
633 439
633 440
633 441
633 442
632 443
633 444
633 445
633 446
636 447
635 448
634 449
634 450
634 451
635 452
635 453
635 454
636 455
635 456
634 457
634 458
634 459
634 460
633 461
633 462
633 463
634 464
633 465
632 466
632 467
632 468
632 469
632 470
632 471
632 472
631 473
631 474
630 475
630 476
630 477
629 478
629 479
629 480
629 481
628 482
629 483
629 484
628 485
628 486
628 487
628 488
629 489
628 490
628 491
628 492
627 493
627 494
627 495
627 496
628 497
626 498
627 499
627 500
627 501
627 502
626 503
627 504
628 505
628 506
627 507
627 508
627 509
627 510
628 511
626 512
627 513
627 514
628 515
628 516
628 517
628 518
628 519
629 520
629 521
628 522
628 523
628 524
629 525
628 526
630 527
630 528
631 529
631 530
630 531
630 532
630 533
630 534
632 535
633 536
634 537
634 538
636 539
637 540
636 541
637 542
637 543
637 544
637 545
638 546
638 547
638 548
638 549
639 550
638 551
639 552
638 553
638 554
638 555
639 556
638 557
639 558
638 559
639 560
638 561
638 562
638 563
638 564
638 565
639 566
638 567
638 568
638 569
638 570
638 571
638 572
638 573
638 574
638 575
639 576
638 577
638 578
638 579
639 580
639 581
638 582
639 583
640 584
638 585
639 586
638 587
638 588
638 589
638 590
638 591
638 592
639 593
638 594
638 595
638 596
639 597
638 598
639 599
639 600
639 601
639 602
639 603
639 604
639 605
639 606
638 607
638 608
639 609
639 610
639 611
639 612
638 613
638 614
641 615
638 616
638 617
637 618
637 619
637 620
637 621
636 622
638 623
636 624
636 625
636 626
637 627
636 628
637 629
636 630
639 631
637 632
635 633
636 634
636 635
637 636
639 637
637 638
639 639
636 640
638 641
639 642
638 643
637 644
636 645
636 646
640 647
641 648
638 649
638 650
637 651
638 652
639 653
637 654
638 655
640 656
638 657
638 658
638 659
637 660
641 661
638 662
638 663
640 664
636 665
632 666
632 667
636 668
636 669
633 670
639 671
642 672
635 673
633 674
636 675
633 676
630 677
634 678
634 679
635 680
630 681
638 682
638 683
643 684
644 685
637 686
640 687
635 688
631 689
635 690
644 691
642 692
639 693
634 694
632 695
637 696
632 697
638 698
635 699
633 700
639 701
629 702
634 703
632 704
629 705
638 706
638 707
635 708
629 709
634 710
641 711
640 712
637 713
639 714
640 715
639 716
637 717
646 718
643 719
