639 0
639 1
639 2
639 3
639 4
639 5
639 6
639 7
639 8
639 9
639 10
639 11
639 12
639 13
639 14
639 15
639 16
639 17
639 18
639 19
639 20
639 21
639 22
639 23
639 24
639 25
639 26
639 27
639 28
639 29
639 30
639 31
639 32
639 33
639 34
639 35
639 36
639 37
639 38
639 39
639 40
639 41
639 42
639 43
639 44
639 45
639 46
639 47
639 48
639 49
638 50
637 51
636 52
631 53
633 54
633 55
629 56
630 57
628 58
624 59
616 60
612 61
602 62
608 63
612 64
608 65
603 66
595 67
592 68
583 69
586 70
588 71
578 72
577 73
568 74
562 75
559 76
553 77
549 78
549 79
544 80
538 81
533 82
528 83
528 84
526 85
518 86
514 87
513 88
503 89
494 90
494 91
497 92
492 93
486 94
477 95
456 96
438 97
443 98
442 99
439 100
438 101
431 102
429 103
426 104
423 105
422 106
422 107
416 108
409 109
408 110
413 111
410 112
406 113
405 114
399 115
398 116
392 117
391 118
394 119
394 120
393 121
389 122
378 123
376 124
372 125
365 126
368 127
371 128
361 129
359 130
360 131
355 132
353 133
355 134
351 135
346 136
343 137
340 138
336 139
320 140
310 141
308 142
299 143
297 144
293 145
295 146
293 147
289 148
286 149
284 150
287 151
284 152
282 153
280 154
279 155
265 156
262 157
257 158
262 159
252 160
253 161
254 162
247 163
240 164
236 165
225 166
209 167
213 168
202 169
199 170
193 171
197 172
190 173
176 174
173 175
200 176
176 177
169 178
177 179
196 180
179 181
174 182
186 183
184 184
167 185
166 186
176 187
185 188
177 189
163 190
171 191
167 192
140 193
141 194
125 195
121 196
124 197
111 198
127 199
121 200
102 201
101 202
95 203
104 204
103 205
92 206
107 207
125 208
110 209
99 210
102 211
109 212
119 213
110 214
130 215
109 216
104 217
130 218
153 219
169 220
99 221
68 222
96 223
139 224
115 225
109 226
147 227
158 228
147 229
169 230
155 231
141 232
164 233
220 234
220 235
201 236
82 237
85 238
164 239
157 240
171 241
194 242
117 243
115 244
136 245
225 246
158 247
217 248
191 249
87 250
318 251
324 252
194 253
240 254
278 255
413 256
349 257
547 258
496 259
497 260
564 261
526 262
525 263
472 264
459 265
546 266
559 267
604 268
699 269
714 270
746 271
749 272
820 273
853 274
855 275
872 276
862 277
879 278
865 279
884 280
872 281
893 282
899 283
867 284
889 285
893 286
876 287
878 288
883 289
893 290
880 291
889 292
902 293
914 294
910 295
928 296
929 297
931 298
947 299
969 300
967 301
958 302
958 303
958 304
954 305
953 306
960 307
958 308
950 309
954 310
967 311
951 312
964 313
960 314
955 315
954 316
957 317
956 318
952 319
946 320
955 321
952 322
941 323
938 324
924 325
916 326
913 327
911 328
905 329
902 330
903 331
904 332
902 333
902 334
902 335
900 336
899 337
900 338
899 339
898 340
900 341
903 342
906 343
907 344
910 345
907 346
906 347
906 348
907 349
906 350
909 351
902 352
899 353
896 354
897 355
899 356
901 357
901 358
899 359
901 360
900 361
902 362
900 363
899 364
897 365
896 366
894 367
897 368
897 369
898 370
895 371
893 372
890 373
891 374
890 375
887 376
889 377
883 378
869 379
867 380
863 381
858 382
851 383
840 384
830 385
820 386
805 387
794 388
787 389
781 390
779 391
774 392
762 393
756 394
758 395
747 396
745 397
740 398
732 399
723 400
718 401
713 402
706 403
703 404
700 405
692 406
687 407
680 408
672 409
668 410
665 411
660 412
653 413
652 414
648 415
645 416
642 417
642 418
639 419
641 420
642 421
642 422
643 423
644 424
644 425
644 426
643 427
642 428
642 429
642 430
643 431
643 432
644 433
645 434
643 435
642 436
644 437
643 438
644 439
645 440
644 441
643 442
643 443
642 444
643 445
642 446
642 447
641 448
640 449
640 450
639 451
638 452
638 453
637 454
638 455
638 456
637 457
637 458
637 459
637 460
637 461
638 462
638 463
638 464
638 465
638 466
638 467
636 468
636 469
636 470
636 471
636 472
636 473
637 474
637 475
636 476
637 477
638 478
639 479
638 480
638 481
639 482
638 483
639 484
639 485
639 486
639 487
639 488
638 489
640 490
641 491
641 492
641 493
641 494
640 495
641 496
640 497
640 498
640 499
640 500
640 501
640 502
639 503
640 504
640 505
640 506
640 507
639 508
639 509
640 510
640 511
640 512
640 513
639 514
639 515
640 516
640 517
638 518
638 519
638 520
638 521
638 522
638 523
638 524
638 525
638 526
638 527
638 528
638 529
638 530
638 531
638 532
638 533
638 534
638 535
639 536
639 537
639 538
639 539
638 540
638 541
639 542
639 543
638 544
638 545
638 546
638 547
638 548
639 549
639 550
639 551
639 552
639 553
639 554
639 555
639 556
639 557
639 558
640 559
639 560
639 561
639 562
639 563
639 564
639 565
639 566
639 567
639 568
639 569
639 570
639 571
639 572
639 573
639 574
639 575
639 576
639 577
640 578
640 579
640 580
640 581
640 582
640 583
640 584
640 585
640 586
640 587
640 588
640 589
640 590
641 591
642 592
642 593
642 594
641 595
641 596
642 597
642 598
642 599
644 600
641 601
641 602
640 603
640 604
640 605
640 606
641 607
641 608
641 609
640 610
640 611
640 612
640 613
640 614
640 615
640 616
641 617
639 618
639 619
639 620
639 621
639 622
639 623
640 624
639 625
639 626
640 627
640 628
639 629
639 630
640 631
639 632
638 633
638 634
639 635
640 636
640 637
639 638
639 639
643 640
639 641
639 642
639 643
638 644
639 645
638 646
641 647
641 648
638 649
639 650
639 651
642 652
640 653
639 654
643 655
645 656
641 657
641 658
641 659
641 660
640 661
641 662
644 663
645 664
644 665
643 666
641 667
639 668
645 669
642 670
644 671
643 672
639 673
640 674
641 675
644 676
643 677
640 678
645 679
643 680
644 681
646 682
643 683
642 684
648 685
650 686
650 687
656 688
650 689
650 690
651 691
649 692
654 693
650 694
652 695
655 696
649 697
647 698
647 699
651 700
656 701
651 702
654 703
652 704
650 705
655 706
648 707
649 708
646 709
645 710
652 711
643 712
643 713
643 714
655 715
650 716
646 717
649 718
648 719
