761 0
762 1
769 2
767 3
773 4
768 5
770 6
773 7
771 8
774 9
770 10
772 11
774 12
775 13
773 14
769 15
770 16
778 17
779 18
778 19
778 20
779 21
779 22
781 23
776 24
779 25
781 26
784 27
781 28
779 29
782 30
775 31
778 32
785 33
787 34
787 35
787 36
787 37
788 38
785 39
783 40
785 41
785 42
787 43
786 44
787 45
786 46
778 47
786 48
789 49
778 50
778 51
776 52
777 53
776 54
777 55
773 56
777 57
772 58
765 59
764 60
757 61
751 62
753 63
744 64
747 65
736 66
728 67
724 68
727 69
728 70
722 71
724 72
728 73
712 74
702 75
702 76
703 77
697 78
698 79
688 80
676 81
675 82
678 83
678 84
669 85
668 86
659 87
657 88
661 89
649 90
643 91
639 92
626 93
628 94
622 95
611 96
603 97
592 98
591 99
594 100
596 101
591 102
588 103
587 104
577 105
576 106
577 107
572 108
573 109
574 110
577 111
567 112
565 113
567 114
574 115
571 116
558 117
556 118
567 119
568 120
561 121
552 122
553 123
545 124
545 125
539 126
542 127
535 128
525 129
521 130
520 131
523 132
521 133
527 134
522 135
508 136
508 137
498 138
493 139
487 140
472 141
475 142
469 143
460 144
455 145
458 146
459 147
457 148
457 149
458 150
452 151
451 152
449 153
444 154
449 155
431 156
420 157
406 158
398 159
402 160
393 161
389 162
385 163
366 164
323 165
270 166
315 167
195 168
174 169
138 170
103 171
96 172
94 173
56 174
168 175
169 176
124 177
140 178
89 179
61 180
47 181
39 182
112 183
42 184
43 185
42 186
38 187
31 188
30 189
32 190
49 191
49 192
31 193
35 194
40 195
40 196
37 197
35 198
37 199
71 200
35 201
43 202
46 203
45 204
67 205
39 206
44 207
53 208
41 209
63 210
52 211
52 212
43 213
44 214
44 215
43 216
46 217
49 218
60 219
60 220
52 221
54 222
54 223
58 224
56 225
64 226
66 227
63 228
56 229
52 230
53 231
61 232
62 233
62 234
55 235
61 236
61 237
57 238
60 239
57 240
63 241
63 242
60 243
60 244
60 245
59 246
61 247
66 248
66 249
69 250
67 251
75 252
72 253
72 254
76 255
67 256
63 257
69 258
79 259
80 260
75 261
73 262
75 263
76 264
74 265
72 266
87 267
133 268
223 269
218 270
262 271
307 272
338 273
349 274
361 275
385 276
399 277
419 278
419 279
430 280
447 281
450 282
462 283
468 284
487 285
494 286
511 287
502 288
504 289
525 290
534 291
547 292
556 293
571 294
576 295
577 296
596 297
619 298
704 299
740 300
736 301
734 302
740 303
736 304
735 305
738 306
741 307
748 308
750 309
746 310
742 311
750 312
740 313
740 314
749 315
750 316
753 317
758 318
753 319
753 320
754 321
756 322
761 323
756 324
750 325
754 326
752 327
746 328
750 329
746 330
744 331
750 332
739 333
739 334
738 335
731 336
728 337
725 338
726 339
724 340
725 341
718 342
722 343
720 344
718 345
719 346
717 347
715 348
716 349
716 350
716 351
718 352
718 353
721 354
724 355
721 356
721 357
725 358
723 359
727 360
727 361
728 362
730 363
729 364
731 365
718 366
709 367
707 368
697 369
697 370
702 371
695 372
694 373
692 374
696 375
696 376
697 377
692 378
684 379
682 380
679 381
669 382
670 383
665 384
664 385
659 386
659 387
659 388
659 389
662 390
664 391
662 392
656 393
655 394
655 395
655 396
654 397
654 398
654 399
656 400
655 401
651 402
649 403
649 404
649 405
648 406
649 407
649 408
646 409
649 410
650 411
648 412
648 413
648 414
646 415
648 416
647 417
646 418
647 419
645 420
644 421
643 422
649 423
647 424
650 425
654 426
655 427
651 428
651 429
651 430
651 431
651 432
651 433
651 434
647 435
648 436
650 437
649 438
649 439
648 440
648 441
649 442
650 443
651 444
652 445
653 446
654 447
652 448
650 449
649 450
652 451
655 452
654 453
657 454
660 455
659 456
659 457
658 458
658 459
660 460
659 461
660 462
663 463
662 464
660 465
660 466
664 467
667 468
662 469
662 470
660 471
662 472
659 473
661 474
657 475
653 476
653 477
654 478
653 479
655 480
653 481
654 482
650 483
651 484
652 485
650 486
652 487
651 488
652 489
649 490
652 491
648 492
646 493
645 494
651 495
651 496
650 497
649 498
649 499
648 500
645 501
646 502
648 503
642 504
644 505
643 506
643 507
644 508
644 509
642 510
649 511
644 512
641 513
644 514
643 515
642 516
644 517
645 518
644 519
644 520
643 521
644 522
645 523
644 524
645 525
644 526
646 527
645 528
640 529
641 530
641 531
640 532
644 533
644 534
642 535
642 536
640 537
640 538
642 539
642 540
642 541
641 542
642 543
644 544
642 545
643 546
644 547
643 548
642 549
642 550
643 551
645 552
642 553
642 554
640 555
640 556
640 557
639 558
644 559
645 560
643 561
644 562
644 563
641 564
645 565
647 566
648 567
646 568
642 569
644 570
644 571
643 572
647 573
646 574
644 575
649 576
646 577
642 578
642 579
647 580
649 581
645 582
643 583
648 584
647 585
645 586
644 587
647 588
647 589
645 590
648 591
642 592
642 593
640 594
641 595
643 596
643 597
641 598
644 599
648 600
648 601
645 602
645 603
642 604
642 605
642 606
643 607
644 608
645 609
643 610
642 611
648 612
649 613
646 614
651 615
649 616
650 617
650 618
651 619
656 620
659 621
660 622
665 623
667 624
661 625
661 626
667 627
669 628
669 629
669 630
669 631
663 632
665 633
666 634
666 635
671 636
667 637
664 638
667 639
667 640
664 641
666 642
663 643
658 644
655 645
662 646
662 647
659 648
662 649
666 650
662 651
658 652
660 653
659 654
665 655
671 656
667 657
666 658
661 659
658 660
660 661
662 662
672 663
670 664
667 665
661 666
658 667
662 668
664 669
661 670
655 671
665 672
659 673
658 674
662 675
656 676
654 677
652 678
653 679
649 680
649 681
648 682
648 683
650 684
655 685
654 686
651 687
651 688
649 689
649 690
648 691
647 692
645 693
646 694
646 695
645 696
643 697
643 698
644 699
642 700
643 701
642 702
645 703
644 704
645 705
642 706
643 707
641 708
642 709
642 710
643 711
643 712
642 713
643 714
643 715
645 716
644 717
643 718
641 719
