639 0
639 1
639 2
639 3
639 4
639 5
639 6
639 7
639 8
639 9
639 10
639 11
639 12
639 13
639 14
639 15
639 16
639 17
639 18
639 19
639 20
639 21
639 22
639 23
639 24
639 25
639 26
639 27
639 28
639 29
639 30
639 31
639 32
639 33
639 34
639 35
639 36
639 37
639 38
639 39
639 40
639 41
639 42
639 43
639 44
639 45
639 46
639 47
639 48
639 49
639 50
637 51
636 52
632 53
631 54
633 55
628 56
630 57
633 58
633 59
624 60
621 61
618 62
610 63
611 64
613 65
605 66
596 67
589 68
585 69
590 70
586 71
589 72
583 73
574 74
565 75
555 76
552 77
550 78
549 79
546 80
531 81
531 82
534 83
532 84
530 85
518 86
516 87
520 88
514 89
504 90
495 91
506 92
496 93
488 94
484 95
470 96
451 97
444 98
439 99
436 100
434 101
433 102
432 103
432 104
422 105
420 106
417 107
417 108
410 109
410 110
407 111
406 112
401 113
401 114
404 115
396 116
398 117
396 118
399 119
398 120
401 121
400 122
384 123
386 124
377 125
367 126
379 127
373 128
361 129
361 130
364 131
356 132
356 133
360 134
355 135
350 136
354 137
341 138
335 139
330 140
326 141
311 142
306 143
303 144
302 145
306 146
304 147
296 148
292 149
289 150
290 151
285 152
280 153
279 154
279 155
270 156
266 157
263 158
261 159
246 160
246 161
247 162
241 163
236 164
230 165
218 166
216 167
205 168
196 169
192 170
185 171
184 172
174 173
176 174
181 175
187 176
176 177
177 178
172 179
176 180
165 181
150 182
169 183
161 184
155 185
162 186
144 187
125 188
133 189
129 190
138 191
130 192
117 193
118 194
126 195
121 196
120 197
119 198
121 199
122 200
102 201
103 202
107 203
102 204
114 205
101 206
103 207
83 208
77 209
79 210
89 211
97 212
95 213
100 214
91 215
115 216
118 217
83 218
88 219
78 220
96 221
117 222
89 223
104 224
92 225
90 226
84 227
57 228
65 229
79 230
136 231
123 232
137 233
184 234
208 235
258 236
182 237
75 238
110 239
94 240
33 241
72 242
35 243
49 244
59 245
103 246
103 247
115 248
149 249
119 250
82 251
98 252
75 253
62 254
76 255
48 256
65 257
97 258
122 259
35 260
47 261
70 262
69 263
65 264
50 265
34 266
129 267
501 268
686 269
986 270
870 271
1101 272
1199 273
1206 274
1149 275
1142 276
1236 277
1189 278
1188 279
1228 280
1190 281
1061 282
1122 283
1182 284
1200 285
1236 286
1221 287
1209 288
1194 289
1176 290
1170 291
1193 292
1139 293
1119 294
1099 295
1072 296
1072 297
1080 298
1086 299
1072 300
1057 301
1044 302
1044 303
1043 304
1035 305
1026 306
1023 307
1021 308
1011 309
1013 310
1009 311
1012 312
1004 313
1001 314
994 315
991 316
992 317
989 318
986 319
981 320
977 321
977 322
967 323
959 324
959 325
960 326
955 327
952 328
949 329
947 330
945 331
948 332
944 333
941 334
947 335
954 336
956 337
958 338
956 339
950 340
965 341
967 342
955 343
929 344
921 345
912 346
906 347
901 348
897 349
897 350
895 351
890 352
893 353
893 354
893 355
893 356
892 357
892 358
890 359
891 360
892 361
894 362
896 363
893 364
891 365
895 366
904 367
907 368
908 369
909 370
907 371
905 372
910 373
913 374
913 375
905 376
900 377
894 378
895 379
880 380
875 381
868 382
855 383
847 384
835 385
819 386
812 387
798 388
787 389
782 390
781 391
771 392
763 393
757 394
753 395
745 396
743 397
740 398
734 399
730 400
725 401
719 402
712 403
712 404
702 405
699 406
690 407
687 408
682 409
672 410
671 411
669 412
661 413
657 414
658 415
655 416
648 417
651 418
649 419
648 420
647 421
647 422
647 423
648 424
654 425
650 426
648 427
647 428
647 429
645 430
647 431
646 432
647 433
647 434
647 435
646 436
648 437
647 438
648 439
650 440
649 441
648 442
646 443
646 444
648 445
648 446
648 447
647 448
647 449
647 450
646 451
647 452
647 453
647 454
647 455
646 456
647 457
647 458
647 459
648 460
647 461
648 462
647 463
647 464
647 465
647 466
646 467
645 468
644 469
642 470
642 471
643 472
642 473
642 474
642 475
641 476
641 477
643 478
643 479
643 480
643 481
642 482
644 483
641 484
641 485
641 486
641 487
642 488
642 489
642 490
644 491
645 492
646 493
645 494
645 495
646 496
645 497
644 498
643 499
643 500
643 501
643 502
643 503
643 504
643 505
643 506
643 507
643 508
644 509
644 510
644 511
644 512
643 513
643 514
643 515
643 516
643 517
643 518
643 519
643 520
643 521
642 522
643 523
643 524
643 525
642 526
642 527
642 528
642 529
642 530
642 531
642 532
641 533
640 534
640 535
639 536
640 537
640 538
640 539
640 540
640 541
640 542
641 543
641 544
642 545
642 546
643 547
642 548
643 549
642 550
642 551
642 552
642 553
642 554
643 555
642 556
641 557
640 558
640 559
641 560
640 561
640 562
640 563
640 564
639 565
639 566
641 567
640 568
639 569
639 570
640 571
639 572
640 573
639 574
639 575
639 576
639 577
639 578
639 579
639 580
639 581
639 582
639 583
639 584
639 585
639 586
639 587
639 588
639 589
639 590
639 591
639 592
639 593
639 594
639 595
639 596
640 597
639 598
639 599
639 600
640 601
640 602
640 603
639 604
639 605
640 606
640 607
640 608
640 609
641 610
641 611
641 612
640 613
640 614
641 615
640 616
642 617
642 618
642 619
641 620
641 621
641 622
644 623
645 624
642 625
642 626
643 627
643 628
643 629
642 630
643 631
643 632
640 633
640 634
643 635
642 636
642 637
641 638
643 639
643 640
641 641
641 642
643 643
644 644
642 645
643 646
640 647
642 648
642 649
645 650
641 651
641 652
645 653
646 654
643 655
641 656
641 657
643 658
645 659
642 660
642 661
640 662
646 663
648 664
642 665
639 666
639 667
642 668
645 669
646 670
650 671
643 672
637 673
641 674
642 675
639 676
637 677
641 678
647 679
642 680
641 681
649 682
642 683
641 684
639 685
643 686
645 687
643 688
642 689
641 690
643 691
646 692
645 693
637 694
639 695
638 696
635 697
642 698
643 699
641 700
639 701
636 702
646 703
648 704
645 705
646 706
641 707
633 708
637 709
636 710
641 711
642 712
639 713
641 714
640 715
637 716
636 717
636 718
637 719
