639 0
639 1
639 2
639 3
639 4
639 5
639 6
639 7
639 8
639 9
639 10
639 11
639 12
639 13
639 14
639 15
639 16
639 17
639 18
639 19
639 20
639 21
639 22
639 23
639 24
639 25
639 26
639 27
639 28
639 29
639 30
639 31
639 32
639 33
639 34
639 35
639 36
639 37
639 38
639 39
639 40
639 41
639 42
639 43
639 44
639 45
639 46
639 47
639 48
639 49
638 50
637 51
637 52
635 53
631 54
630 55
630 56
630 57
632 58
633 59
628 60
618 61
618 62
616 63
616 64
608 65
602 66
596 67
590 68
584 69
588 70
587 71
586 72
585 73
578 74
556 75
557 76
556 77
555 78
547 79
543 80
534 81
532 82
530 83
529 84
528 85
529 86
525 87
523 88
511 89
501 90
491 91
501 92
501 93
489 94
484 95
474 96
450 97
451 98
445 99
440 100
437 101
430 102
432 103
424 104
423 105
421 106
418 107
415 108
408 109
407 110
405 111
408 112
405 113
406 114
397 115
404 116
407 117
399 118
395 119
398 120
405 121
413 122
393 123
381 124
376 125
373 126
374 127
370 128
370 129
364 130
361 131
358 132
358 133
358 134
358 135
356 136
347 137
337 138
344 139
334 140
332 141
322 142
323 143
313 144
313 145
301 146
297 147
295 148
297 149
292 150
285 151
292 152
283 153
280 154
286 155
285 156
270 157
266 158
267 159
259 160
254 161
258 162
258 163
247 164
236 165
226 166
226 167
214 168
212 169
208 170
192 171
194 172
190 173
177 174
183 175
186 176
174 177
179 178
171 179
172 180
164 181
167 182
176 183
186 184
179 185
178 186
149 187
139 188
144 189
138 190
163 191
132 192
130 193
114 194
115 195
114 196
117 197
115 198
133 199
111 200
105 201
100 202
97 203
99 204
115 205
105 206
95 207
99 208
76 209
79 210
84 211
105 212
98 213
86 214
99 215
70 216
69 217
84 218
95 219
104 220
121 221
130 222
107 223
91 224
101 225
124 226
165 227
110 228
89 229
120 230
117 231
83 232
87 233
67 234
69 235
48 236
53 237
83 238
88 239
135 240
165 241
115 242
102 243
70 244
84 245
232 246
155 247
86 248
95 249
128 250
95 251
85 252
64 253
89 254
88 255
42 256
123 257
168 258
143 259
48 260
87 261
105 262
349 263
439 264
523 265
493 266
487 267
538 268
615 269
714 270
722 271
677 272
753 273
746 274
741 275
728 276
743 277
764 278
751 279
746 280
745 281
765 282
773 283
777 284
786 285
788 286
793 287
801 288
806 289
815 290
820 291
824 292
827 293
832 294
840 295
846 296
850 297
852 298
861 299
907 300
912 301
909 302
906 303
910 304
908 305
909 306
908 307
907 308
912 309
915 310
908 311
906 312
906 313
906 314
904 315
902 316
901 317
900 318
902 319
899 320
899 321
899 322
897 323
900 324
903 325
908 326
904 327
897 328
893 329
893 330
895 331
893 332
889 333
884 334
881 335
876 336
875 337
874 338
873 339
870 340
869 341
867 342
866 343
863 344
863 345
863 346
863 347
862 348
861 349
859 350
858 351
856 352
851 353
848 354
850 355
848 356
849 357
854 358
852 359
854 360
850 361
851 362
848 363
846 364
844 365
843 366
841 367
837 368
836 369
834 370
831 371
829 372
821 373
818 374
815 375
812 376
806 377
803 378
799 379
795 380
791 381
790 382
792 383
783 384
785 385
784 386
783 387
782 388
776 389
767 390
771 391
768 392
761 393
758 394
759 395
752 396
745 397
744 398
748 399
738 400
735 401
736 402
737 403
738 404
734 405
723 406
724 407
719 408
703 409
702 410
711 411
708 412
698 413
692 414
696 415
692 416
685 417
688 418
689 419
692 420
689 421
688 422
689 423
690 424
688 425
694 426
693 427
688 428
690 429
691 430
693 431
698 432
693 433
692 434
689 435
689 436
689 437
688 438
689 439
692 440
691 441
686 442
682 443
682 444
686 445
689 446
686 447
687 448
679 449
677 450
674 451
675 452
681 453
678 454
679 455
675 456
676 457
675 458
680 459
684 460
681 461
676 462
676 463
666 464
668 465
671 466
667 467
672 468
677 469
674 470
666 471
666 472
661 473
666 474
668 475
668 476
663 477
660 478
665 479
658 480
661 481
662 482
653 483
652 484
654 485
659 486
655 487
654 488
652 489
651 490
650 491
651 492
654 493
653 494
650 495
656 496
656 497
657 498
652 499
651 500
665 501
674 502
717 503
713 504
712 505
744 506
770 507
768 508
766 509
768 510
769 511
775 512
779 513
773 514
768 515
764 516
742 517
737 518
731 519
730 520
733 521
730 522
717 523
717 524
711 525
711 526
704 527
695 528
709 529
707 530
705 531
712 532
702 533
695 534
693 535
697 536
695 537
696 538
712 539
713 540
701 541
704 542
706 543
718 544
717 545
711 546
716 547
709 548
707 549
700 550
698 551
695 552
693 553
695 554
698 555
693 556
691 557
683 558
681 559
686 560
676 561
675 562
673 563
663 564
656 565
652 566
650 567
650 568
645 569
643 570
646 571
644 572
645 573
658 574
653 575
657 576
655 577
659 578
675 579
684 580
668 581
668 582
678 583
680 584
675 585
666 586
673 587
673 588
663 589
672 590
681 591
695 592
686 593
693 594
685 595
686 596
696 597
694 598
674 599
683 600
685 601
671 602
677 603
672 604
659 605
644 606
637 607
630 608
635 609
640 610
634 611
637 612
635 613
634 614
645 615
643 616
647 617
655 618
654 619
646 620
636 621
639 622
651 623
667 624
663 625
660 626
665 627
669 628
665 629
679 630
675 631
684 632
682 633
689 634
695 635
695 636
695 637
687 638
682 639
691 640
677 641
681 642
690 643
695 644
698 645
689 646
690 647
689 648
693 649
701 650
696 651
703 652
702 653
701 654
705 655
718 656
727 657
709 658
715 659
725 660
726 661
716 662
722 663
719 664
725 665
728 666
726 667
731 668
735 669
740 670
728 671
737 672
730 673
729 674
741 675
739 676
742 677
751 678
762 679
750 680
747 681
747 682
741 683
723 684
726 685
732 686
725 687
707 688
711 689
710 690
701 691
691 692
695 693
686 694
709 695
707 696
695 697
690 698
691 699
681 700
679 701
681 702
699 703
691 704
694 705
694 706
698 707
695 708
689 709
684 710
685 711
677 712
671 713
668 714
669 715
669 716
674 717
676 718
667 719
