639 0
639 1
639 2
639 3
639 4
639 5
639 6
639 7
639 8
639 9
639 10
639 11
639 12
639 13
639 14
639 15
639 16
639 17
639 18
639 19
639 20
639 21
639 22
639 23
639 24
639 25
639 26
639 27
639 28
639 29
639 30
639 31
639 32
639 33
639 34
639 35
639 36
639 37
639 38
639 39
639 40
639 41
639 42
639 43
639 44
639 45
639 46
639 47
639 48
639 49
638 50
636 51
637 52
635 53
632 54
633 55
630 56
631 57
630 58
631 59
622 60
618 61
615 62
617 63
617 64
613 65
603 66
599 67
584 68
579 69
583 70
585 71
584 72
578 73
571 74
563 75
557 76
553 77
552 78
559 79
551 80
538 81
536 82
532 83
527 84
529 85
519 86
519 87
519 88
511 89
503 90
500 91
506 92
501 93
489 94
488 95
468 96
446 97
440 98
440 99
433 100
427 101
430 102
430 103
425 104
421 105
421 106
420 107
409 108
407 109
408 110
416 111
404 112
399 113
399 114
397 115
393 116
387 117
392 118
397 119
390 120
390 121
385 122
379 123
370 124
373 125
376 126
373 127
363 128
362 129
361 130
362 131
354 132
354 133
356 134
351 135
352 136
348 137
337 138
333 139
321 140
316 141
308 142
306 143
311 144
303 145
294 146
295 147
294 148
296 149
290 150
288 151
286 152
279 153
277 154
285 155
283 156
268 157
265 158
265 159
257 160
264 161
268 162
269 163
262 164
251 165
242 166
244 167
235 168
217 169
219 170
216 171
206 172
198 173
199 174
204 175
200 176
192 177
195 178
199 179
196 180
178 181
179 182
192 183
170 184
150 185
148 186
143 187
141 188
155 189
157 190
150 191
140 192
130 193
130 194
130 195
129 196
122 197
129 198
155 199
149 200
137 201
128 202
122 203
130 204
139 205
134 206
157 207
119 208
111 209
110 210
138 211
148 212
144 213
124 214
128 215
147 216
126 217
156 218
133 219
128 220
135 221
153 222
146 223
146 224
139 225
181 226
131 227
115 228
98 229
84 230
129 231
144 232
128 233
110 234
144 235
219 236
156 237
200 238
161 239
186 240
165 241
225 242
252 243
205 244
168 245
251 246
191 247
250 248
236 249
154 250
139 251
105 252
175 253
135 254
112 255
129 256
158 257
88 258
160 259
112 260
234 261
289 262
254 263
187 264
169 265
257 266
272 267
663 268
685 269
764 270
834 271
736 272
926 273
787 274
825 275
969 276
988 277
957 278
882 279
891 280
928 281
908 282
893 283
947 284
949 285
964 286
923 287
956 288
983 289
951 290
965 291
947 292
974 293
990 294
971 295
970 296
979 297
983 298
988 299
1012 300
991 301
980 302
974 303
963 304
971 305
978 306
977 307
976 308
966 309
965 310
970 311
959 312
957 313
957 314
960 315
955 316
951 317
951 318
956 319
950 320
949 321
947 322
941 323
939 324
939 325
939 326
934 327
932 328
927 329
923 330
923 331
922 332
918 333
920 334
919 335
924 336
914 337
917 338
923 339
926 340
927 341
929 342
928 343
920 344
915 345
923 346
917 347
914 348
918 349
916 350
912 351
905 352
903 353
892 354
890 355
889 356
887 357
885 358
884 359
883 360
882 361
883 362
886 363
890 364
891 365
884 366
887 367
882 368
888 369
888 370
885 371
884 372
888 373
884 374
885 375
882 376
881 377
884 378
883 379
887 380
888 381
880 382
870 383
871 384
859 385
842 386
829 387
813 388
799 389
795 390
792 391
783 392
777 393
771 394
762 395
757 396
751 397
745 398
737 399
732 400
723 401
717 402
709 403
706 404
699 405
693 406
690 407
680 408
675 409
672 410
673 411
663 412
659 413
654 414
647 415
647 416
645 417
643 418
647 419
646 420
643 421
643 422
646 423
647 424
645 425
644 426
644 427
646 428
645 429
646 430
648 431
646 432
646 433
647 434
648 435
648 436
647 437
644 438
644 439
645 440
645 441
643 442
643 443
643 444
642 445
643 446
643 447
643 448
642 449
643 450
642 451
641 452
642 453
642 454
641 455
640 456
638 457
640 458
639 459
639 460
638 461
638 462
638 463
638 464
638 465
638 466
637 467
637 468
636 469
635 470
635 471
636 472
636 473
636 474
636 475
636 476
636 477
635 478
636 479
636 480
636 481
636 482
637 483
638 484
638 485
638 486
638 487
639 488
638 489
638 490
638 491
638 492
638 493
638 494
638 495
639 496
638 497
638 498
638 499
638 500
638 501
638 502
638 503
639 504
639 505
639 506
639 507
639 508
639 509
639 510
639 511
639 512
639 513
639 514
639 515
640 516
640 517
639 518
639 519
639 520
639 521
639 522
639 523
639 524
639 525
639 526
639 527
639 528
639 529
639 530
639 531
639 532
639 533
639 534
639 535
639 536
639 537
639 538
639 539
639 540
639 541
639 542
639 543
640 544
639 545
639 546
639 547
639 548
639 549
639 550
639 551
639 552
639 553
639 554
640 555
640 556
640 557
640 558
640 559
640 560
640 561
640 562
640 563
641 564
641 565
641 566
641 567
640 568
641 569
642 570
642 571
642 572
642 573
643 574
641 575
641 576
641 577
642 578
642 579
642 580
642 581
643 582
643 583
642 584
641 585
641 586
642 587
642 588
641 589
641 590
644 591
643 592
641 593
641 594
640 595
640 596
640 597
640 598
640 599
640 600
640 601
640 602
639 603
639 604
640 605
640 606
640 607
640 608
639 609
639 610
638 611
638 612
637 613
637 614
638 615
638 616
637 617
637 618
637 619
636 620
636 621
638 622
638 623
638 624
639 625
640 626
638 627
636 628
636 629
638 630
639 631
641 632
638 633
638 634
637 635
636 636
636 637
637 638
639 639
643 640
640 641
639 642
639 643
639 644
639 645
640 646
645 647
645 648
640 649
642 650
643 651
643 652
645 653
642 654
645 655
644 656
643 657
649 658
647 659
647 660
647 661
645 662
649 663
646 664
647 665
649 666
650 667
655 668
651 669
643 670
644 671
644 672
640 673
638 674
643 675
643 676
642 677
637 678
639 679
638 680
632 681
634 682
635 683
639 684
635 685
628 686
633 687
637 688
630 689
631 690
632 691
631 692
632 693
628 694
636 695
636 696
631 697
632 698
626 699
622 700
622 701
623 702
632 703
633 704
632 705
632 706
629 707
632 708
631 709
636 710
641 711
639 712
633 713
632 714
636 715
637 716
642 717
641 718
633 719
