639 0
639 1
639 2
639 3
639 4
639 5
639 6
639 7
639 8
639 9
639 10
639 11
639 12
639 13
639 14
639 15
639 16
639 17
639 18
639 19
639 20
639 21
639 22
639 23
639 24
639 25
639 26
639 27
639 28
639 29
639 30
639 31
639 32
639 33
639 34
639 35
639 36
639 37
639 38
639 39
639 40
639 41
639 42
639 43
639 44
639 45
639 46
639 47
639 48
639 49
639 50
637 51
637 52
638 53
635 54
629 55
631 56
630 57
633 58
633 59
622 60
617 61
621 62
624 63
620 64
613 65
610 66
594 67
586 68
582 69
587 70
588 71
587 72
579 73
573 74
565 75
559 76
561 77
561 78
561 79
553 80
542 81
539 82
537 83
532 84
532 85
521 86
527 87
519 88
514 89
506 90
495 91
509 92
505 93
495 94
498 95
475 96
445 97
437 98
444 99
446 100
435 101
428 102
436 103
432 104
431 105
428 106
423 107
423 108
427 109
420 110
422 111
409 112
410 113
405 114
402 115
407 116
402 117
402 118
398 119
406 120
396 121
401 122
396 123
379 124
364 125
361 126
373 127
362 128
353 129
351 130
341 131
336 132
340 133
345 134
351 135
340 136
332 137
325 138
315 139
303 140
302 141
288 142
282 143
281 144
270 145
266 146
268 147
269 148
265 149
267 150
273 151
269 152
259 153
260 154
261 155
258 156
240 157
239 158
252 159
244 160
235 161
236 162
238 163
232 164
229 165
227 166
224 167
231 168
208 169
209 170
210 171
207 172
205 173
197 174
201 175
200 176
191 177
188 178
189 179
187 180
178 181
176 182
185 183
183 184
174 185
167 186
179 187
176 188
156 189
165 190
178 191
174 192
161 193
157 194
141 195
139 196
147 197
145 198
146 199
146 200
137 201
135 202
139 203
134 204
134 205
132 206
134 207
147 208
124 209
112 210
124 211
125 212
119 213
109 214
109 215
121 216
111 217
165 218
116 219
92 220
129 221
120 222
113 223
98 224
68 225
121 226
122 227
100 228
116 229
122 230
112 231
130 232
137 233
121 234
116 235
100 236
66 237
77 238
148 239
164 240
94 241
94 242
108 243
111 244
89 245
81 246
101 247
163 248
119 249
87 250
70 251
91 252
118 253
70 254
141 255
111 256
95 257
60 258
57 259
100 260
126 261
74 262
159 263
59 264
47 265
22 266
211 267
412 268
558 269
748 270
763 271
783 272
831 273
802 274
795 275
802 276
841 277
802 278
809 279
798 280
825 281
849 282
844 283
822 284
828 285
829 286
802 287
788 288
824 289
836 290
843 291
825 292
846 293
855 294
847 295
870 296
884 297
890 298
888 299
933 300
940 301
933 302
930 303
930 304
933 305
936 306
932 307
913 308
916 309
913 310
909 311
909 312
908 313
902 314
896 315
895 316
895 317
890 318
889 319
885 320
883 321
875 322
874 323
868 324
860 325
855 326
852 327
848 328
842 329
835 330
832 331
831 332
826 333
824 334
820 335
818 336
818 337
817 338
816 339
816 340
815 341
814 342
813 343
813 344
813 345
812 346
812 347
810 348
809 349
808 350
808 351
809 352
810 353
816 354
820 355
822 356
827 357
828 358
825 359
827 360
836 361
832 362
829 363
828 364
822 365
816 366
820 367
819 368
818 369
822 370
823 371
816 372
805 373
796 374
797 375
795 376
795 377
793 378
792 379
792 380
792 381
789 382
789 383
788 384
794 385
793 386
790 387
780 388
777 389
774 390
770 391
767 392
759 393
756 394
748 395
744 396
742 397
740 398
735 399
733 400
721 401
720 402
716 403
711 404
702 405
699 406
695 407
691 408
681 409
677 410
674 411
670 412
664 413
658 414
660 415
654 416
651 417
654 418
656 419
657 420
653 421
654 422
658 423
657 424
659 425
661 426
660 427
659 428
660 429
661 430
658 431
659 432
657 433
660 434
661 435
659 436
656 437
657 438
661 439
656 440
657 441
656 442
655 443
656 444
658 445
659 446
656 447
659 448
660 449
660 450
660 451
659 452
658 453
659 454
661 455
663 456
664 457
665 458
662 459
661 460
661 461
662 462
662 463
662 464
663 465
661 466
658 467
659 468
659 469
659 470
658 471
660 472
660 473
659 474
658 475
657 476
658 477
657 478
657 479
656 480
659 481
659 482
655 483
651 484
651 485
655 486
657 487
656 488
656 489
655 490
652 491
654 492
656 493
656 494
653 495
652 496
651 497
650 498
650 499
651 500
650 501
648 502
649 503
649 504
646 505
645 506
646 507
647 508
646 509
646 510
648 511
648 512
647 513
647 514
646 515
647 516
647 517
647 518
648 519
646 520
645 521
645 522
644 523
644 524
644 525
644 526
645 527
644 528
644 529
645 530
646 531
644 532
645 533
644 534
644 535
644 536
642 537
640 538
641 539
640 540
640 541
640 542
641 543
640 544
639 545
640 546
642 547
641 548
641 549
641 550
642 551
642 552
643 553
640 554
640 555
641 556
642 557
641 558
640 559
640 560
642 561
640 562
640 563
640 564
641 565
640 566
640 567
640 568
640 569
640 570
641 571
641 572
640 573
640 574
641 575
641 576
642 577
643 578
642 579
642 580
644 581
642 582
641 583
642 584
643 585
644 586
642 587
643 588
644 589
643 590
645 591
644 592
642 593
643 594
643 595
643 596
643 597
643 598
645 599
645 600
646 601
647 602
643 603
643 604
643 605
642 606
643 607
642 608
642 609
641 610
641 611
641 612
643 613
642 614
647 615
647 616
644 617
644 618
646 619
645 620
642 621
644 622
648 623
646 624
643 625
645 626
646 627
646 628
643 629
644 630
647 631
644 632
638 633
639 634
643 635
647 636
644 637
647 638
652 639
645 640
645 641
636 642
636 643
641 644
646 645
644 646
646 647
649 648
646 649
650 650
649 651
643 652
643 653
644 654
647 655
650 656
659 657
661 658
654 659
656 660
659 661
660 662
654 663
661 664
662 665
663 666
667 667
679 668
673 669
665 670
672 671
684 672
684 673
680 674
684 675
694 676
693 677
695 678
711 679
709 680
712 681
704 682
711 683
722 684
719 685
723 686
720 687
701 688
718 689
709 690
718 691
737 692
741 693
721 694
708 695
715 696
729 697
742 698
737 699
733 700
716 701
717 702
720 703
725 704
742 705
745 706
736 707
716 708
733 709
743 710
735 711
737 712
740 713
734 714
743 715
735 716
714 717
693 718
698 719
