639 0
639 1
639 2
639 3
639 4
639 5
639 6
639 7
639 8
639 9
639 10
639 11
639 12
639 13
639 14
639 15
639 16
639 17
639 18
639 19
639 20
639 21
639 22
639 23
639 24
639 25
639 26
639 27
639 28
639 29
639 30
639 31
639 32
639 33
639 34
639 35
639 36
639 37
639 38
639 39
639 40
639 41
639 42
639 43
639 44
639 45
639 46
639 47
639 48
638 49
638 50
639 51
635 52
634 53
633 54
625 55
630 56
630 57
630 58
628 59
622 60
624 61
617 62
613 63
611 64
608 65
602 66
593 67
592 68
588 69
584 70
590 71
581 72
578 73
572 74
562 75
564 76
556 77
550 78
545 79
548 80
536 81
534 82
533 83
534 84
532 85
526 86
527 87
515 88
508 89
501 90
501 91
500 92
496 93
489 94
489 95
476 96
451 97
448 98
453 99
442 100
433 101
434 102
433 103
434 104
424 105
421 106
419 107
419 108
418 109
413 110
412 111
406 112
404 113
407 114
408 115
411 116
405 117
404 118
394 119
404 120
403 121
398 122
391 123
388 124
381 125
375 126
377 127
374 128
373 129
368 130
364 131
362 132
364 133
366 134
359 135
361 136
349 137
342 138
341 139
328 140
331 141
327 142
330 143
315 144
302 145
304 146
292 147
293 148
291 149
289 150
296 151
289 152
283 153
279 154
282 155
289 156
271 157
266 158
275 159
255 160
248 161
248 162
251 163
249 164
232 165
215 166
220 167
227 168
208 169
200 170
197 171
189 172
183 173
182 174
191 175
189 176
184 177
185 178
175 179
173 180
178 181
166 182
160 183
180 184
164 185
161 186
159 187
155 188
154 189
150 190
147 191
130 192
125 193
122 194
120 195
122 196
124 197
114 198
113 199
126 200
98 201
111 202
108 203
118 204
126 205
94 206
109 207
101 208
96 209
98 210
87 211
88 212
93 213
80 214
110 215
93 216
108 217
92 218
97 219
110 220
86 221
95 222
118 223
114 224
111 225
79 226
74 227
55 228
58 229
88 230
91 231
94 232
75 233
92 234
116 235
77 236
106 237
128 238
96 239
87 240
50 241
57 242
69 243
52 244
62 245
86 246
76 247
122 248
126 249
99 250
99 251
106 252
102 253
98 254
291 255
261 256
285 257
225 258
19 259
283 260
151 261
264 263
326 264
85 265
60 266
23 267
213 268
507 269
929 270
1147 271
1052 272
1019 273
1032 274
1008 275
1009 276
1109 277
1164 278
1161 279
1179 280
1229 281
1212 282
1182 283
1122 284
1171 285
1209 286
1222 287
1170 288
1125 289
1221 290
1220 291
1213 292
1211 293
1217 294
1196 295
1205 296
1207 297
1194 298
1182 299
1126 300
1119 301
1107 302
1085 303
1071 304
1063 305
1057 306
1048 307
1036 308
1031 309
1028 310
1024 311
1023 312
1017 313
1011 314
1006 315
1003 316
1001 317
1000 318
997 319
993 320
986 321
984 322
973 323
962 324
953 325
942 326
942 327
933 328
929 329
924 330
922 331
916 332
913 333
907 334
906 335
902 336
900 337
897 338
894 339
892 340
890 341
887 342
883 343
879 344
881 345
881 346
879 347
879 348
877 349
881 350
883 351
875 352
878 353
888 354
890 355
892 356
890 357
886 358
889 359
881 360
877 361
882 362
886 363
891 364
887 365
885 366
887 367
889 368
893 369
889 370
885 371
884 372
883 373
882 374
883 375
885 376
887 377
888 378
887 379
893 380
888 381
885 382
877 383
870 384
869 385
858 386
837 387
827 388
804 389
797 390
792 391
789 392
776 393
762 394
761 395
750 396
748 397
740 398
740 399
729 400
722 401
717 402
711 403
702 404
698 405
693 406
689 407
687 408
682 409
671 410
666 411
666 412
663 413
657 414
649 415
642 416
642 417
641 418
642 419
639 420
642 421
641 422
646 423
648 424
644 425
644 426
642 427
642 428
644 429
642 430
650 431
649 432
652 433
655 434
651 435
654 436
654 437
653 438
654 439
657 440
657 441
654 442
650 443
651 444
655 445
658 446
660 447
654 448
660 449
665 450
664 451
663 452
663 453
673 454
673 455
673 456
674 457
673 458
670 459
671 460
667 461
666 462
659 463
661 464
667 465
665 466
669 467
671 468
672 469
674 470
672 471
671 472
677 473
671 474
667 475
672 476
672 477
677 478
678 479
678 480
675 481
673 482
670 483
666 484
671 485
673 486
674 487
669 488
675 489
674 490
669 491
670 492
666 493
667 494
661 495
664 496
670 497
669 498
661 499
660 500
663 501
667 502
664 503
662 504
665 505
664 506
658 507
658 508
665 509
669 510
664 511
665 512
663 513
664 514
662 515
663 516
665 517
666 518
666 519
666 520
662 521
663 522
664 523
667 524
661 525
660 526
666 527
659 528
660 529
661 530
662 531
663 532
660 533
653 534
659 535
660 536
661 537
664 538
669 539
685 540
681 541
688 542
701 543
711 544
718 545
714 546
713 547
711 548
720 549
726 550
724 551
712 552
712 553
714 554
707 555
703 556
712 557
715 558
715 559
710 560
714 561
707 562
709 563
703 564
699 565
704 566
699 567
699 568
697 569
690 570
698 571
705 572
700 573
695 574
688 575
678 576
685 577
700 578
698 579
696 580
699 581
701 582
693 583
683 584
689 585
702 586
706 587
704 588
702 589
700 590
697 591
690 592
695 593
705 594
695 595
694 596
700 597
706 598
715 599
724 600
737 601
724 602
719 603
723 604
725 605
724 606
738 607
737 608
722 609
718 610
733 611
718 612
707 613
713 614
706 615
692 616
701 617
697 618
669 619
662 620
657 621
637 622
632 623
622 624
624 625
623 626
628 627
607 628
622 629
619 630
622 631
628 632
612 633
607 634
597 635
610 636
617 637
624 638
627 639
616 640
596 641
582 642
587 643
597 644
584 645
586 646
587 647
605 648
580 649
577 650
594 651
588 652
608 653
596 654
608 655
597 656
580 657
595 658
627 659
621 660
619 661
614 662
608 663
617 664
616 665
609 666
611 667
622 668
630 669
634 670
636 671
639 672
647 673
646 674
637 675
649 676
651 677
650 678
644 679
658 680
655 681
651 682
648 683
644 684
642 685
653 686
656 687
647 688
648 689
652 690
669 691
666 692
665 693
666 694
664 695
667 696
677 697
675 698
685 699
697 700
690 701
690 702
694 703
691 704
700 705
696 706
687 707
697 708
689 709
691 710
681 711
695 712
691 713
688 714
683 715
678 716
678 717
677 718
670 719
