763 0
767 1
769 2
774 3
773 4
776 5
776 6
777 7
783 8
782 9
784 10
778 11
786 12
784 13
783 14
781 15
782 16
783 17
781 18
785 19
786 20
784 21
786 22
782 23
775 24
782 25
782 26
779 27
782 28
787 29
785 30
776 31
783 32
785 33
785 34
788 35
790 36
793 37
793 38
789 39
790 40
792 41
789 42
785 43
786 44
790 45
791 46
793 47
792 48
796 49
795 50
785 51
777 52
783 53
782 54
781 55
773 56
772 57
771 58
776 59
772 60
771 61
762 62
768 63
759 64
749 65
741 66
739 67
728 68
733 69
730 70
734 71
736 72
729 73
735 74
727 75
717 76
722 77
718 78
711 79
700 80
687 81
680 82
684 83
686 84
681 85
673 86
676 87
663 88
667 89
668 90
658 91
641 92
638 93
639 94
641 95
632 96
607 97
605 98
608 99
607 100
605 101
607 102
607 103
593 104
595 105
592 106
595 107
580 108
578 109
579 110
572 111
577 112
577 113
579 114
571 115
565 116
566 117
566 118
566 119
571 120
570 121
561 122
557 123
552 124
547 125
545 126
544 127
544 128
548 129
546 130
533 131
531 132
535 133
530 134
516 135
521 136
528 137
513 138
496 139
493 140
486 141
476 142
471 143
470 144
470 145
464 146
446 147
455 148
463 149
463 150
452 151
450 152
446 153
443 154
438 155
407 156
416 157
410 158
386 159
400 160
363 161
351 162
330 163
297 164
273 165
227 166
191 167
163 168
100 169
118 170
91 171
56 172
39 173
36 174
53 175
119 176
38 177
52 178
81 179
107 180
79 181
50 182
65 183
60 184
40 185
41 186
42 187
35 188
38 189
40 190
45 191
68 192
59 193
45 194
45 195
46 196
54 197
53 198
82 199
51 200
47 201
46 202
46 203
45 204
52 205
51 206
73 207
49 208
48 209
47 210
55 211
60 212
54 213
53 214
57 215
62 216
54 217
59 218
62 219
61 220
67 221
70 222
71 223
62 224
62 225
62 226
72 227
60 228
60 229
63 230
72 231
86 232
73 233
73 234
70 235
71 236
65 237
64 238
71 239
73 240
72 241
68 242
67 243
71 244
75 245
71 246
74 247
77 248
82 249
87 250
83 251
81 252
81 253
83 254
84 255
86 256
85 257
83 258
80 259
85 260
86 261
82 262
90 263
91 264
90 265
87 266
92 267
163 268
175 269
203 270
214 271
245 272
302 273
326 274
336 275
360 276
384 277
381 278
391 279
406 280
428 281
436 282
443 283
454 284
455 285
461 286
468 287
457 288
474 289
485 290
500 291
507 292
507 293
515 294
532 295
541 296
550 297
569 298
616 299
696 300
698 301
709 302
718 303
714 304
731 305
735 306
729 307
727 308
733 309
735 310
735 311
736 312
736 313
728 314
726 315
725 316
723 317
727 318
729 319
738 320
735 321
735 322
732 323
736 324
735 325
731 326
730 327
727 328
719 329
714 330
711 331
713 332
717 333
719 334
715 335
716 336
705 337
705 338
706 339
708 340
710 341
709 342
707 343
710 344
708 345
709 346
710 347
711 348
714 349
714 350
715 351
712 352
714 353
715 354
714 355
716 356
716 357
718 358
721 359
724 360
720 361
723 362
722 363
730 364
729 365
727 366
709 367
701 368
702 369
700 370
694 371
689 372
687 373
685 374
676 375
676 376
672 377
669 378
667 379
666 380
663 381
662 382
660 383
662 384
659 385
656 386
657 387
659 388
658 389
657 390
658 391
656 392
653 393
651 394
651 395
651 396
649 397
649 398
651 399
650 400
648 401
648 402
647 403
646 404
648 405
646 406
649 407
649 408
646 409
646 410
647 411
647 412
648 413
645 414
645 415
645 416
645 417
645 418
645 419
643 420
644 421
643 422
641 423
643 424
647 425
649 426
648 427
648 428
649 429
649 430
651 431
651 432
652 433
650 434
648 435
647 436
647 437
648 438
649 439
650 440
648 441
648 442
646 443
647 444
651 445
649 446
650 447
650 448
651 449
651 450
651 451
651 452
651 453
655 454
652 455
653 456
653 457
656 458
657 459
655 460
654 461
654 462
654 463
656 464
654 465
653 466
655 467
655 468
654 469
654 470
654 471
652 472
650 473
649 474
651 475
651 476
650 477
647 478
648 479
648 480
647 481
648 482
647 483
646 484
646 485
647 486
649 487
648 488
648 489
649 490
648 491
645 492
645 493
643 494
644 495
645 496
644 497
643 498
645 499
644 500
643 501
642 502
644 503
647 504
641 505
645 506
643 507
642 508
643 509
645 510
644 511
641 512
641 513
645 514
643 515
642 516
642 517
642 518
642 519
641 520
641 521
642 522
643 523
645 524
643 525
641 526
641 527
643 528
641 529
640 530
641 531
642 532
641 533
640 534
643 535
645 536
644 537
643 538
644 539
644 540
644 541
643 542
646 543
648 544
645 545
644 546
644 547
644 548
643 549
641 550
647 551
647 552
647 553
644 554
646 555
647 556
646 557
646 558
648 559
646 560
644 561
645 562
644 563
643 564
647 565
649 566
649 567
645 568
645 569
648 570
647 571
645 572
647 573
644 574
643 575
643 576
644 577
646 578
644 579
645 580
645 581
642 582
644 583
644 584
642 585
644 586
644 587
644 588
644 589
643 590
641 591
641 592
640 593
644 594
648 595
646 596
642 597
639 598
642 599
642 600
644 601
645 602
644 603
644 604
645 605
647 606
648 607
650 608
648 609
648 610
649 611
649 612
652 613
654 614
655 615
656 616
656 617
655 618
656 619
655 620
656 621
657 622
656 623
659 624
659 625
657 626
660 627
662 628
662 629
657 630
661 631
659 632
655 633
656 634
658 635
658 636
662 637
658 638
658 639
657 640
657 641
655 642
657 643
658 644
659 645
659 646
657 647
660 648
661 649
659 650
660 651
659 652
660 653
659 654
664 655
662 656
660 657
662 658
658 659
656 660
657 661
659 662
661 663
657 664
654 665
653 666
655 667
653 668
652 669
652 670
649 671
646 672
649 673
649 674
648 675
648 676
652 677
652 678
645 679
653 680
649 681
647 682
651 683
649 684
647 685
643 686
645 687
644 688
645 689
646 690
645 691
642 692
643 693
642 694
641 695
642 696
642 697
642 698
642 699
642 700
642 701
642 702
642 703
642 704
641 705
641 706
641 707
642 708
642 709
643 710
642 711
642 712
641 713
642 714
641 715
642 716
642 717
640 718
641 719
