765 0
774 1
786 2
789 3
794 4
805 5
802 6
791 7
798 8
802 9
796 10
798 11
807 12
810 13
804 14
800 15
800 16
795 17
800 18
808 19
817 20
815 21
807 22
810 23
811 24
815 25
817 26
823 27
821 28
819 29
821 30
816 31
820 32
821 33
821 34
821 35
821 36
822 37
822 38
820 39
825 40
826 41
827 42
826 43
827 44
824 45
825 46
823 47
826 48
825 49
827 50
829 51
827 52
820 53
821 54
817 55
813 56
819 57
813 58
815 59
812 60
809 61
793 62
786 63
797 64
789 65
789 66
786 67
779 68
774 69
779 70
772 71
766 72
765 73
763 74
750 75
745 76
739 77
736 78
741 79
732 80
722 81
717 82
722 83
715 84
709 85
701 86
697 87
692 88
684 89
685 90
674 91
673 92
675 93
664 94
656 95
626 96
622 97
621 98
624 99
620 100
628 101
622 102
631 103
625 104
625 105
619 106
623 107
610 108
609 109
611 110
609 111
591 112
597 113
602 114
596 115
579 116
580 117
581 118
594 119
577 120
571 121
557 122
567 123
562 124
569 125
558 126
548 127
570 128
557 129
552 130
553 131
559 132
568 133
564 134
556 135
549 136
526 137
527 138
520 139
516 140
500 141
467 142
478 143
451 144
468 145
456 146
442 147
412 148
414 149
389 150
389 151
396 152
364 153
359 154
362 155
316 156
285 157
263 158
250 159
232 160
217 161
206 162
187 163
181 164
127 165
78 166
79 167
96 168
79 169
78 170
80 171
78 172
71 173
72 174
77 175
73 176
72 177
73 178
72 179
72 180
67 181
73 182
77 183
83 184
73 185
66 186
69 187
70 188
72 189
69 190
80 191
79 192
69 193
76 194
75 195
72 196
76 197
77 198
85 199
80 200
76 201
75 202
85 203
88 204
80 205
78 206
84 207
79 208
78 209
79 210
80 211
82 212
89 213
92 214
88 215
89 216
86 217
93 218
100 219
95 220
99 221
94 222
96 223
103 224
93 225
98 226
98 227
97 228
94 229
95 230
96 231
96 232
93 233
96 234
96 235
98 236
98 237
96 238
97 239
102 240
103 241
100 242
100 243
101 244
106 245
106 246
105 247
110 248
106 249
102 250
102 251
102 252
104 253
106 254
106 255
109 256
109 257
108 258
107 259
109 260
113 261
116 262
115 263
113 264
112 265
111 266
111 267
122 268
166 269
188 270
220 271
270 272
270 273
302 274
318 275
324 276
341 277
352 278
366 279
366 280
377 281
382 282
391 283
397 284
404 285
414 286
421 287
430 288
433 289
445 290
453 291
464 292
467 293
477 294
486 295
500 296
509 297
521 298
570 299
654 300
663 301
664 302
673 303
683 304
682 305
682 306
684 307
686 308
683 309
684 310
681 311
687 312
685 313
685 314
688 315
687 316
687 317
686 318
688 319
692 320
697 321
693 322
688 323
690 324
691 325
688 326
687 327
692 328
689 329
684 330
681 331
682 332
683 333
684 334
685 335
684 336
683 337
686 338
686 339
685 340
686 341
688 342
688 343
689 344
688 345
690 346
690 347
691 348
690 349
694 350
697 351
695 352
696 353
699 354
704 355
705 356
704 357
704 358
711 359
706 360
711 361
707 362
702 363
693 364
687 365
685 366
674 367
673 368
668 369
668 370
665 371
661 372
660 373
660 374
662 375
659 376
659 377
659 378
656 379
653 380
654 381
656 382
656 383
654 384
655 385
655 386
655 387
655 388
654 389
653 390
651 391
652 392
651 393
651 394
649 395
646 396
647 397
645 398
648 399
646 400
645 401
644 402
648 403
646 404
646 405
646 406
645 407
645 408
643 409
642 410
643 411
643 412
641 413
641 414
641 415
642 416
641 417
640 418
639 419
640 420
641 421
641 422
641 423
641 424
640 425
640 426
640 427
641 428
641 429
643 430
645 431
644 432
648 433
647 434
647 435
646 436
646 437
646 438
646 439
646 440
645 441
645 442
645 443
646 444
645 445
645 446
645 447
645 448
645 449
645 450
645 451
647 452
648 453
646 454
646 455
645 456
647 457
649 458
648 459
650 460
650 461
647 462
647 463
646 464
646 465
645 466
646 467
646 468
646 469
646 470
646 471
645 472
644 473
643 474
643 475
643 476
644 477
645 478
645 479
644 480
643 481
645 482
645 483
643 484
643 485
643 486
642 487
646 488
643 489
642 490
643 491
643 492
643 493
642 494
641 495
641 496
641 497
640 498
640 499
640 500
641 501
640 502
641 503
642 504
640 505
640 506
641 507
640 508
642 509
641 510
642 511
642 512
643 513
641 514
641 515
642 516
643 517
644 518
643 519
645 520
641 521
642 522
642 523
645 524
644 525
641 526
641 527
642 528
641 529
641 530
644 531
644 532
642 533
642 534
644 535
642 536
642 537
645 538
646 539
646 540
644 541
642 542
644 543
648 544
642 545
642 546
643 547
642 548
642 549
643 550
644 551
645 552
644 553
644 554
642 555
640 556
641 557
642 558
645 559
643 560
642 561
640 562
640 563
644 564
645 565
643 566
642 567
642 568
641 569
647 570
644 571
643 572
648 573
647 574
646 575
645 576
643 577
642 578
643 579
646 580
643 581
644 582
644 583
644 584
645 585
646 586
646 587
645 588
644 589
645 590
647 591
647 592
647 593
646 594
645 595
644 596
643 597
645 598
647 599
648 600
648 601
647 602
645 603
646 604
646 605
646 606
648 607
645 608
645 609
644 610
643 611
641 612
643 613
643 614
644 615
641 616
640 617
640 618
640 619
641 620
645 621
642 622
643 623
642 624
641 625
640 626
645 627
643 628
642 629
641 630
646 631
643 632
640 633
641 634
642 635
643 636
641 637
640 638
640 639
642 640
641 641
641 642
642 643
642 644
643 645
642 646
642 647
643 648
641 649
641 650
639 651
638 652
639 653
639 654
641 655
640 656
642 657
643 658
640 659
641 660
640 661
640 662
639 663
640 664
640 665
640 666
640 667
639 668
640 669
640 670
641 671
640 672
640 673
640 674
640 675
640 676
641 677
641 678
641 679
640 680
641 681
641 682
640 683
640 684
640 685
639 686
640 687
640 688
640 689
640 690
640 691
640 692
640 693
640 694
640 695
640 696
641 697
641 698
641 699
640 700
640 701
640 702
639 703
640 704
640 705
640 706
639 707
639 708
639 709
639 710
638 711
638 712
637 713
637 714
638 715
638 716
639 717
639 718
639 719
