639 0
639 1
639 2
639 3
639 4
639 5
639 6
639 7
639 8
639 9
639 10
639 11
639 12
639 13
639 14
639 15
639 16
639 17
639 18
639 19
639 20
639 21
639 22
639 23
639 24
639 25
639 26
639 27
639 28
639 29
639 30
639 31
639 32
639 33
639 34
639 35
639 36
639 37
639 38
639 39
639 40
639 41
639 42
639 43
639 44
639 45
639 46
639 47
639 48
639 49
639 50
639 51
639 52
639 53
639 54
639 55
639 56
639 57
639 58
639 59
639 60
639 61
639 62
639 63
639 64
639 65
639 66
639 67
639 68
639 69
639 70
639 71
639 72
639 73
639 74
639 75
639 76
639 77
639 78
639 79
639 80
639 81
639 82
639 83
639 84
639 85
639 86
639 87
639 88
639 89
639 90
639 91
639 92
641 93
643 94
642 95
648 96
657 97
662 98
658 99
669 100
668 101
662 102
671 103
683 104
688 105
693 106
696 107
699 108
709 109
718 110
721 111
718 112
721 113
722 114
726 115
727 116
734 117
743 118
750 119
752 120
755 121
762 122
770 123
770 124
771 125
777 126
785 127
785 128
786 129
792 130
802 131
810 132
811 133
815 134
827 135
834 136
851 137
865 138
870 139
871 140
872 141
874 142
877 143
877 144
881 145
884 146
889 147
892 148
894 149
898 150
898 151
901 152
902 153
908 154
910 155
914 156
912 157
912 158
912 159
915 160
919 161
926 162
930 163
929 164
937 165
939 166
940 167
943 168
946 169
947 170
948 171
949 172
951 173
952 174
963 175
968 176
982 177
993 178
1004 179
1009 180
1009 181
1008 182
1009 183
1008 184
1012 185
1015 186
1017 187
1018 188
1020 189
1025 190
1024 191
1025 192
1039 193
1049 194
1055 195
1056 196
1055 197
1057 198
1064 199
1080 200
1095 201
1105 202
1108 203
1117 204
1122 205
1125 206
1128 207
1130 208
1140 209
1144 210
1151 211
1154 212
1156 213
1160 214
1161 215
1170 216
1177 217
1169 218
1174 219
1174 220
1173 221
1179 222
1186 223
1190 224
1191 225
1188 226
1196 227
1199 228
1200 229
1205 230
1207 231
1213 232
1216 233
1213 234
1221 235
1223 236
1230 237
1237 238
1233 239
1218 240
1247 241
1209 242
1202 243
1232 244
1232 245
1267 246
1169 247
1011 248
1131 249
1268 250
1085 251
847 252
1143 254
853 255
853 256
853 257
1066 258
1108 259
1278 260
1269 261
1215 263
1264 264
1220 266
1270 267
1188 281
1187 282
1187 283
1234 288
1254 291
878 296
480 305
173 306
233 307
245 308
205 309
138 310
148 311
122 312
85 313
78 314
66 315
57 316
60 317
61 318
87 319
68 320
76 321
93 322
93 323
94 324
80 325
59 326
60 327
62 328
64 329
66 330
66 331
72 332
73 333
76 334
79 335
82 336
85 337
89 338
92 339
93 340
161 341
177 342
182 343
191 344
195 345
198 346
200 347
204 348
207 349
210 350
212 351
213 352
215 353
216 354
218 355
220 356
221 357
222 358
225 359
228 360
233 361
237 362
245 363
251 364
257 365
260 366
263 367
263 368
263 369
267 370
273 371
280 372
285 373
291 374
289 375
294 376
295 377
295 378
300 379
304 380
305 381
307 382
306 383
312 384
314 385
313 386
321 387
323 388
326 389
332 390
334 391
334 392
340 393
339 394
338 395
335 396
338 397
337 398
337 399
339 400
341 401
342 402
343 403
348 404
349 405
351 406
353 407
359 408
366 409
364 410
359 411
360 412
366 413
370 414
372 415
368 416
370 417
371 418
374 419
374 420
376 421
379 422
376 423
377 424
377 425
384 426
411 427
431 428
439 429
441 430
450 431
443 432
454 433
467 434
473 435
484 436
483 437
501 438
507 439
512 440
523 441
531 442
544 443
554 444
563 445
564 446
562 447
560 448
566 449
573 450
568 451
577 452
581 453
582 454
576 455
585 456
579 457
577 458
575 459
578 460
580 461
587 462
586 463
593 464
596 465
590 466
588 467
587 468
593 469
598 470
593 471
591 472
599 473
600 474
596 475
597 476
600 477
603 478
603 479
606 480
605 481
602 482
605 483
601 484
599 485
600 486
601 487
599 488
601 489
603 490
603 491
602 492
603 493
603 494
604 495
604 496
603 497
602 498
602 499
605 500
606 501
606 502
607 503
610 504
609 505
611 506
612 507
611 508
612 509
613 510
612 511
613 512
614 513
615 514
614 515
615 516
614 517
614 518
616 519
619 520
617 521
617 522
618 523
617 524
618 525
620 526
620 527
618 528
617 529
618 530
619 531
618 532
618 533
620 534
621 535
623 536
622 537
620 538
622 539
622 540
623 541
622 542
622 543
622 544
624 545
623 546
624 547
625 548
626 549
627 550
628 551
626 552
626 553
627 554
628 555
630 556
632 557
634 558
634 559
634 560
634 561
635 562
636 563
636 564
635 565
636 566
636 567
636 568
636 569
637 570
636 571
637 572
637 573
636 574
637 575
637 576
637 577
637 578
637 579
637 580
636 581
637 582
635 583
636 584
637 585
637 586
637 587
637 588
638 589
637 590
637 591
637 592
637 593
637 594
638 595
637 596
637 597
638 598
635 599
638 600
636 601
638 602
638 603
637 604
637 605
636 606
637 607
638 608
638 609
638 610
636 611
637 612
638 613
639 614
634 615
638 616
639 617
639 618
638 619
637 620
636 621
636 622
633 623
635 624
635 625
633 626
632 627
633 628
633 629
637 630
635 631
636 632
637 633
637 634
637 635
637 636
638 637
637 638
636 639
636 640
637 641
636 642
633 643
634 644
635 645
636 646
636 647
637 648
636 649
637 650
636 651
636 652
634 653
632 654
632 655
633 656
635 657
633 658
633 659
632 660
629 661
630 662
628 663
627 664
628 665
626 666
625 667
628 668
626 669
625 670
620 671
620 672
626 673
627 674
622 675
622 676
621 677
623 678
622 679
618 680
625 681
623 682
620 683
617 684
618 685
619 686
615 687
617 688
624 689
622 690
621 691
621 692
620 693
622 694
617 695
615 696
613 697
612 698
608 699
608 700
615 701
621 702
618 703
615 704
618 705
599 706
596 707
604 708
608 709
602 710
591 711
600 712
596 713
599 714
596 715
593 716
599 717
605 718
608 719
