639 0
639 1
639 2
639 3
639 4
639 5
639 6
639 7
639 8
639 9
639 10
639 11
639 12
639 13
639 14
639 15
639 16
639 17
639 18
639 19
639 20
639 21
639 22
639 23
639 24
639 25
639 26
639 27
639 28
639 29
639 30
639 31
639 32
639 33
639 34
639 35
639 36
639 37
639 38
639 39
639 40
639 41
639 42
639 43
639 44
639 45
639 46
639 47
639 48
637 49
637 50
637 51
637 52
633 53
634 54
630 55
629 56
632 57
633 58
630 59
618 60
612 61
615 62
613 63
612 64
607 65
599 66
591 67
588 68
582 69
582 70
584 71
588 72
576 73
572 74
556 75
554 76
555 77
553 78
555 79
538 80
531 81
533 82
535 83
532 84
529 85
526 86
524 87
516 88
512 89
504 90
497 91
507 92
501 93
490 94
483 95
470 96
449 97
445 98
444 99
437 100
433 101
428 102
434 103
427 104
422 105
420 106
423 107
413 108
411 109
406 110
403 111
405 112
404 113
404 114
396 115
393 116
392 117
397 118
397 119
398 120
394 121
393 122
387 123
375 124
373 125
370 126
376 127
368 128
369 129
358 130
358 131
358 132
359 133
357 134
353 135
347 136
343 137
335 138
332 139
327 140
320 141
309 142
303 143
298 144
296 145
296 146
292 147
289 148
290 149
289 150
287 151
286 152
279 153
277 154
277 155
269 156
261 157
260 158
251 159
250 160
248 161
253 162
250 163
241 164
227 165
218 166
213 167
208 168
204 169
189 170
184 171
183 172
178 173
179 174
179 175
179 176
179 177
184 178
177 179
167 180
173 181
161 182
169 183
159 184
161 185
156 186
148 187
148 188
140 189
137 190
139 191
126 192
119 193
121 194
121 195
113 196
122 197
116 198
116 199
127 200
109 201
113 202
103 203
99 204
110 205
109 206
121 207
109 208
90 209
97 210
111 211
120 212
116 213
119 214
129 215
168 216
157 217
193 218
166 219
179 220
168 221
123 222
128 223
103 224
80 225
77 226
80 227
93 228
83 229
104 230
89 231
104 232
76 233
90 234
78 235
84 236
68 237
101 238
102 239
127 240
154 241
128 242
54 243
65 244
117 245
97 246
162 247
163 248
207 249
152 250
149 251
189 252
223 253
136 254
165 255
187 256
120 257
100 258
112 259
138 260
155 261
75 262
157 263
48 264
30 265
103 266
98 267
605 268
791 269
1037 270
921 271
924 272
962 273
977 274
1005 275
1056 276
980 277
1008 278
1017 279
1003 280
956 281
1004 282
995 283
1016 284
1029 285
1016 286
1001 287
1025 288
1031 289
1031 290
1035 291
1020 292
1035 293
1016 294
1011 295
998 296
1019 297
1033 298
1043 299
1027 300
1023 301
1015 302
1004 303
1000 304
998 305
996 306
996 307
994 308
988 309
986 310
983 311
979 312
971 313
967 314
964 315
966 316
964 317
964 318
965 319
955 320
955 321
948 322
946 323
947 324
943 325
949 326
949 327
944 328
942 329
942 330
938 331
929 332
925 333
932 334
930 335
926 336
927 337
923 338
915 339
920 340
921 341
924 342
915 343
910 344
903 345
897 346
897 347
896 348
895 349
895 350
895 351
892 352
894 353
892 354
894 355
897 356
901 357
900 358
902 359
895 360
900 361
905 362
901 363
899 364
899 365
898 366
894 367
891 368
891 369
895 370
898 371
894 372
895 373
898 374
899 375
890 376
890 377
892 378
887 379
880 380
873 381
872 382
858 383
853 384
845 385
835 386
818 387
804 388
793 389
787 390
783 391
784 392
770 393
764 394
758 395
751 396
748 397
744 398
742 399
729 400
723 401
720 402
715 403
710 404
701 405
696 406
690 407
685 408
684 409
678 410
673 411
667 412
659 413
658 414
654 415
654 416
647 417
648 418
648 419
649 420
645 421
645 422
648 423
645 424
645 425
646 426
647 427
645 428
646 429
646 430
647 431
649 432
647 433
646 434
646 435
646 436
647 437
648 438
647 439
647 440
647 441
647 442
648 443
648 444
646 445
646 446
647 447
645 448
645 449
644 450
643 451
643 452
642 453
642 454
643 455
642 456
641 457
640 458
639 459
640 460
639 461
640 462
642 463
642 464
641 465
640 466
642 467
642 468
642 469
641 470
640 471
639 472
640 473
638 474
639 475
639 476
640 477
642 478
642 479
643 480
642 481
641 482
640 483
641 484
640 485
640 486
643 487
642 488
643 489
643 490
641 491
641 492
642 493
642 494
642 495
641 496
641 497
641 498
641 499
642 500
642 501
642 502
643 503
642 504
642 505
641 506
642 507
642 508
641 509
641 510
642 511
640 512
640 513
639 514
639 515
639 516
639 517
639 518
639 519
639 520
639 521
640 522
639 523
639 524
639 525
639 526
639 527
639 528
639 529
639 530
639 531
639 532
639 533
639 534
639 535
639 536
640 537
640 538
640 539
640 540
639 541
639 542
640 543
639 544
639 545
639 546
639 547
639 548
640 549
640 550
640 551
640 552
640 553
640 554
640 555
640 556
639 557
640 558
641 559
641 560
641 561
640 562
640 563
640 564
640 565
640 566
641 567
640 568
641 569
641 570
642 571
642 572
642 573
641 574
642 575
641 576
640 577
640 578
640 579
639 580
639 581
639 582
639 583
639 584
639 585
639 586
640 587
640 588
639 589
639 590
639 591
640 592
641 593
640 594
640 595
640 596
641 597
642 598
642 599
642 600
642 601
641 602
641 603
641 604
641 605
641 606
643 607
641 608
641 609
640 610
640 611
641 612
640 613
643 614
643 615
641 616
639 617
639 618
640 619
639 620
640 621
639 622
640 623
640 624
639 625
640 626
641 627
639 628
641 629
640 630
640 631
641 632
640 633
639 634
639 635
639 636
641 637
640 638
639 639
641 640
642 641
642 642
641 643
641 644
641 645
644 646
645 647
645 648
646 649
645 650
642 651
643 652
643 653
647 654
647 655
647 656
648 657
653 658
648 659
645 660
642 661
642 662
648 663
645 664
644 665
643 666
645 667
648 668
649 669
645 670
644 671
644 672
643 673
646 674
643 675
638 676
642 677
638 678
642 679
641 680
645 681
649 682
640 683
641 684
643 685
637 686
643 687
645 688
640 689
642 690
643 691
636 692
639 693
637 694
636 695
645 696
640 697
643 698
646 699
644 700
642 701
641 702
646 703
644 704
645 705
641 706
638 707
639 708
636 709
635 710
641 711
642 712
637 713
635 714
637 715
636 716
637 717
640 718
639 719
