639 0
639 1
639 2
639 3
639 4
639 5
639 6
639 7
639 8
639 9
639 10
639 11
639 12
639 13
639 14
639 15
639 16
639 17
639 18
639 19
639 20
639 21
639 22
639 23
639 24
639 25
639 26
639 27
639 28
639 29
639 30
639 31
639 32
639 33
639 34
639 35
639 36
639 37
639 38
639 39
639 40
639 41
639 42
639 43
639 44
639 45
639 46
639 47
639 48
639 49
637 50
636 51
637 52
635 53
632 54
632 55
632 56
634 57
633 58
630 59
625 60
620 61
615 62
617 63
614 64
611 65
604 66
597 67
591 68
593 69
593 70
590 71
586 72
580 73
572 74
561 75
556 76
552 77
552 78
559 79
545 80
542 81
538 82
528 83
531 84
530 85
527 86
530 87
519 88
510 89
504 90
505 91
503 92
502 93
496 94
492 95
471 96
453 97
445 98
446 99
437 100
434 101
434 102
436 103
429 104
427 105
422 106
417 107
416 108
415 109
408 110
407 111
412 112
410 113
423 114
411 115
399 116
395 117
395 118
404 119
411 120
399 121
401 122
390 123
383 124
378 125
372 126
372 127
372 128
373 129
365 130
361 131
359 132
359 133
361 134
359 135
350 136
348 137
340 138
340 139
329 140
327 141
321 142
322 143
300 144
296 145
295 146
301 147
293 148
292 149
290 150
294 151
291 152
280 153
280 154
281 155
277 156
274 157
264 158
259 159
249 160
249 161
254 162
251 163
240 164
231 165
221 166
212 167
211 168
201 169
202 170
193 171
190 172
177 173
179 174
181 175
176 176
171 177
181 178
173 179
170 180
165 181
162 182
176 183
169 184
146 185
141 186
138 187
134 188
127 189
125 190
138 191
137 192
118 193
118 194
123 195
115 196
112 197
109 198
127 199
122 200
110 201
97 202
99 203
95 204
97 205
88 206
92 207
117 208
106 209
98 210
83 211
89 212
81 213
66 214
80 215
77 216
63 217
84 218
103 219
115 220
111 221
120 222
156 223
365 224
409 225
415 226
412 227
443 228
466 229
463 230
453 231
407 232
429 233
441 234
487 235
516 236
522 237
531 238
498 239
492 240
517 241
534 242
547 243
513 244
528 245
551 246
490 247
513 248
573 249
568 250
594 251
578 252
562 253
595 254
592 255
585 256
610 257
574 258
592 259
576 260
559 261
573 262
581 263
590 264
618 265
626 266
639 267
661 268
703 269
720 270
714 271
772 272
822 273
840 274
867 275
885 276
899 277
916 278
905 279
887 280
921 281
901 282
911 283
900 284
928 285
958 286
937 287
952 288
972 289
975 290
978 291
997 292
1002 293
985 294
976 295
970 296
975 297
971 298
980 299
1006 300
977 301
970 302
966 303
964 304
963 305
947 306
934 307
932 308
931 309
927 310
916 311
927 312
925 313
924 314
922 315
921 316
911 317
909 318
899 319
890 320
890 321
871 322
841 323
835 324
836 325
836 326
838 327
835 328
832 329
835 330
826 331
817 332
821 333
826 334
833 335
811 336
810 337
809 338
806 339
808 340
807 341
802 342
785 343
752 344
746 345
750 346
750 347
751 348
750 349
743 350
741 351
742 352
740 353
738 354
737 355
733 356
729 357
729 358
729 359
730 360
728 361
728 362
728 363
727 364
730 365
730 366
731 367
726 368
734 369
736 370
734 371
731 372
728 373
728 374
725 375
723 376
724 377
726 378
724 379
724 380
727 381
726 382
722 383
723 384
721 385
718 386
716 387
717 388
713 389
710 390
697 391
692 392
687 393
687 394
685 395
685 396
684 397
686 398
685 399
681 400
685 401
688 402
682 403
680 404
683 405
682 406
680 407
682 408
678 409
683 410
683 411
681 412
683 413
681 414
677 415
678 416
676 417
679 418
678 419
677 420
676 421
676 422
676 423
673 424
672 425
674 426
672 427
672 428
673 429
675 430
671 431
676 432
676 433
680 434
678 435
685 436
692 437
708 438
712 439
723 440
727 441
726 442
730 443
739 444
749 445
751 446
748 447
744 448
753 449
760 450
742 451
739 452
747 453
763 454
757 455
748 456
747 457
738 458
742 459
745 460
741 461
742 462
745 463
727 464
741 465
777 466
793 467
786 468
767 469
766 470
764 471
745 472
741 473
749 474
750 475
754 476
744 477
749 478
738 479
742 480
747 481
747 482
743 483
740 484
739 485
734 486
749 487
738 488
738 489
733 490
733 491
730 492
726 493
727 494
732 495
735 496
737 497
734 498
738 499
746 500
749 501
751 502
754 503
759 504
766 505
759 506
755 507
759 508
754 509
753 510
750 511
741 512
730 513
728 514
728 515
729 516
722 517
711 518
705 519
706 520
712 521
716 522
710 523
712 524
709 525
721 526
717 527
707 528
716 529
714 530
711 531
707 532
697 533
704 534
703 535
703 536
706 537
700 538
703 539
698 540
692 541
696 542
701 543
692 544
692 545
694 546
692 547
688 548
689 549
691 550
693 551
688 552
686 553
686 554
689 555
689 556
687 557
685 558
694 559
695 560
693 561
692 562
694 563
691 564
691 565
686 566
691 567
684 568
682 569
681 570
683 571
681 572
681 573
680 574
676 575
678 576
677 577
686 578
688 579
688 580
686 581
685 582
688 583
686 584
686 585
695 586
694 587
685 588
686 589
691 590
695 591
708 592
707 593
703 594
701 595
697 596
696 597
703 598
707 599
707 600
699 601
703 602
705 603
698 604
700 605
706 606
710 607
710 608
702 609
701 610
706 611
717 612
713 613
711 614
707 615
714 616
707 617
707 618
709 619
709 620
713 621
714 622
709 623
699 624
695 625
700 626
709 627
713 628
720 629
715 630
708 631
704 632
705 633
710 634
708 635
702 636
694 637
696 638
694 639
707 640
700 641
700 642
709 643
698 644
700 645
694 646
691 647
702 648
691 649
701 650
708 651
696 652
689 653
690 654
698 655
698 656
704 657
702 658
699 659
702 660
690 661
687 662
680 663
684 664
699 665
695 666
700 667
691 668
709 669
707 670
712 671
706 672
701 673
689 674
687 675
693 676
705 677
706 678
707 679
696 680
699 681
703 682
708 683
706 684
709 685
701 686
697 687
696 688
690 689
692 690
704 691
707 692
706 693
709 694
697 695
707 696
699 697
701 698
711 699
690 700
673 701
669 702
681 703
680 704
677 705
680 706
688 707
673 708
688 709
696 710
681 711
693 712
700 713
709 714
689 715
719 716
726 717
724 718
712 719
