639 0
639 1
639 2
639 3
639 4
639 5
639 6
639 7
639 8
639 9
639 10
639 11
639 12
639 13
639 14
639 15
639 16
639 17
639 18
639 19
639 20
639 21
639 22
639 23
639 24
639 25
639 26
639 27
639 28
639 29
639 30
639 31
639 32
639 33
639 34
639 35
639 36
639 37
639 38
639 39
639 40
639 41
639 42
639 43
639 44
639 45
639 46
639 47
639 48
639 49
639 50
634 51
634 52
635 53
635 54
633 55
631 56
631 57
630 58
629 59
625 60
619 61
618 62
618 63
618 64
612 65
607 66
600 67
592 68
591 69
589 70
589 71
586 72
582 73
575 74
563 75
559 76
559 77
555 78
546 79
545 80
540 81
534 82
535 83
538 84
534 85
524 86
519 87
521 88
509 89
501 90
502 91
502 92
502 93
496 94
485 95
465 96
449 97
445 98
449 99
445 100
434 101
432 102
430 103
431 104
427 105
420 106
418 107
414 108
409 109
407 110
407 111
407 112
402 113
401 114
399 115
398 116
395 117
393 118
394 119
407 120
411 121
408 122
385 123
379 124
379 125
374 126
381 127
380 128
369 129
363 130
363 131
366 132
356 133
359 134
362 135
354 136
349 137
338 138
334 139
332 140
323 141
308 142
309 143
304 144
297 145
296 146
296 147
292 148
293 149
295 150
289 151
288 152
278 153
276 154
284 155
274 156
262 157
260 158
250 159
253 160
246 161
246 162
242 163
235 164
229 165
221 166
214 167
206 168
202 169
188 170
182 171
185 172
182 173
179 174
182 175
172 176
171 177
176 178
180 179
184 180
168 181
164 182
172 183
181 184
161 185
160 186
160 187
160 188
156 189
149 190
162 191
153 192
128 193
127 194
146 195
142 196
137 197
132 198
152 199
124 200
113 201
138 202
140 203
152 204
140 205
131 206
139 207
127 208
97 209
121 210
155 211
144 212
162 213
182 214
176 215
213 216
197 217
181 218
183 219
228 220
218 221
165 222
218 223
229 224
233 225
262 226
268 227
254 228
226 229
193 230
220 231
142 232
134 233
152 234
104 235
136 236
178 237
188 238
189 239
313 240
245 241
100 242
89 243
75 244
103 245
95 246
166 247
168 248
145 249
135 250
135 251
200 252
223 253
236 254
132 255
215 256
232 257
270 258
251 259
240 260
340 261
382 262
257 263
335 264
349 265
346 266
374 267
462 268
912 269
929 270
894 271
875 272
1075 273
1003 274
881 275
913 276
918 277
943 278
945 279
934 280
945 281
950 282
954 283
954 284
941 285
929 286
920 287
919 288
937 289
953 290
948 291
993 292
986 293
1002 294
986 295
1011 296
1016 297
1020 298
1030 299
1039 300
1023 301
1026 302
1022 303
1022 304
1020 305
1019 306
1026 307
1024 308
1002 309
1013 310
1005 311
967 312
964 313
956 314
955 315
955 316
956 317
945 318
948 319
944 320
943 321
941 322
935 323
928 324
917 325
913 326
917 327
915 328
919 329
915 330
910 331
909 332
910 333
915 334
917 335
918 336
915 337
909 338
917 339
906 340
906 341
906 342
913 343
913 344
914 345
912 346
908 347
907 348
904 349
903 350
903 351
899 352
901 353
897 354
896 355
898 356
898 357
895 358
896 359
894 360
892 361
892 362
893 363
896 364
890 365
886 366
891 367
888 368
890 369
890 370
883 371
882 372
885 373
884 374
883 375
879 376
877 377
874 378
873 379
870 380
868 381
866 382
859 383
851 384
841 385
835 386
815 387
804 388
796 389
796 390
794 391
791 392
778 393
770 394
768 395
755 396
752 397
748 398
747 399
736 400
728 401
719 402
716 403
709 404
703 405
698 406
693 407
687 408
683 409
680 410
674 411
673 412
662 413
658 414
653 415
656 416
648 417
646 418
645 419
647 420
645 421
643 422
643 423
643 424
644 425
643 426
644 427
645 428
645 429
643 430
643 431
643 432
642 433
647 434
646 435
643 436
642 437
644 438
645 439
649 440
649 441
648 442
647 443
648 444
647 445
648 446
652 447
652 448
651 449
650 450
656 451
653 452
657 453
661 454
671 455
665 456
670 457
671 458
672 459
674 460
673 461
671 462
670 463
674 464
675 465
672 466
677 467
679 468
676 469
671 470
669 471
669 472
674 473
674 474
669 475
673 476
675 477
677 478
672 479
679 480
680 481
680 482
686 483
684 484
677 485
681 486
686 487
688 488
692 489
692 490
685 491
682 492
687 493
686 494
680 495
683 496
687 497
689 498
688 499
688 500
679 501
676 502
679 503
671 504
673 505
677 506
678 507
677 508
673 509
673 510
670 511
673 512
673 513
676 514
678 515
678 516
679 517
682 518
681 519
671 520
677 521
682 522
683 523
681 524
679 525
679 526
679 527
680 528
683 529
681 530
678 531
674 532
673 533
678 534
681 535
682 536
680 537
681 538
685 539
682 540
678 541
683 542
681 543
684 544
685 545
684 546
683 547
679 548
677 549
679 550
682 551
683 552
682 553
682 554
682 555
682 556
681 557
677 558
677 559
677 560
676 561
674 562
675 563
675 564
677 565
676 566
676 567
675 568
676 569
676 570
672 571
670 572
668 573
667 574
669 575
667 576
665 577
665 578
667 579
665 580
660 581
660 582
665 583
655 584
658 585
659 586
661 587
664 588
663 589
660 590
669 591
666 592
669 593
682 594
685 595
684 596
683 597
690 598
692 599
699 600
708 601
709 602
710 603
708 604
705 605
714 606
713 607
709 608
702 609
693 610
690 611
684 612
695 613
701 614
706 615
711 616
708 617
713 618
723 619
741 620
747 621
745 622
749 623
752 624
779 625
794 626
789 627
802 628
803 629
814 630
810 631
804 632
820 633
828 634
844 635
849 636
841 637
827 638
827 639
842 640
849 641
839 642
855 643
863 644
848 645
833 646
829 647
829 648
851 649
833 650
821 651
808 652
793 653
804 654
793 655
793 656
802 657
807 658
805 659
815 660
806 661
796 662
792 663
801 664
805 665
802 666
802 667
818 668
823 669
813 670
822 671
817 672
824 673
822 674
830 675
829 676
821 677
823 678
817 679
810 680
822 681
808 682
802 683
799 684
816 685
820 686
799 687
780 688
775 689
806 690
819 691
833 692
819 693
804 694
795 695
797 696
813 697
804 698
804 699
804 700
808 701
785 702
785 703
787 704
796 705
789 706
778 707
791 708
784 709
770 710
749 711
756 712
788 713
779 714
750 715
749 716
750 717
730 718
719 719
