639 0
639 1
639 2
639 3
639 4
639 5
639 6
639 7
639 8
639 9
639 10
639 11
639 12
639 13
639 14
639 15
639 16
639 17
639 18
639 19
639 20
639 21
639 22
639 23
639 24
639 25
639 26
639 27
639 28
639 29
639 30
639 31
639 32
639 33
639 34
639 35
639 36
639 37
639 38
639 39
639 40
639 41
639 42
639 43
639 44
639 45
639 46
639 47
639 48
639 49
639 50
638 51
636 52
633 53
628 54
626 55
630 56
630 57
631 58
630 59
618 60
617 61
620 62
618 63
613 64
607 65
601 66
594 67
593 68
590 69
588 70
584 71
584 72
579 73
571 74
557 75
557 76
555 77
552 78
546 79
549 80
538 81
532 82
529 83
528 84
527 85
517 86
517 87
523 88
513 89
498 90
496 91
499 92
496 93
495 94
489 95
476 96
440 97
436 98
444 99
444 100
435 101
431 102
429 103
428 104
422 105
418 106
419 107
412 108
411 109
407 110
411 111
409 112
401 113
402 114
395 115
393 116
396 117
393 118
391 119
398 120
393 121
393 122
401 123
379 124
372 125
366 126
380 127
373 128
362 129
360 130
361 131
356 132
353 133
356 134
352 135
353 136
348 137
340 138
333 139
323 140
321 141
307 142
300 143
300 144
295 145
297 146
293 147
292 148
290 149
288 150
288 151
284 152
276 153
277 154
280 155
274 156
269 157
263 158
259 159
250 160
249 161
249 162
248 163
248 164
228 165
222 166
217 167
214 168
200 169
191 170
186 171
185 172
178 173
179 174
179 175
178 176
172 177
180 178
175 179
164 180
147 181
146 182
179 183
178 184
159 185
159 186
151 187
145 188
137 189
141 190
166 191
150 192
140 193
141 194
138 195
143 196
139 197
128 198
147 199
126 200
114 201
126 202
125 203
130 204
132 205
142 206
153 207
117 208
113 209
124 210
137 211
143 212
145 213
157 214
203 215
235 216
269 217
257 218
245 219
270 220
249 221
247 222
242 223
270 224
272 225
244 226
303 227
261 228
238 229
269 230
222 231
209 232
245 233
273 234
301 235
283 236
164 237
148 238
194 239
243 240
307 241
359 242
250 243
201 244
216 245
272 246
272 247
187 248
215 249
246 250
254 251
250 252
224 253
287 254
319 255
324 256
362 257
283 258
309 259
412 260
167 261
202 262
333 263
330 264
215 265
348 266
296 267
587 268
623 269
683 270
725 271
769 272
758 273
769 274
772 275
781 276
811 277
812 278
802 279
813 280
824 281
823 282
840 283
833 284
851 285
845 286
824 287
833 288
863 289
862 290
859 291
856 292
868 293
889 294
887 295
890 296
896 297
904 298
918 299
946 300
949 301
947 302
945 303
947 304
947 305
948 306
945 307
943 308
938 309
937 310
939 311
940 312
937 313
936 314
928 315
929 316
930 317
925 318
927 319
925 320
926 321
924 322
922 323
921 324
919 325
916 326
912 327
914 328
914 329
910 330
905 331
906 332
906 333
910 334
909 335
909 336
910 337
910 338
908 339
908 340
908 341
908 342
906 343
905 344
907 345
907 346
905 347
906 348
906 349
906 350
905 351
902 352
903 353
905 354
909 355
913 356
909 357
913 358
911 359
906 360
913 361
912 362
913 363
913 364
913 365
910 366
911 367
909 368
918 369
922 370
914 371
904 372
893 373
882 374
881 375
882 376
876 377
871 378
868 379
866 380
870 381
871 382
868 383
849 384
836 385
827 386
814 387
794 388
786 389
778 390
779 391
773 392
762 393
754 394
750 395
743 396
743 397
734 398
727 399
720 400
713 401
709 402
701 403
699 404
692 405
689 406
688 407
682 408
676 409
672 410
670 411
663 412
658 413
656 414
654 415
651 416
648 417
648 418
648 419
647 420
645 421
643 422
642 423
647 424
645 425
642 426
641 427
640 428
639 429
638 430
639 431
639 432
639 433
639 434
638 435
638 436
636 437
635 438
635 439
636 440
638 441
637 442
636 443
637 444
636 445
637 446
637 447
637 448
639 449
638 450
638 451
638 452
639 453
639 454
637 455
637 456
637 457
637 458
636 459
637 460
637 461
638 462
637 463
637 464
637 465
637 466
637 467
638 468
637 469
636 470
636 471
635 472
634 473
633 474
634 475
634 476
633 477
632 478
631 479
631 480
632 481
631 482
631 483
631 484
631 485
631 486
631 487
630 488
630 489
631 490
633 491
633 492
636 493
635 494
633 495
633 496
632 497
632 498
632 499
632 500
632 501
634 502
637 503
635 504
637 505
636 506
636 507
636 508
635 509
635 510
636 511
636 512
635 513
634 514
633 515
634 516
634 517
634 518
636 519
635 520
635 521
635 522
634 523
633 524
636 525
636 526
635 527
636 528
636 529
635 530
634 531
635 532
639 533
640 534
639 535
641 536
641 537
639 538
641 539
640 540
640 541
640 542
639 543
641 544
641 545
640 546
640 547
640 548
640 549
640 550
640 551
640 552
639 553
639 554
638 555
638 556
638 557
638 558
638 559
638 560
639 561
639 562
639 563
639 564
639 565
639 566
639 567
639 568
639 569
639 570
639 571
639 572
639 573
639 574
640 575
639 576
639 577
639 578
639 579
639 580
640 581
640 582
640 583
639 584
640 585
639 586
639 587
639 588
639 589
640 590
640 591
639 592
640 593
640 594
641 595
640 596
640 597
640 598
642 599
643 600
643 601
642 602
644 603
642 604
643 605
643 606
646 607
647 608
648 609
648 610
649 611
648 612
647 613
648 614
652 615
648 616
645 617
647 618
652 619
648 620
649 621
650 622
657 623
651 624
654 625
658 626
659 627
658 628
664 629
663 630
671 631
671 632
666 633
668 634
669 635
679 636
678 637
673 638
674 639
680 640
692 641
696 642
695 643
702 644
695 645
687 646
691 647
695 648
708 649
714 650
715 651
713 652
710 653
707 654
712 655
712 656
721 657
711 658
707 659
707 660
706 661
701 662
710 663
723 664
717 665
719 666
719 667
709 668
715 669
727 670
726 671
745 672
733 673
730 674
732 675
747 676
740 677
744 678
760 679
767 680
768 681
770 682
777 683
774 684
772 685
768 686
768 687
763 688
776 689
768 690
771 691
761 692
746 693
758 694
761 695
747 696
753 697
762 698
779 699
778 700
761 701
762 702
757 703
752 704
763 705
763 706
775 707
775 708
758 709
764 710
760 711
754 712
752 713
745 714
749 715
740 716
721 717
713 718
714 719
