639 0
639 1
639 2
639 3
639 4
639 5
639 6
639 7
639 8
639 9
639 10
639 11
639 12
639 13
639 14
639 15
639 16
639 17
639 18
639 19
639 20
639 21
639 22
639 23
639 24
639 25
639 26
639 27
639 28
639 29
639 30
639 31
639 32
639 33
639 34
639 35
639 36
639 37
639 38
639 39
639 40
639 41
639 42
639 43
639 44
639 45
639 46
639 47
639 48
639 49
639 50
638 51
637 52
631 53
631 54
629 55
629 56
629 57
630 58
628 59
623 60
616 61
613 62
614 63
614 64
608 65
602 66
597 67
587 68
584 69
587 70
586 71
583 72
582 73
571 74
562 75
558 76
557 77
554 78
557 79
543 80
534 81
532 82
532 83
531 84
528 85
524 86
518 87
516 88
512 89
503 90
496 91
501 92
503 93
492 94
484 95
476 96
441 97
438 98
442 99
442 100
437 101
433 102
431 103
425 104
422 105
422 106
417 107
410 108
407 109
407 110
409 111
403 112
398 113
398 114
397 115
393 116
392 117
393 118
400 119
399 120
393 121
395 122
387 123
377 124
373 125
372 126
372 127
370 128
369 129
362 130
357 131
358 132
353 133
353 134
356 135
350 136
346 137
337 138
324 139
318 140
307 141
296 142
300 143
293 144
298 145
300 146
290 147
292 148
292 149
291 150
286 151
283 152
278 153
279 154
279 155
272 156
269 157
265 158
267 159
257 160
248 161
246 162
249 163
245 164
239 165
225 166
232 167
229 168
221 169
216 170
208 171
202 172
202 173
213 174
217 175
210 176
192 177
186 178
183 179
191 180
186 181
176 182
191 183
194 184
184 185
174 186
164 187
166 188
153 189
148 190
170 191
167 192
152 193
143 194
141 195
128 196
140 197
132 198
140 199
160 200
130 201
130 202
134 203
136 204
125 205
115 206
144 207
133 208
109 209
115 210
126 211
135 212
126 213
106 214
149 215
143 216
99 217
136 218
177 219
145 220
130 221
120 222
165 223
149 224
147 225
162 226
176 227
190 228
199 229
222 230
217 231
202 232
165 233
176 234
191 235
167 236
172 237
200 238
261 239
198 240
221 241
182 242
268 243
268 244
311 245
306 246
213 247
167 248
198 249
244 250
233 251
242 252
281 253
260 254
306 255
212 256
300 257
353 258
334 259
371 260
201 261
220 262
193 263
207 264
183 265
142 266
193 267
359 268
482 269
576 270
647 271
659 272
718 273
699 274
719 275
717 276
694 277
731 278
765 279
759 280
750 281
757 282
761 283
751 284
793 285
794 286
777 287
783 288
809 289
796 290
807 291
815 292
803 293
819 294
818 295
822 296
834 297
837 298
874 299
900 300
892 301
891 302
884 303
880 304
900 305
896 306
898 307
902 308
895 309
895 310
890 311
900 312
896 313
895 314
894 315
893 316
890 317
891 318
886 319
880 320
890 321
883 322
872 323
873 324
871 325
874 326
857 327
870 328
868 329
864 330
855 331
868 332
870 333
867 334
856 335
857 336
869 337
863 338
869 339
866 340
863 341
857 342
852 343
855 344
856 345
856 346
864 347
867 348
864 349
858 350
855 351
855 352
861 353
865 354
862 355
862 356
858 357
861 358
858 359
860 360
859 361
864 362
868 363
867 364
865 365
861 366
858 367
854 368
854 369
861 370
858 371
860 372
862 373
861 374
858 375
858 376
862 377
859 378
857 379
854 380
852 381
853 382
852 383
838 384
836 385
818 386
804 387
789 388
783 389
779 390
781 391
775 392
760 393
760 394
755 395
747 396
741 397
741 398
736 399
724 400
722 401
716 402
710 403
701 404
701 405
691 406
688 407
678 408
672 409
663 410
662 411
658 412
652 413
647 414
645 415
640 416
638 417
640 418
644 419
641 420
644 421
646 422
648 423
645 424
646 425
645 426
644 427
642 428
643 429
643 430
644 431
646 432
642 433
643 434
645 435
643 436
642 437
640 438
640 439
641 440
641 441
640 442
641 443
641 444
640 445
638 446
639 447
641 448
639 449
640 450
639 451
639 452
639 453
638 454
637 455
638 456
637 457
637 458
636 459
635 460
636 461
637 462
636 463
636 464
637 465
638 466
637 467
636 468
636 469
636 470
637 471
636 472
637 473
638 474
637 475
637 476
636 477
636 478
636 479
637 480
638 481
637 482
636 483
636 484
638 485
637 486
636 487
637 488
636 489
636 490
636 491
636 492
637 493
637 494
636 495
636 496
636 497
636 498
636 499
636 500
636 501
636 502
637 503
637 504
636 505
636 506
637 507
637 508
636 509
638 510
638 511
637 512
636 513
637 514
637 515
636 516
636 517
636 518
635 519
634 520
634 521
634 522
634 523
634 524
635 525
635 526
635 527
635 528
634 529
634 530
634 531
633 532
633 533
633 534
634 535
634 536
633 537
634 538
634 539
633 540
634 541
634 542
635 543
634 544
635 545
635 546
634 547
634 548
634 549
634 550
635 551
634 552
634 553
634 554
634 555
634 556
635 557
635 558
635 559
635 560
635 561
636 562
636 563
636 564
636 565
636 566
636 567
637 568
637 569
638 570
637 571
637 572
636 573
637 574
638 575
638 576
638 577
638 578
638 579
638 580
639 581
638 582
638 583
638 584
638 585
638 586
639 587
639 588
639 589
640 590
640 591
641 592
641 593
642 594
641 595
640 596
640 597
640 598
642 599
640 600
641 601
639 602
639 603
639 604
639 605
639 606
642 607
640 608
640 609
640 610
640 611
641 612
640 613
640 614
640 615
641 616
640 617
640 618
640 619
640 620
640 621
640 622
643 623
641 624
640 625
640 626
641 627
640 628
640 629
641 630
641 631
641 632
642 633
641 634
640 635
640 636
641 637
641 638
643 639
642 640
644 641
641 642
642 643
640 644
639 645
640 646
644 647
643 648
641 649
642 650
642 651
640 652
639 653
640 654
643 655
645 656
646 657
645 658
640 659
639 660
639 661
641 662
642 663
643 664
644 665
643 666
645 667
647 668
647 669
644 670
648 671
650 672
646 673
646 674
645 675
646 676
650 677
653 678
648 679
646 680
641 681
644 682
645 683
646 684
646 685
646 686
649 687
645 688
641 689
647 690
649 691
647 692
650 693
646 694
647 695
648 696
648 697
651 698
648 699
646 700
647 701
648 702
647 703
647 704
647 705
654 706
657 707
651 708
644 709
649 710
656 711
653 712
650 713
649 714
653 715
654 716
647 717
646 718
645 719
