639 0
639 1
639 2
639 3
639 4
639 5
639 6
639 7
639 8
639 9
639 10
639 11
639 12
639 13
639 14
639 15
639 16
639 17
639 18
639 19
639 20
639 21
639 22
639 23
639 24
639 25
639 26
639 27
639 28
639 29
639 30
639 31
639 32
639 33
639 34
639 35
639 36
639 37
639 38
639 39
639 40
639 41
639 42
639 43
639 44
639 45
639 46
639 47
639 48
639 49
639 50
637 51
633 52
634 53
633 54
631 55
631 56
632 57
632 58
631 59
623 60
624 61
615 62
613 63
608 64
609 65
605 66
597 67
589 68
589 69
590 70
588 71
586 72
581 73
568 74
563 75
557 76
549 77
545 78
553 79
542 80
537 81
534 82
532 83
532 84
530 85
528 86
523 87
515 88
505 89
493 90
502 91
500 92
492 93
492 94
478 95
456 96
448 97
446 98
444 99
438 100
438 101
432 102
431 103
433 104
423 105
422 106
419 107
414 108
416 109
410 110
412 111
416 112
409 113
406 114
401 115
415 116
408 117
406 118
406 119
407 120
405 121
399 122
381 123
376 124
369 125
368 126
376 127
375 128
363 129
365 130
365 131
363 132
361 133
357 134
360 135
345 136
342 137
339 138
329 139
321 140
320 141
318 142
311 143
297 144
296 145
296 146
298 147
295 148
292 149
290 150
288 151
283 152
277 153
276 154
281 155
265 156
264 157
261 158
268 159
252 160
249 161
254 162
250 163
247 164
239 165
232 166
241 167
230 168
217 169
205 170
195 171
189 172
195 173
180 174
179 175
197 176
177 177
186 178
188 179
178 180
172 181
170 182
192 183
188 184
175 185
166 186
155 187
151 188
149 189
150 190
162 191
175 192
164 193
172 194
160 195
169 196
184 197
184 198
191 199
177 200
181 201
163 202
156 203
176 204
184 205
179 206
178 207
162 208
161 209
168 210
200 211
211 212
213 213
171 214
203 215
173 216
193 217
200 218
197 219
180 220
211 221
245 222
205 223
190 224
154 225
204 226
198 227
175 228
183 229
183 230
172 231
165 232
138 233
117 234
161 235
151 236
170 237
201 238
157 239
128 240
141 241
235 242
264 243
179 244
137 245
164 246
249 247
116 248
91 249
119 250
122 251
206 252
268 253
213 254
198 255
187 256
95 257
213 258
384 259
431 260
264 261
170 262
198 263
225 264
232 265
397 266
530 267
682 268
643 269
707 270
633 271
749 272
976 273
1025 274
990 275
1083 276
1065 277
1104 278
1049 279
955 280
989 281
1106 282
1106 283
1118 284
1111 285
1135 286
1092 287
1096 288
1128 289
1135 290
1171 291
1181 292
1117 293
1105 294
1105 295
1136 296
1120 297
1059 298
1034 299
1034 300
1009 301
994 302
990 303
991 304
979 305
978 306
982 307
978 308
961 309
952 310
950 311
963 312
956 313
956 314
955 315
953 316
947 317
948 318
946 319
937 320
932 321
926 322
929 323
931 324
925 325
921 326
911 327
912 328
908 329
900 330
903 331
903 332
905 333
905 334
905 335
905 336
906 337
900 338
899 339
903 340
909 341
902 342
894 343
895 344
902 345
901 346
898 347
900 348
897 349
890 350
894 351
890 352
894 353
884 354
888 355
888 356
889 357
891 358
890 359
886 360
895 361
891 362
888 363
891 364
889 365
887 366
883 367
891 368
888 369
890 370
889 371
886 372
888 373
891 374
889 375
889 376
889 377
885 378
885 379
876 380
869 381
859 382
851 383
853 384
833 385
818 386
801 387
789 388
788 389
783 390
781 391
768 392
763 393
754 394
754 395
749 396
742 397
737 398
733 399
721 400
719 401
711 402
710 403
700 404
697 405
694 406
686 407
680 408
676 409
671 410
665 411
663 412
660 413
658 414
655 415
652 416
653 417
656 418
656 419
654 420
651 421
654 422
657 423
657 424
653 425
655 426
654 427
654 428
654 429
652 430
654 431
651 432
652 433
651 434
650 435
650 436
652 437
651 438
648 439
647 440
649 441
650 442
651 443
650 444
649 445
647 446
648 447
646 448
646 449
646 450
647 451
646 452
644 453
644 454
643 455
642 456
642 457
642 458
641 459
640 460
640 461
639 462
640 463
639 464
641 465
640 466
640 467
640 468
641 469
640 470
639 471
638 472
636 473
636 474
638 475
636 476
636 477
636 478
637 479
636 480
635 481
635 482
635 483
636 484
635 485
636 486
637 487
636 488
636 489
636 490
636 491
637 492
637 493
636 494
637 495
638 496
637 497
637 498
637 499
637 500
637 501
638 502
639 503
638 504
637 505
637 506
636 507
636 508
638 509
639 510
639 511
638 512
636 513
638 514
638 515
637 516
637 517
637 518
637 519
634 520
636 521
636 522
635 523
635 524
635 525
636 526
636 527
638 528
638 529
638 530
639 531
638 532
638 533
638 534
639 535
637 536
639 537
640 538
640 539
638 540
639 541
638 542
636 543
638 544
637 545
637 546
636 547
635 548
635 549
637 550
637 551
637 552
638 553
638 554
638 555
638 556
638 557
638 558
638 559
638 560
638 561
639 562
638 563
638 564
638 565
638 566
638 567
638 568
639 569
639 570
639 571
639 572
639 573
639 574
639 575
639 576
639 577
639 578
639 579
639 580
639 581
639 582
639 583
639 584
639 585
639 586
639 587
639 588
639 589
639 590
639 591
639 592
639 593
639 594
639 595
639 596
640 597
640 598
640 599
640 600
639 601
639 602
639 603
639 604
639 605
639 606
640 607
639 608
639 609
639 610
640 611
639 612
639 613
639 614
642 615
642 616
640 617
640 618
640 619
641 620
640 621
641 622
641 623
640 624
640 625
640 626
640 627
640 628
640 629
640 630
641 631
642 632
641 633
640 634
641 635
640 636
639 637
640 638
641 639
642 640
639 641
639 642
640 643
642 644
640 645
641 646
641 647
639 648
640 649
642 650
643 651
642 652
641 653
641 654
644 655
642 656
640 657
639 658
638 659
639 660
638 661
639 662
643 663
640 664
639 665
640 666
639 667
641 668
644 669
641 670
643 671
645 672
643 673
640 674
639 675
639 676
640 677
647 678
651 679
646 680
641 681
641 682
642 683
648 684
650 685
645 686
643 687
649 688
643 689
645 690
642 691
643 692
645 693
645 694
648 695
653 696
645 697
649 698
650 699
645 700
645 701
647 702
649 703
651 704
646 705
650 706
653 707
650 708
646 709
647 710
655 711
658 712
650 713
656 714
659 715
660 716
658 717
658 718
655 719
