639 0
639 1
639 2
639 3
639 4
639 5
639 6
639 7
639 8
639 9
639 10
639 11
639 12
639 13
639 14
639 15
639 16
639 17
639 18
639 19
639 20
639 21
639 22
639 23
639 24
639 25
639 26
639 27
639 28
639 29
639 30
639 31
639 32
639 33
639 34
639 35
639 36
639 37
639 38
639 39
639 40
639 41
639 42
639 43
639 44
639 45
639 46
639 47
639 48
639 49
639 50
639 51
639 52
639 53
639 54
639 55
639 56
639 57
639 58
639 59
639 60
639 61
639 62
639 63
639 64
639 65
639 66
639 67
639 68
639 69
639 70
639 71
639 72
639 73
639 74
639 75
639 76
639 77
639 78
639 79
639 80
639 81
639 82
639 83
639 84
639 85
639 86
639 87
639 88
639 89
639 90
639 91
639 92
640 93
641 94
641 95
644 96
650 97
658 98
664 99
666 100
667 101
670 102
668 103
677 104
686 105
692 106
697 107
694 108
701 109
709 110
713 111
717 112
721 113
723 114
721 115
729 116
738 117
746 118
747 119
748 120
754 121
760 122
767 123
768 124
769 125
774 126
783 127
786 128
789 129
790 130
797 131
811 132
811 133
812 134
822 135
829 136
838 137
859 138
869 139
870 140
872 141
876 142
877 143
877 144
881 145
882 146
887 147
890 148
893 149
895 150
898 151
898 152
902 153
906 154
908 155
912 156
913 157
912 158
915 159
916 160
919 161
923 162
927 163
933 164
935 165
936 166
941 167
942 168
946 169
946 170
946 171
949 172
952 173
955 174
962 175
964 176
976 177
990 178
993 179
1008 180
1010 181
1011 182
1009 183
1012 184
1013 185
1015 186
1017 187
1018 188
1019 189
1023 190
1027 191
1025 192
1037 193
1047 194
1055 195
1055 196
1055 197
1059 198
1067 199
1072 200
1093 201
1105 202
1108 203
1115 204
1119 205
1124 206
1129 207
1130 208
1140 209
1142 210
1151 211
1153 212
1156 213
1156 214
1161 215
1165 216
1174 217
1178 218
1173 219
1175 220
1176 221
1179 222
1186 223
1190 224
1186 225
1189 226
1189 227
1198 228
1200 229
1206 230
1205 231
1196 232
1208 233
1211 234
1212 235
1217 236
1225 237
1229 238
1221 239
1204 240
1213 241
1220 242
1225 243
1232 244
1254 245
1251 246
1215 247
1258 248
920 249
951 250
856 251
1187 253
854 256
856 257
1216 259
1216 260
1226 261
1257 266
1201 267
1201 268
1236 269
1264 272
1199 291
1199 292
1091 296
950 301
942 302
943 303
1 305
241 306
180 307
201 308
185 309
122 310
114 311
78 312
53 313
34 314
56 315
66 316
67 317
45 318
47 319
48 320
51 321
61 322
94 323
86 324
72 325
60 326
61 327
69 328
63 329
66 330
67 331
71 332
72 333
76 334
88 335
80 336
84 337
95 338
92 339
96 340
146 341
172 342
179 343
187 344
193 345
197 346
203 347
207 348
206 349
208 350
210 351
213 352
215 353
217 354
218 355
219 356
220 357
222 358
225 359
229 360
231 361
238 362
241 363
248 364
254 365
256 366
258 367
262 368
267 369
270 370
269 371
277 372
288 373
289 374
288 375
296 376
295 377
297 378
296 379
301 380
302 381
302 382
307 383
308 384
310 385
313 386
319 387
322 388
323 389
328 390
333 391
332 392
336 393
336 394
336 395
336 396
336 397
335 398
335 399
345 400
344 401
345 402
343 403
345 404
355 405
357 406
356 407
356 408
363 409
364 410
359 411
368 412
367 413
368 414
365 415
365 416
368 417
372 418
374 419
375 420
375 421
377 422
379 423
379 424
382 425
388 426
415 427
428 428
437 429
443 430
439 431
445 432
465 433
466 434
465 435
472 436
485 437
493 438
504 439
499 440
521 441
529 442
541 443
548 444
558 445
557 446
558 447
563 448
572 449
575 450
573 451
576 452
574 453
572 454
568 455
574 456
574 457
576 458
580 459
576 460
581 461
584 462
588 463
589 464
590 465
591 466
595 467
595 468
587 469
595 470
596 471
598 472
599 473
599 474
600 475
602 476
602 477
602 478
601 479
598 480
604 481
602 482
604 483
604 484
602 485
599 486
600 487
600 488
602 489
603 490
604 491
604 492
603 493
602 494
602 495
604 496
605 497
605 498
605 499
605 500
605 501
607 502
607 503
608 504
610 505
614 506
613 507
612 508
613 509
613 510
614 511
615 512
614 513
614 514
616 515
614 516
615 517
614 518
613 519
613 520
614 521
616 522
620 523
618 524
617 525
617 526
617 527
616 528
616 529
616 530
617 531
620 532
621 533
622 534
621 535
623 536
624 537
621 538
621 539
622 540
623 541
622 542
623 543
623 544
624 545
623 546
625 547
624 548
625 549
624 550
627 551
628 552
626 553
627 554
628 555
628 556
632 557
633 558
635 559
636 560
635 561
635 562
635 563
635 564
636 565
636 566
635 567
635 568
636 569
637 570
636 571
636 572
636 573
637 574
636 575
637 576
636 577
637 578
637 579
636 580
635 581
635 582
634 583
636 584
637 585
636 586
637 587
636 588
637 589
637 590
637 591
637 592
637 593
637 594
638 595
638 596
638 597
638 598
638 599
637 600
637 601
638 602
638 603
638 604
638 605
638 606
638 607
635 608
640 609
638 610
637 611
637 612
637 613
638 614
637 615
637 616
638 617
638 618
636 619
638 620
636 621
637 622
637 623
638 624
635 625
635 626
634 627
635 628
636 629
637 630
634 631
635 632
637 633
638 634
637 635
635 636
636 637
637 638
637 639
635 640
638 641
639 642
637 643
635 644
637 645
638 646
636 647
634 648
635 649
635 650
635 651
636 652
634 653
634 654
634 655
633 656
634 657
630 658
630 659
632 660
635 661
635 662
633 663
629 664
631 665
627 666
628 667
629 668
626 669
623 670
622 671
622 672
626 673
625 674
620 675
625 676
627 677
626 678
626 679
622 680
621 681
620 682
620 683
620 684
622 685
619 686
620 687
619 688
622 689
620 690
619 691
617 692
615 693
613 694
610 695
603 696
616 697
616 698
612 699
609 700
613 701
620 702
606 703
604 704
606 705
602 706
604 707
603 708
608 709
603 710
594 711
600 712
597 713
597 714
604 715
583 716
597 717
602 718
604 719
