639 0
639 1
639 2
639 3
639 4
639 5
639 6
639 7
639 8
639 9
639 10
639 11
639 12
639 13
639 14
639 15
639 16
639 17
639 18
639 19
639 20
639 21
639 22
639 23
639 24
639 25
639 26
639 27
639 28
639 29
639 30
639 31
639 32
639 33
639 34
639 35
639 36
639 37
639 38
639 39
639 40
639 41
639 42
639 43
639 44
639 45
639 46
639 47
639 48
639 49
637 50
635 51
635 52
633 53
629 54
630 55
626 56
629 57
628 58
625 59
616 60
615 61
619 62
612 63
616 64
604 65
600 66
592 67
585 68
579 69
587 70
586 71
580 72
569 73
563 74
561 75
557 76
552 77
549 78
554 79
542 80
531 81
531 82
528 83
531 84
521 85
516 86
518 87
513 88
508 89
495 90
492 91
496 92
493 93
496 94
487 95
452 96
440 97
434 98
442 99
436 100
425 101
427 102
429 103
429 104
424 105
421 106
417 107
409 108
406 109
403 110
401 111
404 112
404 113
403 114
397 115
393 116
390 117
394 118
397 119
391 120
395 121
392 122
385 123
379 124
371 125
366 126
365 127
362 128
362 129
363 130
358 131
354 132
355 133
355 134
352 135
345 136
345 137
339 138
326 139
322 140
316 141
306 142
303 143
304 144
294 145
289 146
289 147
291 148
289 149
288 150
286 151
283 152
281 153
283 154
279 155
266 156
265 157
260 158
262 159
263 160
252 161
248 162
248 163
245 164
231 165
216 166
222 167
218 168
208 169
205 170
206 171
201 172
204 173
206 174
208 175
201 176
193 177
196 178
199 179
198 180
179 181
181 182
194 183
197 184
187 185
187 186
183 187
198 188
200 189
191 190
192 191
188 192
173 193
166 194
158 195
157 196
164 197
151 198
165 199
172 200
148 201
125 202
139 203
147 204
136 205
139 206
167 207
155 208
139 209
133 210
129 211
143 212
136 213
140 214
199 215
191 216
126 217
124 218
161 219
148 220
127 221
145 222
180 223
152 224
122 225
165 226
182 227
152 228
101 229
97 230
145 231
154 232
90 233
79 234
93 235
107 236
99 237
94 238
105 239
140 240
131 241
161 242
116 243
76 244
77 245
118 246
163 247
134 248
94 249
80 250
116 251
117 252
113 253
185 254
218 255
143 256
193 257
156 258
182 259
282 260
261 261
276 262
280 263
322 264
332 265
244 266
357 267
586 268
650 269
789 270
599 271
799 272
988 273
1008 274
996 275
1112 276
1118 277
1086 278
1054 279
1147 280
1061 281
1033 282
971 283
932 284
916 285
915 286
887 287
887 288
883 289
869 290
908 291
887 292
869 293
894 294
895 295
877 296
892 297
892 298
930 299
943 300
951 301
950 302
954 303
929 304
940 305
942 306
938 307
941 308
936 309
932 310
929 311
919 312
920 313
925 314
925 315
921 316
906 317
912 318
916 319
906 320
916 321
915 322
911 323
904 324
903 325
903 326
902 327
897 328
901 329
898 330
896 331
898 332
895 333
889 334
885 335
883 336
889 337
886 338
882 339
882 340
879 341
880 342
877 343
870 344
872 345
877 346
884 347
881 348
882 349
881 350
878 351
875 352
876 353
874 354
874 355
878 356
878 357
879 358
874 359
882 360
883 361
881 362
883 363
882 364
883 365
883 366
883 367
877 368
878 369
876 370
876 371
874 372
874 373
873 374
871 375
868 376
874 377
875 378
876 379
867 380
860 381
856 382
852 383
837 384
832 385
816 386
801 387
792 388
780 389
779 390
782 391
775 392
766 393
758 394
753 395
753 396
746 397
737 398
731 399
724 400
720 401
713 402
707 403
704 404
698 405
690 406
688 407
682 408
678 409
673 410
667 411
665 412
659 413
651 414
651 415
648 416
652 417
646 418
653 419
649 420
642 421
641 422
644 423
648 424
648 425
646 426
646 427
647 428
648 429
648 430
650 431
648 432
649 433
650 434
646 435
645 436
644 437
645 438
644 439
644 440
644 441
644 442
644 443
643 444
644 445
643 446
644 447
640 448
640 449
641 450
640 451
639 452
638 453
638 454
639 455
639 456
638 457
638 458
637 459
636 460
636 461
636 462
635 463
636 464
635 465
636 466
636 467
635 468
635 469
636 470
636 471
636 472
635 473
636 474
636 475
635 476
635 477
636 478
637 479
637 480
637 481
636 482
636 483
636 484
636 485
635 486
635 487
636 488
636 489
636 490
638 491
637 492
636 493
636 494
637 495
638 496
637 497
638 498
638 499
638 500
638 501
638 502
639 503
639 504
636 505
635 506
637 507
637 508
636 509
637 510
638 511
635 512
636 513
637 514
638 515
637 516
636 517
635 518
635 519
634 520
635 521
636 522
636 523
636 524
635 525
634 526
634 527
635 528
635 529
635 530
635 531
636 532
636 533
637 534
637 535
636 536
637 537
636 538
636 539
636 540
636 541
635 542
635 543
636 544
636 545
636 546
636 547
637 548
637 549
637 550
637 551
637 552
637 553
638 554
638 555
637 556
638 557
638 558
638 559
638 560
638 561
638 562
638 563
638 564
638 565
639 566
639 567
640 568
639 569
639 570
641 571
641 572
641 573
641 574
642 575
640 576
640 577
640 578
639 579
639 580
639 581
639 582
639 583
640 584
639 585
639 586
640 587
639 588
639 589
639 590
639 591
639 592
639 593
639 594
639 595
640 596
639 597
639 598
639 599
641 600
639 601
639 602
640 603
641 604
639 605
639 606
640 607
640 608
639 609
640 610
640 611
639 612
639 613
640 614
640 615
640 616
641 617
640 618
640 619
640 620
640 621
641 622
642 623
641 624
640 625
641 626
641 627
641 628
640 629
640 630
641 631
640 632
640 633
642 634
640 635
641 636
645 637
642 638
643 639
640 640
642 641
641 642
640 643
641 644
639 645
640 646
643 647
643 648
639 649
640 650
642 651
641 652
642 653
642 654
647 655
644 656
644 657
647 658
648 659
644 660
641 661
640 662
646 663
647 664
644 665
645 666
647 667
645 668
645 669
645 670
647 671
648 672
642 673
643 674
644 675
642 676
641 677
645 678
651 679
647 680
647 681
649 682
647 683
650 684
650 685
647 686
646 687
644 688
648 689
649 690
648 691
644 692
647 693
647 694
659 695
660 696
652 697
650 698
647 699
644 700
642 701
646 702
650 703
652 704
654 705
654 706
650 707
648 708
653 709
648 710
655 711
653 712
652 713
653 714
650 715
658 716
656 717
659 718
654 719
