639 0
639 1
639 2
639 3
639 4
639 5
639 6
639 7
639 8
639 9
639 10
639 11
639 12
639 13
639 14
639 15
639 16
639 17
639 18
639 19
639 20
639 21
639 22
639 23
639 24
639 25
639 26
639 27
639 28
639 29
639 30
639 31
639 32
639 33
639 34
639 35
639 36
639 37
639 38
639 39
639 40
639 41
639 42
639 43
639 44
639 45
639 46
639 47
639 48
639 49
638 50
637 51
636 52
628 53
631 54
634 55
631 56
630 57
629 58
631 59
622 60
618 61
615 62
615 63
619 64
614 65
606 66
593 67
592 68
590 69
584 70
588 71
583 72
575 73
566 74
559 75
560 76
555 77
557 78
552 79
548 80
536 81
533 82
533 83
530 84
528 85
525 86
516 87
514 88
515 89
506 90
499 91
508 92
504 93
497 94
488 95
478 96
449 97
444 98
444 99
445 100
441 101
432 102
432 103
427 104
423 105
425 106
423 107
411 108
411 109
410 110
418 111
407 112
409 113
413 114
408 115
400 116
411 117
402 118
402 119
402 120
401 121
394 122
392 123
380 124
373 125
368 126
382 127
377 128
363 129
367 130
368 131
362 132
361 133
360 134
358 135
355 136
348 137
344 138
336 139
325 140
327 141
315 142
313 143
311 144
296 145
300 146
297 147
291 148
289 149
290 150
287 151
286 152
282 153
282 154
285 155
276 156
268 157
261 158
260 159
250 160
247 161
249 162
246 163
239 164
237 165
227 166
222 167
220 168
214 169
197 170
187 171
188 172
178 173
180 174
194 175
175 176
179 177
174 178
180 179
174 180
163 181
162 182
177 183
167 184
150 185
146 186
140 187
140 188
138 189
137 190
134 191
142 192
133 193
125 194
115 195
122 196
126 197
117 198
129 199
128 200
107 201
95 202
119 203
120 204
125 205
144 206
108 207
127 208
100 209
106 210
100 211
140 212
126 213
112 214
160 215
178 216
185 217
188 218
183 219
215 220
228 221
207 222
230 223
281 224
309 225
350 226
358 227
386 228
387 229
435 230
419 231
376 232
413 233
406 234
424 235
466 236
459 237
466 238
433 239
452 240
478 241
480 242
482 243
486 244
490 245
494 246
481 247
476 248
534 249
510 250
466 251
449 252
419 253
411 254
406 255
403 256
401 257
397 258
394 259
397 260
391 261
388 262
395 263
392 264
392 265
388 266
391 267
393 268
405 269
407 270
423 271
438 272
440 273
442 274
464 275
461 276
472 277
475 278
476 279
476 280
481 281
477 282
483 283
486 284
494 285
491 286
500 287
511 288
517 289
525 290
535 291
544 292
550 293
568 294
590 295
591 296
588 297
596 298
635 299
711 300
705 301
704 302
710 303
725 304
730 305
736 306
750 307
742 308
729 309
724 310
745 311
739 312
750 313
738 314
737 315
741 316
743 317
756 318
754 319
754 320
753 321
753 322
757 323
758 324
761 325
758 326
760 327
765 328
759 329
760 330
765 331
761 332
760 333
759 334
763 335
765 336
764 337
758 338
761 339
773 340
773 341
776 342
780 343
768 344
774 345
775 346
775 347
779 348
782 349
775 350
771 351
785 352
774 353
777 354
785 355
791 356
788 357
788 358
785 359
795 360
793 361
798 362
793 363
790 364
783 365
791 366
780 367
794 368
803 369
802 370
790 371
788 372
790 373
798 374
799 375
805 376
807 377
805 378
802 379
799 380
787 381
793 382
796 383
800 384
797 385
790 386
792 387
795 388
800 389
816 390
804 391
796 392
794 393
802 394
804 395
800 396
800 397
799 398
806 399
796 400
803 401
808 402
804 403
790 404
790 405
784 406
774 407
763 408
773 409
762 410
759 411
761 412
743 413
735 414
726 415
720 416
722 417
719 418
721 419
723 420
723 421
721 422
715 423
714 424
719 425
724 426
724 427
717 428
715 429
717 430
720 431
714 432
719 433
719 434
711 435
706 436
704 437
708 438
704 439
706 440
708 441
707 442
701 443
699 444
702 445
699 446
701 447
699 448
702 449
699 450
700 451
701 452
704 453
702 454
699 455
694 456
693 457
691 458
692 459
692 460
691 461
687 462
685 463
682 464
686 465
687 466
685 467
681 468
686 469
682 470
676 471
672 472
673 473
673 474
672 475
669 476
668 477
669 478
668 479
664 480
664 481
663 482
664 483
665 484
664 485
661 486
665 487
664 488
666 489
667 490
662 491
661 492
661 493
662 494
668 495
668 496
665 497
666 498
663 499
661 500
665 501
664 502
661 503
659 504
657 505
661 506
665 507
667 508
661 509
658 510
661 511
661 512
659 513
660 514
662 515
662 516
661 517
660 518
663 519
661 520
660 521
661 522
662 523
664 524
666 525
663 526
663 527
667 528
664 529
666 530
668 531
669 532
667 533
667 534
666 535
667 536
667 537
663 538
661 539
661 540
666 541
665 542
665 543
670 544
669 545
667 546
667 547
665 548
665 549
668 550
669 551
670 552
669 553
668 554
666 555
669 556
666 557
665 558
668 559
672 560
671 561
670 562
672 563
675 564
674 565
673 566
673 567
671 568
672 569
673 570
675 571
673 572
676 573
674 574
673 575
671 576
672 577
675 578
675 579
677 580
680 581
675 582
675 583
669 584
675 585
677 586
677 587
674 588
671 589
673 590
677 591
675 592
676 593
676 594
675 595
679 596
676 597
677 598
677 599
675 600
681 601
684 602
683 603
687 604
688 605
686 606
683 607
684 608
687 609
687 610
684 611
685 612
685 613
689 614
696 615
694 616
690 617
693 618
695 619
693 620
691 621
690 622
695 623
686 624
685 625
690 626
689 627
690 628
694 629
693 630
688 631
685 632
689 633
697 634
696 635
695 636
700 637
697 638
698 639
709 640
713 641
712 642
708 643
716 644
710 645
707 646
712 647
706 648
701 649
702 650
699 651
702 652
697 653
704 654
708 655
709 656
713 657
720 658
713 659
725 660
726 661
713 662
719 663
710 664
706 665
701 666
689 667
703 668
708 669
708 670
705 671
710 672
715 673
705 674
692 675
686 676
692 677
697 678
693 679
688 680
684 681
692 682
692 683
688 684
689 685
680 686
696 687
681 688
680 689
685 690
680 691
666 692
669 693
670 694
672 695
674 696
665 697
663 698
667 699
668 700
669 701
666 702
663 703
677 704
665 705
657 706
661 707
670 708
655 709
654 710
661 711
660 712
659 713
650 714
655 715
653 716
654 717
658 718
652 719
