639 0
639 1
639 2
639 3
639 4
639 5
639 6
639 7
639 8
639 9
639 10
639 11
639 12
639 13
639 14
639 15
639 16
639 17
639 18
639 19
639 20
639 21
639 22
639 23
639 24
639 25
639 26
639 27
639 28
639 29
639 30
639 31
639 32
639 33
639 34
639 35
639 36
639 37
639 38
639 39
639 40
639 41
639 42
639 43
639 44
639 45
639 46
639 47
639 48
639 49
639 50
638 51
635 52
633 53
634 54
627 55
629 56
629 57
631 58
630 59
620 60
614 61
610 62
611 63
610 64
617 65
606 66
594 67
592 68
589 69
587 70
590 71
585 72
577 73
572 74
560 75
557 76
550 77
551 78
552 79
546 80
535 81
536 82
535 83
530 84
529 85
524 86
520 87
521 88
512 89
501 90
492 91
497 92
499 93
490 94
480 95
468 96
442 97
437 98
440 99
436 100
433 101
430 102
435 103
426 104
426 105
419 106
418 107
413 108
408 109
411 110
414 111
412 112
399 113
398 114
403 115
400 116
399 117
401 118
408 119
410 120
398 121
389 122
388 123
376 124
371 125
367 126
373 127
369 128
368 129
365 130
365 131
360 132
360 133
362 134
361 135
352 136
347 137
341 138
343 139
330 140
324 141
323 142
317 143
310 144
300 145
297 146
297 147
300 148
292 149
289 150
294 151
284 152
280 153
280 154
280 155
277 156
263 157
258 158
266 159
255 160
251 161
254 162
253 163
247 164
229 165
223 166
223 167
216 168
211 169
208 170
200 171
195 172
194 173
189 174
188 175
187 176
172 177
179 178
179 179
178 180
175 181
161 182
166 183
181 184
170 185
175 186
164 187
137 188
146 189
152 190
158 191
151 192
138 193
129 194
135 195
138 196
131 197
123 198
143 199
137 200
121 201
104 202
123 203
142 204
165 205
189 206
198 207
213 208
204 209
240 210
249 211
257 212
269 213
305 214
337 215
358 216
395 217
380 218
388 219
414 220
442 221
438 222
418 223
435 224
435 225
440 226
440 227
446 228
448 229
455 230
455 231
437 232
441 233
453 234
461 235
449 236
451 237
457 238
459 239
448 240
462 241
468 242
459 243
459 244
454 245
458 246
444 247
453 248
468 249
464 250
464 251
470 252
464 253
470 254
467 255
469 256
471 257
473 258
470 259
478 260
473 261
466 262
458 263
471 264
476 265
469 266
459 267
472 268
485 269
498 270
511 271
528 272
556 273
573 274
564 275
581 276
579 277
577 278
582 279
576 280
584 281
587 282
587 283
587 284
598 285
597 286
597 287
607 288
606 289
626 290
633 291
637 292
646 293
655 294
666 295
660 296
680 297
695 298
706 299
773 300
781 301
785 302
784 303
783 304
792 305
793 306
799 307
796 308
797 309
791 310
781 311
790 312
797 313
796 314
795 315
796 316
792 317
792 318
785 319
780 320
788 321
789 322
786 323
779 324
780 325
779 326
772 327
773 328
768 329
764 330
767 331
762 332
764 333
764 334
763 335
761 336
766 337
760 338
758 339
760 340
756 341
755 342
756 343
753 344
753 345
749 346
749 347
743 348
739 349
739 350
737 351
735 352
734 353
735 354
736 355
734 356
732 357
731 358
731 359
730 360
731 361
729 362
729 363
729 364
729 365
729 366
728 367
730 368
728 369
728 370
729 371
730 372
729 373
731 374
730 375
730 376
730 377
731 378
730 379
730 380
731 381
730 382
731 383
729 384
729 385
728 386
723 387
722 388
725 389
722 390
726 391
716 392
714 393
715 394
716 395
715 396
714 397
709 398
712 399
709 400
707 401
707 402
704 403
706 404
706 405
703 406
704 407
700 408
695 409
691 410
684 411
685 412
681 413
669 414
668 415
668 416
664 417
668 418
670 419
669 420
668 421
665 422
663 423
669 424
665 425
666 426
663 427
656 428
660 429
660 430
662 431
662 432
660 433
661 434
660 435
662 436
662 437
664 438
664 439
665 440
662 441
659 442
657 443
657 444
659 445
665 446
666 447
662 448
665 449
671 450
673 451
678 452
685 453
685 454
684 455
692 456
688 457
689 458
688 459
692 460
694 461
693 462
692 463
696 464
698 465
693 466
691 467
694 468
687 469
684 470
686 471
692 472
697 473
697 474
700 475
699 476
697 477
699 478
714 479
706 480
705 481
711 482
726 483
722 484
721 485
712 486
708 487
712 488
708 489
707 490
702 491
706 492
706 493
706 494
705 495
700 496
702 497
702 498
696 499
695 500
698 501
698 502
696 503
690 504
693 505
695 506
690 507
693 508
693 509
702 510
708 511
697 512
693 513
690 514
695 515
697 516
693 517
693 518
695 519
694 520
697 521
695 522
688 523
690 524
693 525
694 526
690 527
689 528
693 529
691 530
689 531
696 532
691 533
689 534
696 535
699 536
694 537
704 538
709 539
703 540
694 541
703 542
709 543
709 544
714 545
715 546
709 547
704 548
714 549
718 550
718 551
715 552
711 553
714 554
722 555
724 556
721 557
713 558
710 559
711 560
716 561
719 562
726 563
725 564
722 565
719 566
726 567
714 568
713 569
712 570
713 571
714 572
714 573
710 574
705 575
706 576
712 577
713 578
718 579
719 580
720 581
718 582
718 583
726 584
727 585
729 586
730 587
724 588
726 589
725 590
720 591
723 592
715 593
720 594
721 595
723 596
719 597
721 598
722 599
715 600
714 601
717 602
707 603
705 604
708 605
706 606
699 607
693 608
694 609
690 610
685 611
689 612
689 613
692 614
693 615
698 616
688 617
691 618
691 619
696 620
703 621
700 622
703 623
700 624
700 625
699 626
703 627
712 628
712 629
711 630
720 631
714 632
714 633
715 634
724 635
732 636
722 637
715 638
719 639
712 640
710 641
709 642
714 643
714 644
708 645
711 646
725 647
725 648
727 649
723 650
719 651
722 652
724 653
728 654
732 655
731 656
732 657
737 658
728 659
737 660
742 661
749 662
756 663
751 664
748 665
751 666
753 667
752 668
755 669
761 670
767 671
768 672
749 673
735 674
739 675
744 676
746 677
740 678
740 679
750 680
763 681
756 682
758 683
760 684
762 685
755 686
768 687
736 688
740 689
746 690
752 691
750 692
746 693
743 694
740 695
745 696
748 697
756 698
766 699
753 700
735 701
738 702
741 703
742 704
752 705
759 706
754 707
737 708
742 709
758 710
747 711
737 712
740 713
729 714
735 715
739 716
735 717
725 718
714 719
