639 0
639 1
639 2
639 3
639 4
639 5
639 6
639 7
639 8
639 9
639 10
639 11
639 12
639 13
639 14
639 15
639 16
639 17
639 18
639 19
639 20
639 21
639 22
639 23
639 24
639 25
639 26
639 27
639 28
639 29
639 30
639 31
639 32
639 33
639 34
639 35
639 36
639 37
639 38
639 39
639 40
639 41
639 42
639 43
639 44
639 45
639 46
639 47
639 48
639 49
638 50
637 51
635 52
634 53
634 54
628 55
627 56
630 57
630 58
628 59
620 60
619 61
611 62
612 63
610 64
612 65
605 66
598 67
591 68
586 69
582 70
585 71
585 72
579 73
574 74
558 75
555 76
555 77
552 78
554 79
547 80
539 81
532 82
530 83
531 84
530 85
529 86
523 87
521 88
516 89
504 90
496 91
498 92
498 93
497 94
486 95
463 96
449 97
437 98
438 99
435 100
431 101
429 102
434 103
428 104
424 105
421 106
416 107
412 108
410 109
406 110
407 111
412 112
410 113
401 114
395 115
397 116
401 117
394 118
394 119
408 120
397 121
395 122
393 123
381 124
374 125
371 126
383 127
373 128
362 129
366 130
364 131
361 132
354 133
357 134
355 135
350 136
343 137
341 138
339 139
328 140
324 141
311 142
305 143
302 144
296 145
294 146
294 147
293 148
293 149
288 150
289 151
287 152
281 153
277 154
279 155
273 156
260 157
254 158
263 159
251 160
250 161
252 162
247 163
243 164
234 165
220 166
225 167
212 168
207 169
200 170
187 171
188 172
186 173
180 174
189 175
186 176
183 177
194 178
197 179
189 180
180 181
163 182
165 183
170 184
162 185
158 186
145 187
151 188
142 189
135 190
151 191
135 192
138 193
130 194
122 195
114 196
120 197
114 198
122 199
128 200
123 201
115 202
113 203
116 204
113 205
101 206
114 207
134 208
113 209
112 210
114 211
145 212
158 213
116 214
120 215
141 216
138 217
120 218
140 219
124 220
112 221
148 222
184 223
145 224
156 225
193 226
181 227
197 228
173 229
162 230
135 231
167 232
131 233
115 234
163 235
265 236
116 237
105 238
145 239
111 240
77 241
84 242
94 243
94 244
74 245
108 246
82 247
104 248
104 249
110 250
88 251
55 252
62 253
105 254
95 255
115 256
97 257
120 258
87 259
91 260
138 261
128 262
103 263
97 264
302 265
13 266
26 267
680 268
651 269
770 270
877 271
1007 272
1145 273
1082 274
1089 275
1141 276
1100 277
1131 278
1102 279
1035 280
1081 281
1173 282
1126 283
1031 284
1009 285
1101 286
1059 287
1039 288
1052 289
1027 290
1064 291
1103 292
1069 293
1055 294
1025 295
1022 296
987 297
970 298
975 299
988 300
962 301
949 302
947 303
949 304
933 305
935 306
939 307
930 308
930 309
930 310
931 311
927 312
923 313
922 314
922 315
919 316
917 317
920 318
919 319
919 320
921 321
919 322
914 323
914 324
913 325
913 326
907 327
901 328
902 329
902 330
905 331
904 332
903 333
902 334
901 335
896 336
898 337
895 338
894 339
891 340
887 341
883 342
884 343
880 344
875 345
869 346
866 347
863 348
857 349
854 350
849 351
847 352
843 353
850 354
858 355
859 356
857 357
854 358
851 359
853 360
855 361
855 362
852 363
849 364
846 365
837 366
836 367
837 368
837 369
838 370
836 371
835 372
836 373
837 374
837 375
836 376
837 377
837 378
835 379
834 380
835 381
835 382
831 383
830 384
825 385
818 386
801 387
787 388
775 389
766 390
767 391
763 392
748 393
742 394
739 395
735 396
728 397
721 398
718 399
713 400
709 401
704 402
699 403
688 404
687 405
687 406
682 407
677 408
674 409
667 410
663 411
660 412
654 413
652 414
652 415
650 416
645 417
647 418
652 419
652 420
649 421
648 422
648 423
649 424
648 425
646 426
646 427
647 428
646 429
646 430
646 431
647 432
646 433
646 434
647 435
647 436
647 437
646 438
650 439
648 440
648 441
647 442
648 443
647 444
647 445
647 446
647 447
648 448
646 449
645 450
645 451
644 452
645 453
644 454
644 455
644 456
644 457
644 458
644 459
644 460
644 461
644 462
644 463
643 464
643 465
643 466
642 467
643 468
642 469
642 470
641 471
641 472
641 473
641 474
640 475
640 476
640 477
640 478
641 479
641 480
641 481
641 482
642 483
642 484
644 485
644 486
644 487
644 488
646 489
647 490
646 491
645 492
646 493
646 494
646 495
647 496
648 497
648 498
649 499
650 500
650 501
650 502
650 503
650 504
650 505
649 506
649 507
648 508
648 509
649 510
649 511
647 512
646 513
648 514
649 515
648 516
646 517
646 518
647 519
645 520
646 521
646 522
645 523
645 524
647 525
647 526
646 527
646 528
646 529
644 530
643 531
643 532
643 533
642 534
641 535
642 536
641 537
641 538
641 539
640 540
640 541
640 542
640 543
642 544
641 545
641 546
640 547
639 548
641 549
640 550
640 551
640 552
640 553
641 554
640 555
640 556
640 557
640 558
641 559
641 560
641 561
640 562
640 563
640 564
640 565
639 566
641 567
641 568
641 569
641 570
640 571
640 572
640 573
640 574
640 575
639 576
642 577
640 578
641 579
641 580
642 581
640 582
643 583
644 584
643 585
643 586
640 587
641 588
642 589
643 590
646 591
644 592
646 593
648 594
646 595
643 596
646 597
647 598
652 599
651 600
649 601
651 602
650 603
651 604
653 605
659 606
661 607
656 608
652 609
654 610
656 611
656 612
653 613
650 614
652 615
653 616
653 617
654 618
662 619
670 620
668 621
662 622
659 623
660 624
663 625
670 626
670 627
671 628
686 629
686 630
676 631
678 632
676 633
677 634
685 635
690 636
692 637
690 638
685 639
692 640
692 641
692 642
692 643
692 644
690 645
689 646
687 647
685 648
697 649
699 650
695 651
694 652
688 653
693 654
693 655
698 656
702 657
696 658
695 659
689 660
697 661
709 662
710 663
708 664
718 665
722 666
722 667
722 668
726 669
730 670
720 671
721 672
720 673
714 674
718 675
726 676
732 677
738 678
729 679
737 680
739 681
733 682
734 683
724 684
726 685
728 686
725 687
724 688
733 689
737 690
743 691
748 692
754 693
750 694
743 695
731 696
738 697
732 698
738 699
730 700
724 701
724 702
724 703
721 704
726 705
729 706
725 707
720 708
715 709
719 710
715 711
713 712
719 713
722 714
727 715
722 716
719 717
714 718
710 719
