639 0
639 1
639 2
639 3
639 4
639 5
639 6
639 7
639 8
639 9
639 10
639 11
639 12
639 13
639 14
639 15
639 16
639 17
639 18
639 19
639 20
639 21
639 22
639 23
639 24
639 25
639 26
639 27
639 28
639 29
639 30
639 31
639 32
639 33
639 34
639 35
639 36
639 37
639 38
639 39
639 40
639 41
639 42
639 43
639 44
639 45
639 46
639 47
639 48
639 49
639 50
635 51
637 52
632 53
635 54
632 55
630 56
630 57
630 58
630 59
625 60
622 61
622 62
618 63
621 64
610 65
602 66
599 67
593 68
586 69
587 70
592 71
582 72
582 73
578 74
568 75
560 76
556 77
555 78
555 79
549 80
536 81
532 82
533 83
531 84
530 85
524 86
525 87
523 88
516 89
504 90
496 91
501 92
496 93
494 94
485 95
475 96
449 97
445 98
450 99
451 100
436 101
439 102
438 103
433 104
427 105
426 106
420 107
414 108
414 109
409 110
411 111
409 112
406 113
406 114
407 115
407 116
398 117
400 118
401 119
409 120
401 121
392 122
386 123
382 124
373 125
368 126
373 127
383 128
368 129
362 130
359 131
358 132
358 133
363 134
359 135
356 136
353 137
340 138
332 139
325 140
320 141
307 142
313 143
308 144
294 145
298 146
294 147
295 148
291 149
290 150
289 151
288 152
285 153
279 154
281 155
275 156
260 157
258 158
269 159
257 160
251 161
253 162
251 163
242 164
229 165
222 166
224 167
218 168
207 169
206 170
192 171
182 172
186 173
182 174
188 175
203 176
188 177
186 178
186 179
191 180
191 181
190 182
199 183
177 184
174 185
163 186
166 187
163 188
164 189
167 190
182 191
173 192
156 193
146 194
154 195
166 196
179 197
166 198
183 199
183 200
167 201
157 202
174 203
193 204
205 205
204 206
213 207
223 208
219 209
237 210
232 211
241 212
260 213
266 214
272 215
289 216
326 217
320 218
298 219
319 220
341 221
341 222
319 223
339 224
344 225
343 226
379 227
374 228
374 229
362 230
341 231
381 232
362 233
358 234
375 235
398 236
384 237
372 238
371 239
379 240
381 241
384 242
395 243
378 244
364 245
375 246
351 247
375 248
381 249
401 250
383 251
403 252
401 253
381 254
377 255
376 256
375 257
384 258
379 259
367 260
393 261
408 262
388 263
393 264
409 265
404 266
421 267
428 268
462 269
504 270
491 271
545 272
562 273
575 274
588 275
603 276
618 277
624 278
632 279
637 280
647 281
667 282
673 283
674 284
662 285
652 286
670 287
675 288
681 289
693 290
726 291
738 292
738 293
762 294
777 295
780 296
793 297
796 298
827 299
888 300
894 301
893 302
894 303
892 304
893 305
885 306
878 307
882 308
875 309
870 310
859 311
856 312
856 313
854 314
844 315
836 316
836 317
828 318
826 319
829 320
823 321
819 322
817 323
817 324
815 325
813 326
807 327
804 328
807 329
802 330
798 331
794 332
793 333
789 334
790 335
790 336
789 337
788 338
786 339
787 340
786 341
786 342
784 343
783 344
781 345
779 346
780 347
780 348
779 349
778 350
780 351
778 352
777 353
779 354
781 355
780 356
781 357
778 358
779 359
776 360
770 361
768 362
769 363
769 364
766 365
766 366
766 367
768 368
766 369
767 370
763 371
766 372
769 373
764 374
768 375
772 376
775 377
772 378
771 379
773 380
777 381
772 382
768 383
771 384
764 385
761 386
765 387
762 388
757 389
755 390
752 391
755 392
752 393
741 394
743 395
740 396
740 397
743 398
739 399
734 400
734 401
733 402
731 403
722 404
721 405
717 406
708 407
716 408
709 409
697 410
692 411
689 412
687 413
685 414
679 415
677 416
673 417
676 418
678 419
685 420
676 421
673 422
673 423
680 424
675 425
679 426
683 427
685 428
684 429
681 430
687 431
688 432
691 433
685 434
689 435
693 436
691 437
694 438
689 439
697 440
694 441
698 442
703 443
700 444
696 445
698 446
701 447
698 448
694 449
694 450
697 451
696 452
699 453
695 454
693 455
693 456
698 457
696 458
700 459
697 460
694 461
699 462
696 463
691 464
696 465
693 466
686 467
688 468
692 469
690 470
686 471
681 472
680 473
680 474
684 475
683 476
678 477
679 478
685 479
679 480
680 481
677 482
673 483
671 484
673 485
674 486
675 487
675 488
676 489
679 490
677 491
672 492
666 493
665 494
664 495
667 496
668 497
665 498
666 499
666 500
666 501
663 502
661 503
663 504
663 505
663 506
662 507
664 508
665 509
662 510
660 511
660 512
663 513
664 514
664 515
664 516
664 517
662 518
664 519
661 520
660 521
661 522
664 523
663 524
660 525
660 526
658 527
656 528
659 529
660 530
659 531
662 532
660 533
656 534
658 535
661 536
660 537
659 538
659 539
655 540
653 541
655 542
655 543
657 544
656 545
655 546
657 547
655 548
658 549
657 550
655 551
655 552
655 553
652 554
648 555
649 556
651 557
652 558
654 559
648 560
651 561
651 562
650 563
647 564
645 565
644 566
647 567
643 568
641 569
641 570
640 571
642 572
643 573
644 574
644 575
643 576
642 577
642 578
641 579
641 580
644 581
642 582
643 583
640 584
640 585
642 586
641 587
641 588
641 589
641 590
641 591
642 592
643 593
645 594
643 595
643 596
642 597
643 598
645 599
644 600
646 601
644 602
645 603
646 604
646 605
644 606
646 607
647 608
647 609
648 610
646 611
648 612
647 613
646 614
648 615
645 616
649 617
650 618
652 619
655 620
662 621
663 622
669 623
671 624
675 625
678 626
682 627
696 628
701 629
711 630
726 631
724 632
733 633
741 634
749 635
761 636
766 637
762 638
765 639
768 640
772 641
777 642
789 643
796 644
788 645
788 646
789 647
786 648
788 649
799 650
810 651
816 652
815 653
827 654
826 655
825 656
823 657
837 658
841 659
835 660
838 661
846 662
857 663
856 664
849 665
853 666
858 667
861 668
866 669
861 670
861 671
863 672
857 673
863 674
861 675
861 676
867 677
867 678
863 679
848 680
836 681
831 682
838 683
842 684
841 685
843 686
850 687
824 688
839 689
842 690
844 691
859 692
843 693
831 694
821 695
833 696
842 697
834 698
840 699
813 700
817 701
841 702
819 703
821 704
828 705
830 706
823 707
817 708
802 709
809 710
785 711
786 712
794 713
798 714
777 715
784 716
779 717
764 718
744 719
