639 0
639 1
639 2
639 3
639 4
639 5
639 6
639 7
639 8
639 9
639 10
639 11
639 12
639 13
639 14
639 15
639 16
639 17
639 18
639 19
639 20
639 21
639 22
639 23
639 24
639 25
639 26
639 27
639 28
639 29
639 30
639 31
639 32
639 33
639 34
639 35
639 36
639 37
639 38
639 39
639 40
639 41
639 42
639 43
639 44
639 45
639 46
639 47
639 48
639 49
638 50
637 51
635 52
633 53
632 54
630 55
634 56
632 57
629 58
624 59
620 60
618 61
617 62
615 63
609 64
603 65
597 66
593 67
590 68
585 69
585 70
590 71
581 72
576 73
569 74
561 75
557 76
550 77
549 78
551 79
546 80
535 81
538 82
531 83
527 84
523 85
518 86
522 87
523 88
510 89
498 90
504 91
495 92
493 93
490 94
486 95
464 96
443 97
439 98
442 99
442 100
435 101
427 102
428 103
426 104
421 105
416 106
413 107
413 108
408 109
409 110
403 111
404 112
400 113
402 114
399 115
400 116
392 117
392 118
397 119
405 120
398 121
397 122
385 123
376 124
369 125
366 126
373 127
368 128
363 129
363 130
361 131
355 132
353 133
356 134
352 135
348 136
344 137
338 138
334 139
322 140
313 141
307 142
302 143
302 144
300 145
296 146
290 147
291 148
295 149
288 150
289 151
291 152
284 153
277 154
277 155
274 156
265 157
264 158
256 159
265 160
257 161
251 162
250 163
247 164
242 165
227 166
228 167
240 168
225 169
217 170
217 171
216 172
214 173
202 174
216 175
204 176
191 177
190 178
196 179
200 180
187 181
178 182
184 183
184 184
172 185
193 186
192 187
170 188
168 189
175 190
185 191
188 192
165 193
151 194
147 195
163 196
164 197
149 198
169 199
143 200
127 201
127 202
148 203
142 204
130 205
130 206
129 207
126 208
95 209
100 210
119 211
117 212
119 213
133 214
142 215
94 216
95 217
140 218
127 219
119 220
135 221
114 222
139 223
183 224
113 225
163 226
195 227
149 228
161 229
111 230
164 231
153 232
123 233
155 234
295 235
297 236
164 237
136 238
156 239
152 240
120 241
150 242
178 243
172 244
180 245
269 246
187 247
181 248
226 249
150 250
205 251
315 252
258 253
199 254
200 255
264 256
278 257
302 258
279 259
266 260
217 261
217 262
167 263
270 264
232 265
221 266
209 267
441 268
476 269
609 270
809 271
934 272
956 273
922 274
833 275
770 276
815 277
838 278
782 279
761 280
827 281
839 282
842 283
851 284
850 285
831 286
813 287
823 288
812 289
798 290
838 291
869 292
851 293
866 294
848 295
838 296
867 297
864 298
899 299
924 300
920 301
922 302
918 303
910 304
912 305
918 306
927 307
924 308
915 309
910 310
908 311
908 312
920 313
914 314
912 315
912 316
911 317
905 318
912 319
902 320
903 321
901 322
897 323
893 324
886 325
886 326
882 327
888 328
886 329
882 330
879 331
879 332
879 333
879 334
880 335
879 336
876 337
878 338
875 339
873 340
878 341
883 342
875 343
873 344
875 345
880 346
877 347
876 348
870 349
873 350
873 351
871 352
876 353
877 354
879 355
882 356
877 357
878 358
876 359
876 360
876 361
877 362
878 363
877 364
875 365
874 366
868 367
871 368
873 369
875 370
873 371
868 372
866 373
870 374
868 375
869 376
868 377
868 378
865 379
864 380
857 381
851 382
844 383
840 384
836 385
824 386
809 387
796 388
786 389
783 390
783 391
777 392
761 393
754 394
745 395
741 396
736 397
736 398
724 399
717 400
713 401
712 402
706 403
696 404
690 405
691 406
685 407
676 408
675 409
667 410
666 411
656 412
650 413
647 414
647 415
647 416
644 417
645 418
645 419
647 420
646 421
643 422
645 423
646 424
644 425
646 426
646 427
645 428
642 429
640 430
642 431
644 432
645 433
644 434
643 435
642 436
643 437
642 438
643 439
640 440
640 441
639 442
639 443
639 444
638 445
636 446
638 447
637 448
636 449
637 450
637 451
636 452
638 453
638 454
636 455
638 456
637 457
637 458
637 459
637 460
637 461
637 462
638 463
638 464
637 465
638 466
638 467
638 468
638 469
637 470
637 471
637 472
637 473
637 474
637 475
637 476
637 477
636 478
637 479
636 480
637 481
637 482
637 483
637 484
637 485
637 486
638 487
636 488
637 489
637 490
636 491
636 492
635 493
635 494
636 495
635 496
634 497
634 498
634 499
634 500
634 501
635 502
634 503
634 504
634 505
634 506
634 507
634 508
634 509
634 510
634 511
634 512
634 513
634 514
634 515
634 516
634 517
634 518
635 519
635 520
634 521
635 522
635 523
634 524
634 525
634 526
634 527
634 528
634 529
634 530
634 531
634 532
634 533
634 534
634 535
635 536
634 537
635 538
634 539
634 540
634 541
634 542
634 543
634 544
634 545
634 546
634 547
635 548
635 549
635 550
635 551
635 552
635 553
635 554
636 555
636 556
636 557
636 558
637 559
637 560
637 561
638 562
638 563
638 564
638 565
638 566
638 567
638 568
638 569
638 570
638 571
638 572
638 573
638 574
638 575
638 576
638 577
638 578
638 579
638 580
638 581
639 582
639 583
639 584
639 585
639 586
639 587
639 588
639 589
639 590
640 591
640 592
641 593
643 594
642 595
640 596
640 597
640 598
640 599
641 600
640 601
639 602
639 603
639 604
640 605
640 606
641 607
641 608
642 609
640 610
639 611
640 612
640 613
641 614
642 615
640 616
640 617
640 618
640 619
641 620
641 621
641 622
643 623
642 624
640 625
641 626
641 627
640 628
641 629
640 630
641 631
643 632
641 633
643 634
642 635
641 636
642 637
642 638
641 639
643 640
642 641
643 642
643 643
642 644
643 645
642 646
643 647
644 648
645 649
647 650
645 651
644 652
644 653
646 654
648 655
644 656
649 657
650 658
643 659
645 660
643 661
642 662
647 663
649 664
648 665
649 666
647 667
645 668
650 669
650 670
650 671
652 672
650 673
648 674
644 675
643 676
650 677
647 678
656 679
654 680
650 681
646 682
644 683
643 684
644 685
646 686
647 687
651 688
647 689
648 690
647 691
647 692
648 693
648 694
649 695
648 696
650 697
645 698
648 699
649 700
648 701
646 702
644 703
649 704
648 705
647 706
643 707
645 708
645 709
644 710
650 711
647 712
646 713
646 714
650 715
646 716
646 717
646 718
644 719
