639 0
639 1
639 2
639 3
639 4
639 5
639 6
639 7
639 8
639 9
639 10
639 11
639 12
639 13
639 14
639 15
639 16
639 17
639 18
639 19
639 20
639 21
639 22
639 23
639 24
639 25
639 26
639 27
639 28
639 29
639 30
639 31
639 32
639 33
639 34
639 35
639 36
639 37
639 38
639 39
639 40
639 41
639 42
639 43
639 44
639 45
639 46
639 47
639 48
639 49
637 50
635 51
636 52
636 53
636 54
629 55
630 56
633 57
633 58
628 59
620 60
619 61
619 62
617 63
611 64
612 65
605 66
599 67
591 68
590 69
589 70
587 71
584 72
577 73
572 74
563 75
563 76
558 77
556 78
557 79
542 80
538 81
536 82
537 83
534 84
530 85
522 86
524 87
520 88
514 89
509 90
512 91
500 92
502 93
502 94
481 95
458 96
445 97
442 98
446 99
436 100
432 101
432 102
435 103
431 104
429 105
426 106
418 107
418 108
412 109
412 110
422 111
412 112
411 113
411 114
408 115
405 116
402 117
398 118
408 119
410 120
401 121
395 122
390 123
382 124
373 125
379 126
377 127
380 128
375 129
367 130
362 131
359 132
359 133
356 134
357 135
353 136
348 137
336 138
335 139
323 140
327 141
322 142
319 143
310 144
305 145
297 146
300 147
292 148
296 149
289 150
288 151
286 152
278 153
278 154
285 155
273 156
262 157
252 158
262 159
260 160
256 161
249 162
244 163
236 164
230 165
216 166
226 167
215 168
208 169
197 170
192 171
196 172
206 173
191 174
197 175
202 176
192 177
195 178
205 179
201 180
189 181
174 182
195 183
192 184
172 185
184 186
173 187
183 188
181 189
170 190
173 191
193 192
174 193
178 194
148 195
130 196
176 197
186 198
213 199
202 200
162 201
187 202
189 203
174 204
182 205
159 206
164 207
189 208
145 209
164 210
150 211
168 212
168 213
182 214
221 215
245 216
211 217
198 218
211 219
242 220
232 221
216 222
233 223
273 224
246 225
215 226
226 227
276 228
232 229
197 230
273 231
290 232
282 233
279 234
254 235
269 236
320 237
357 238
311 239
305 240
312 241
326 242
334 243
324 244
321 245
350 246
309 247
286 248
336 249
376 250
296 251
292 252
295 253
329 254
309 255
350 256
237 257
218 258
216 259
233 260
206 261
258 262
295 263
295 264
304 265
295 266
318 267
490 268
594 269
756 270
746 271
759 272
819 273
865 274
879 275
906 276
960 277
918 278
902 279
916 280
873 281
886 282
973 283
936 284
941 285
980 286
1002 287
989 288
1010 289
1041 290
1036 291
1000 292
1007 293
1058 294
1064 295
1099 296
1093 297
1115 298
1092 299
1075 300
1058 301
1076 302
1060 303
1052 304
1062 305
1069 306
1062 307
1068 308
1057 309
1052 310
1040 311
1046 312
1067 313
1073 314
1070 315
1066 316
1062 317
1061 318
1031 319
1026 320
1033 321
1009 322
993 323
977 324
974 325
968 326
956 327
956 328
959 329
949 330
942 331
942 332
938 333
931 334
928 335
929 336
918 337
913 338
908 339
903 340
898 341
907 342
913 343
898 344
901 345
896 346
900 347
908 348
914 349
904 350
895 351
892 352
901 353
901 354
902 355
899 356
901 357
900 358
898 359
901 360
904 361
906 362
905 363
907 364
906 365
906 366
905 367
901 368
898 369
891 370
898 371
892 372
879 373
879 374
877 375
876 376
883 377
885 378
882 379
875 380
869 381
865 382
856 383
852 384
848 385
839 386
807 387
793 388
792 389
793 390
786 391
772 392
761 393
750 394
749 395
745 396
740 397
732 398
724 399
717 400
712 401
705 402
701 403
700 404
693 405
686 406
683 407
679 408
672 409
669 410
667 411
660 412
658 413
653 414
647 415
648 416
649 417
650 418
650 419
650 420
649 421
649 422
651 423
647 424
647 425
649 426
651 427
651 428
650 429
649 430
653 431
652 432
654 433
655 434
657 435
658 436
656 437
655 438
654 439
654 440
654 441
652 442
650 443
650 444
650 445
651 446
652 447
652 448
649 449
648 450
646 451
646 452
649 453
649 454
647 455
643 456
643 457
644 458
645 459
646 460
643 461
642 462
642 463
644 464
642 465
639 466
639 467
640 468
640 469
639 470
639 471
638 472
637 473
637 474
639 475
639 476
638 477
637 478
638 479
637 480
637 481
638 482
637 483
637 484
637 485
637 486
636 487
636 488
636 489
637 490
638 491
635 492
636 493
636 494
637 495
637 496
637 497
636 498
636 499
636 500
636 501
635 502
636 503
635 504
635 505
636 506
637 507
635 508
636 509
636 510
637 511
636 512
636 513
637 514
637 515
637 516
635 517
635 518
635 519
635 520
637 521
637 522
635 523
635 524
636 525
635 526
635 527
636 528
637 529
637 530
635 531
635 532
634 533
636 534
636 535
635 536
635 537
635 538
634 539
633 540
634 541
634 542
635 543
635 544
637 545
638 546
638 547
637 548
636 549
636 550
636 551
636 552
635 553
635 554
635 555
635 556
636 557
636 558
637 559
636 560
637 561
637 562
638 563
638 564
638 565
638 566
639 567
638 568
638 569
638 570
638 571
638 572
638 573
638 574
639 575
639 576
639 577
638 578
638 579
638 580
639 581
639 582
639 583
639 584
639 585
639 586
639 587
639 588
639 589
639 590
639 591
639 592
639 593
639 594
639 595
639 596
639 597
639 598
639 599
639 600
639 601
639 602
639 603
639 604
639 605
639 606
640 607
639 608
639 609
639 610
639 611
639 612
639 613
639 614
640 615
640 616
641 617
640 618
640 619
640 620
641 621
641 622
641 623
641 624
640 625
640 626
640 627
640 628
641 629
640 630
640 631
641 632
640 633
641 634
640 635
641 636
641 637
639 638
641 639
640 640
641 641
642 642
641 643
640 644
640 645
639 646
641 647
642 648
640 649
641 650
639 651
640 652
639 653
641 654
642 655
640 656
638 657
640 658
639 659
639 660
638 661
642 662
644 663
643 664
640 665
642 666
639 667
643 668
640 669
637 670
641 671
647 672
639 673
638 674
640 675
642 676
645 677
642 678
648 679
641 680
639 681
638 682
647 683
645 684
643 685
641 686
642 687
644 688
641 689
643 690
644 691
643 692
642 693
644 694
647 695
646 696
646 697
646 698
644 699
646 700
649 701
646 702
652 703
652 704
645 705
651 706
654 707
651 708
646 709
645 710
648 711
647 712
646 713
646 714
649 715
648 716
652 717
659 718
655 719
