639 0
639 1
639 2
639 3
639 4
639 5
639 6
639 7
639 8
639 9
639 10
639 11
639 12
639 13
639 14
639 15
639 16
639 17
639 18
639 19
639 20
639 21
639 22
639 23
639 24
639 25
639 26
639 27
639 28
639 29
639 30
639 31
639 32
639 33
639 34
639 35
639 36
639 37
639 38
639 39
639 40
639 41
639 42
639 43
639 44
639 45
639 46
639 47
639 48
639 49
638 50
637 51
637 52
632 53
630 54
631 55
629 56
633 57
632 58
626 59
621 60
624 61
622 62
612 63
614 64
618 65
606 66
593 67
589 68
585 69
584 70
586 71
585 72
580 73
572 74
570 75
564 76
561 77
559 78
556 79
544 80
541 81
535 82
534 83
531 84
526 85
521 86
516 87
515 88
505 89
496 90
501 91
499 92
493 93
495 94
487 95
457 96
443 97
444 98
449 99
438 100
430 101
434 102
434 103
428 104
425 105
427 106
418 107
419 108
419 109
410 110
413 111
415 112
411 113
409 114
408 115
404 116
408 117
407 118
409 119
410 120
404 121
396 122
390 123
382 124
381 125
377 126
382 127
371 128
365 129
371 130
367 131
364 132
356 133
359 134
354 135
353 136
349 137
343 138
332 139
320 140
314 141
313 142
314 143
307 144
293 145
295 146
300 147
294 148
291 149
293 150
296 151
291 152
278 153
280 154
288 155
282 156
274 157
253 158
258 159
263 160
252 161
246 162
242 163
235 164
224 165
226 166
221 167
215 168
201 169
192 170
202 171
191 172
192 173
185 174
183 175
205 176
187 177
184 178
193 179
183 180
183 181
181 182
180 183
197 184
176 185
178 186
175 187
169 188
165 189
147 190
143 191
157 192
145 193
140 194
153 195
162 196
157 197
165 198
176 199
191 200
158 201
159 202
164 203
162 204
156 205
160 206
200 207
182 208
174 209
191 210
191 211
196 212
186 213
192 214
212 215
186 216
157 217
197 218
211 219
220 220
228 221
237 222
291 223
268 224
226 225
195 226
208 227
246 228
237 229
221 230
251 231
256 232
233 233
250 234
220 235
211 236
225 237
238 238
233 239
221 240
222 241
260 242
223 243
220 244
236 245
273 246
313 247
315 248
267 249
288 250
277 251
306 252
322 253
312 254
265 255
299 256
305 257
261 258
291 259
248 260
210 261
197 262
184 263
251 264
201 265
129 266
207 267
440 268
493 269
541 270
577 271
756 272
659 273
643 274
808 275
814 276
863 277
901 278
842 279
792 280
818 281
858 282
810 283
865 284
878 285
923 286
883 287
804 288
918 289
932 290
983 291
1021 292
1012 293
1005 294
1009 295
1058 296
1091 297
1089 298
1098 299
1106 300
1090 301
1075 302
1056 303
1061 304
1067 305
1068 306
1060 307
1059 308
1063 309
1064 310
1042 311
1055 312
1062 313
1054 314
1048 315
1050 316
1042 317
1047 318
1035 319
1034 320
1044 321
1035 322
1033 323
1034 324
1012 325
1008 326
997 327
992 328
993 329
968 330
962 331
960 332
957 333
957 334
949 335
948 336
936 337
926 338
933 339
930 340
919 341
909 342
904 343
906 344
909 345
904 346
907 347
907 348
914 349
916 350
905 351
909 352
908 353
904 354
901 355
903 356
904 357
901 358
893 359
899 360
897 361
897 362
900 363
903 364
904 365
901 366
899 367
897 368
906 369
906 370
895 371
889 372
885 373
885 374
885 375
886 376
875 377
870 378
875 379
872 380
857 381
867 382
871 383
865 384
842 385
817 386
812 387
799 388
792 389
788 390
781 391
770 392
765 393
756 394
749 395
743 396
738 397
737 398
726 399
715 400
716 401
712 402
708 403
696 404
694 405
688 406
684 407
677 408
676 409
671 410
667 411
660 412
655 413
656 414
649 415
650 416
650 417
651 418
650 419
649 420
647 421
648 422
647 423
646 424
648 425
647 426
648 427
648 428
647 429
648 430
650 431
650 432
651 433
654 434
656 435
656 436
654 437
653 438
656 439
652 440
655 441
654 442
655 443
653 444
654 445
650 446
649 447
651 448
651 449
649 450
650 451
648 452
649 453
648 454
648 455
644 456
646 457
646 458
646 459
646 460
644 461
644 462
644 463
643 464
643 465
643 466
644 467
642 468
641 469
639 470
639 471
639 472
638 473
638 474
638 475
637 476
638 477
637 478
637 479
638 480
639 481
637 482
637 483
637 484
638 485
636 486
636 487
636 488
635 489
635 490
636 491
636 492
636 493
636 494
636 495
637 496
636 497
636 498
636 499
636 500
636 501
636 502
636 503
637 504
636 505
635 506
634 507
635 508
635 509
635 510
635 511
636 512
637 513
637 514
638 515
636 516
636 517
635 518
635 519
635 520
634 521
635 522
635 523
635 524
637 525
637 526
635 527
636 528
636 529
636 530
636 531
636 532
636 533
635 534
636 535
636 536
634 537
634 538
634 539
633 540
634 541
635 542
635 543
637 544
637 545
636 546
637 547
637 548
637 549
636 550
636 551
636 552
636 553
635 554
636 555
636 556
636 557
636 558
636 559
637 560
638 561
638 562
638 563
638 564
638 565
638 566
638 567
639 568
638 569
639 570
639 571
639 572
638 573
639 574
639 575
639 576
639 577
639 578
638 579
638 580
638 581
639 582
639 583
639 584
639 585
639 586
639 587
639 588
639 589
639 590
639 591
639 592
639 593
639 594
639 595
639 596
639 597
639 598
639 599
639 600
639 601
639 602
639 603
639 604
639 605
639 606
640 607
639 608
639 609
639 610
640 611
639 612
639 613
639 614
640 615
640 616
639 617
639 618
640 619
640 620
641 621
640 622
640 623
640 624
640 625
640 626
640 627
641 628
642 629
640 630
640 631
640 632
639 633
640 634
640 635
640 636
642 637
641 638
642 639
641 640
640 641
640 642
644 643
641 644
640 645
639 646
640 647
640 648
639 649
639 650
640 651
639 652
639 653
639 654
640 655
641 656
639 657
638 658
640 659
639 660
637 661
638 662
645 663
642 664
641 665
639 666
638 667
640 668
640 669
637 670
639 671
639 672
638 673
638 674
640 675
639 676
638 677
638 678
641 679
638 680
637 681
640 682
641 683
643 684
642 685
641 686
642 687
642 688
639 689
642 690
645 691
647 692
644 693
640 694
641 695
645 696
644 697
645 698
643 699
639 700
642 701
645 702
650 703
645 704
645 705
645 706
648 707
647 708
644 709
645 710
647 711
647 712
649 713
647 714
647 715
647 716
646 717
648 718
648 719
