639 0
639 1
639 2
639 3
639 4
639 5
639 6
639 7
639 8
639 9
639 10
639 11
639 12
639 13
639 14
639 15
639 16
639 17
639 18
639 19
639 20
639 21
639 22
639 23
639 24
639 25
639 26
639 27
639 28
639 29
639 30
639 31
639 32
639 33
639 34
639 35
639 36
639 37
639 38
639 39
639 40
639 41
639 42
639 43
639 44
639 45
639 46
639 47
639 48
639 49
639 50
637 51
632 52
632 53
633 54
632 55
634 56
633 57
631 58
627 59
619 60
618 61
619 62
617 63
612 64
613 65
605 66
594 67
586 68
585 69
585 70
584 71
581 72
579 73
569 74
560 75
559 76
557 77
556 78
557 79
545 80
537 81
535 82
531 83
530 84
526 85
524 86
527 87
522 88
515 89
505 90
506 91
505 92
499 93
496 94
488 95
461 96
450 97
445 98
438 99
436 100
431 101
428 102
436 103
426 104
425 105
418 106
417 107
416 108
408 109
408 110
408 111
403 112
402 113
412 114
401 115
400 116
399 117
400 118
413 119
420 120
406 121
404 122
390 123
375 124
372 125
373 126
374 127
378 128
373 129
372 130
361 131
355 132
357 133
355 134
357 135
349 136
342 137
331 138
332 139
325 140
317 141
310 142
311 143
299 144
295 145
297 146
298 147
296 148
292 149
290 150
291 151
285 152
280 153
282 154
279 155
267 156
267 157
258 158
257 159
252 160
250 161
251 162
251 163
242 164
228 165
227 166
230 167
231 168
222 169
204 170
203 171
210 172
205 173
195 174
200 175
226 176
219 177
208 178
209 179
207 180
202 181
197 182
205 183
208 184
199 185
185 186
188 187
194 188
209 189
204 190
226 191
205 192
175 193
151 194
158 195
168 196
176 197
171 198
195 199
182 200
157 201
137 202
153 203
151 204
150 205
164 206
188 207
163 208
130 209
140 210
149 211
141 212
128 213
139 214
158 215
155 216
150 217
175 218
188 219
194 220
151 221
126 222
156 223
160 224
167 225
162 226
185 227
197 228
219 229
173 230
152 231
194 232
156 233
137 234
190 235
202 236
165 237
117 238
180 239
146 240
143 241
115 242
127 243
95 244
125 245
161 246
149 247
121 248
110 249
165 250
120 251
86 252
133 253
188 254
201 255
160 256
130 257
256 258
240 259
163 260
87 261
91 262
98 263
200 264
343 265
342 266
518 267
520 268
870 269
1161 270
994 271
931 272
1024 273
954 274
910 275
1069 276
1085 277
972 278
867 279
920 280
903 281
881 282
880 283
887 284
865 285
873 286
874 287
868 288
864 289
876 290
873 291
877 292
867 293
867 294
875 295
895 296
894 297
902 298
940 299
946 300
946 301
932 302
926 303
928 304
930 305
931 306
923 307
930 308
930 309
933 310
922 311
924 312
926 313
928 314
928 315
921 316
910 317
916 318
919 319
916 320
915 321
909 322
906 323
901 324
902 325
904 326
897 327
897 328
900 329
895 330
895 331
894 332
894 333
895 334
893 335
894 336
895 337
896 338
896 339
890 340
888 341
892 342
889 343
881 344
879 345
879 346
877 347
885 348
886 349
889 350
885 351
893 352
891 353
882 354
879 355
882 356
885 357
886 358
880 359
885 360
889 361
889 362
887 363
886 364
883 365
884 366
884 367
882 368
888 369
889 370
883 371
879 372
880 373
878 374
876 375
876 376
872 377
868 378
867 379
859 380
849 381
846 382
842 383
835 384
824 385
808 386
797 387
782 388
778 389
773 390
772 391
756 392
746 393
743 394
740 395
734 396
732 397
730 398
722 399
710 400
706 401
702 402
699 403
694 404
687 405
686 406
680 407
678 408
668 409
666 410
660 411
656 412
652 413
643 414
641 415
641 416
641 417
642 418
642 419
639 420
639 421
638 422
639 423
638 424
640 425
642 426
643 427
643 428
642 429
644 430
644 431
641 432
641 433
641 434
639 435
639 436
639 437
640 438
638 439
637 440
637 441
638 442
639 443
639 444
637 445
636 446
636 447
639 448
636 449
636 450
636 451
635 452
636 453
635 454
634 455
634 456
634 457
633 458
634 459
635 460
634 461
634 462
634 463
634 464
634 465
635 466
635 467
634 468
635 469
635 470
635 471
635 472
635 473
635 474
635 475
636 476
636 477
635 478
636 479
635 480
635 481
637 482
636 483
637 484
636 485
636 486
636 487
636 488
636 489
635 490
635 491
635 492
635 493
636 494
637 495
636 496
636 497
634 498
634 499
634 500
633 501
633 502
632 503
633 504
633 505
633 506
634 507
635 508
634 509
634 510
634 511
633 512
633 513
632 514
632 515
632 516
632 517
632 518
633 519
633 520
633 521
633 522
634 523
634 524
634 525
634 526
634 527
634 528
635 529
635 530
635 531
635 532
636 533
636 534
636 535
637 536
637 537
637 538
637 539
637 540
637 541
637 542
637 543
637 544
637 545
637 546
637 547
637 548
637 549
637 550
637 551
637 552
637 553
637 554
637 555
637 556
638 557
639 558
638 559
638 560
639 561
638 562
638 563
638 564
638 565
638 566
638 567
638 568
638 569
638 570
638 571
639 572
638 573
638 574
638 575
639 576
638 577
638 578
638 579
638 580
638 581
639 582
639 583
639 584
639 585
639 586
639 587
639 588
639 589
639 590
639 591
639 592
639 593
639 594
639 595
639 596
639 597
639 598
639 599
640 600
639 601
639 602
639 603
639 604
639 605
639 606
640 607
639 608
640 609
639 610
639 611
639 612
640 613
640 614
640 615
640 616
640 617
640 618
640 619
642 620
640 621
640 622
641 623
640 624
640 625
640 626
640 627
640 628
640 629
640 630
640 631
641 632
640 633
640 634
642 635
642 636
640 637
640 638
640 639
641 640
640 641
640 642
640 643
639 644
639 645
639 646
641 647
640 648
639 649
640 650
641 651
641 652
640 653
640 654
640 655
641 656
642 657
643 658
639 659
639 660
639 661
642 662
641 663
642 664
641 665
639 666
639 667
641 668
641 669
640 670
644 671
642 672
643 673
639 674
638 675
642 676
641 677
639 678
644 679
639 680
641 681
645 682
644 683
639 684
639 685
644 686
643 687
641 688
641 689
642 690
645 691
642 692
641 693
642 694
641 695
644 696
642 697
641 698
640 699
644 700
643 701
642 702
641 703
640 704
642 705
644 706
643 707
642 708
642 709
642 710
648 711
648 712
645 713
644 714
642 715
645 716
647 717
644 718
643 719
