639 0
639 1
639 2
639 3
639 4
639 5
639 6
639 7
639 8
639 9
639 10
639 11
639 12
639 13
639 14
639 15
639 16
639 17
639 18
639 19
639 20
639 21
639 22
639 23
639 24
639 25
639 26
639 27
639 28
639 29
639 30
639 31
639 32
639 33
639 34
639 35
639 36
639 37
639 38
639 39
639 40
639 41
639 42
639 43
639 44
639 45
639 46
639 47
639 48
639 49
637 50
638 51
637 52
633 53
632 54
630 55
629 56
628 57
630 58
631 59
630 60
622 61
618 62
621 63
619 64
616 65
601 66
595 67
596 68
592 69
592 70
588 71
582 72
581 73
569 74
565 75
563 76
560 77
561 78
561 79
547 80
544 81
545 82
535 83
530 84
526 85
521 86
515 87
522 88
513 89
507 90
504 91
507 92
509 93
498 94
495 95
464 96
449 97
452 98
456 99
449 100
437 101
438 102
439 103
434 104
430 105
422 106
423 107
419 108
414 109
411 110
409 111
413 112
403 113
402 114
400 115
403 116
406 117
402 118
411 119
410 120
394 121
394 122
390 123
381 124
376 125
375 126
383 127
373 128
367 129
366 130
363 131
362 132
360 133
359 134
359 135
355 136
350 137
341 138
328 139
329 140
325 141
310 142
314 143
305 144
295 145
294 146
301 147
297 148
296 149
290 150
293 151
286 152
281 153
289 154
282 155
267 156
268 157
267 158
273 159
264 160
257 161
261 162
257 163
252 164
238 165
230 166
242 167
231 168
221 169
224 170
216 171
216 172
211 173
204 174
217 175
210 176
201 177
207 178
206 179
200 180
195 181
200 182
218 183
218 184
208 185
193 186
189 187
182 188
191 189
196 190
195 191
188 192
171 193
165 194
149 195
142 196
146 197
155 198
186 199
199 200
187 201
138 202
138 203
137 204
150 205
146 206
170 207
179 208
156 209
147 210
145 211
130 212
143 213
136 214
136 215
201 216
176 217
203 218
201 219
171 220
162 221
144 222
180 223
192 224
195 225
166 226
152 227
177 228
146 229
153 230
194 231
133 232
101 233
146 234
150 235
109 236
62 237
98 238
164 239
111 240
92 241
111 242
94 243
73 244
77 245
92 246
102 247
121 248
103 249
73 250
89 251
110 252
102 253
81 254
114 255
74 256
67 257
113 258
141 259
151 260
120 261
125 262
153 263
111 264
122 265
57 266
62 267
348 268
444 269
645 270
708 271
964 272
920 273
727 274
772 275
799 276
812 277
843 278
765 279
810 280
797 281
810 282
804 283
788 284
824 285
848 286
794 287
801 288
839 289
855 290
870 291
873 292
889 293
884 294
876 295
864 296
879 297
896 298
925 299
927 300
924 301
933 302
913 303
919 304
930 305
922 306
930 307
930 308
924 309
918 310
917 311
921 312
925 313
925 314
919 315
912 316
909 317
918 318
917 319
906 320
908 321
904 322
902 323
899 324
895 325
892 326
895 327
894 328
895 329
894 330
895 331
895 332
893 333
886 334
884 335
894 336
891 337
885 338
884 339
886 340
883 341
884 342
883 343
881 344
886 345
888 346
887 347
885 348
883 349
884 350
886 351
884 352
888 353
889 354
887 355
887 356
885 357
886 358
883 359
884 360
885 361
889 362
888 363
884 364
886 365
886 366
881 367
888 368
889 369
890 370
890 371
885 372
882 373
877 374
865 375
864 376
868 377
860 378
856 379
851 380
847 381
838 382
833 383
824 384
815 385
806 386
796 387
784 388
781 389
776 390
771 391
761 392
754 393
747 394
741 395
737 396
732 397
727 398
723 399
712 400
709 401
705 402
698 403
692 404
685 405
678 406
678 407
668 408
665 409
659 410
658 411
654 412
651 413
645 414
641 415
642 416
639 417
640 418
640 419
641 420
641 421
641 422
642 423
639 424
641 425
641 426
642 427
643 428
644 429
644 430
644 431
641 432
642 433
642 434
640 435
639 436
639 437
640 438
640 439
640 440
639 441
640 442
640 443
638 444
636 445
636 446
637 447
635 448
634 449
634 450
636 451
635 452
637 453
636 454
636 455
634 456
635 457
635 458
635 459
636 460
637 461
637 462
637 463
637 464
637 465
637 466
637 467
636 468
636 469
637 470
637 471
636 472
636 473
635 474
635 475
635 476
635 477
634 478
633 479
635 480
635 481
635 482
635 483
636 484
635 485
635 486
635 487
635 488
636 489
634 490
634 491
634 492
634 493
635 494
635 495
634 496
634 497
634 498
635 499
635 500
635 501
634 502
633 503
634 504
636 505
635 506
635 507
635 508
637 509
636 510
637 511
637 512
637 513
636 514
634 515
634 516
634 517
635 518
635 519
635 520
635 521
635 522
635 523
636 524
636 525
636 526
636 527
637 528
637 529
637 530
637 531
637 532
638 533
637 534
638 535
638 536
638 537
638 538
638 539
638 540
638 541
637 542
638 543
637 544
637 545
637 546
637 547
637 548
637 549
637 550
638 551
637 552
637 553
638 554
638 555
638 556
638 557
638 558
638 559
639 560
638 561
639 562
638 563
639 564
638 565
638 566
638 567
638 568
639 569
638 570
638 571
638 572
639 573
639 574
639 575
639 576
639 577
639 578
639 579
639 580
639 581
639 582
639 583
639 584
639 585
639 586
639 587
639 588
639 589
639 590
639 591
639 592
639 593
639 594
639 595
639 596
639 597
639 598
639 599
639 600
639 601
639 602
639 603
639 604
639 605
639 606
639 607
639 608
639 609
639 610
639 611
639 612
639 613
640 614
640 615
639 616
640 617
640 618
640 619
640 620
640 621
639 622
641 623
640 624
639 625
641 626
640 627
639 628
639 629
639 630
641 631
640 632
639 633
639 634
639 635
639 636
639 637
639 638
639 639
638 640
638 641
639 642
639 643
638 644
640 645
639 646
640 647
639 648
638 649
638 650
640 651
640 652
638 653
638 654
641 655
641 656
640 657
640 658
640 659
642 660
644 661
641 662
642 663
642 664
642 665
640 666
641 667
641 668
639 669
639 670
643 671
642 672
639 673
637 674
638 675
639 676
642 677
640 678
639 679
638 680
637 681
637 682
640 683
639 684
637 685
638 686
638 687
638 688
639 689
640 690
639 691
638 692
638 693
638 694
640 695
640 696
638 697
640 698
641 699
642 700
641 701
640 702
646 703
642 704
641 705
641 706
642 707
641 708
641 709
644 710
645 711
646 712
643 713
643 714
647 715
644 716
644 717
645 718
646 719
