639 0
639 1
639 2
639 3
639 4
639 5
639 6
639 7
639 8
639 9
639 10
639 11
639 12
639 13
639 14
639 15
639 16
639 17
639 18
639 19
639 20
639 21
639 22
639 23
639 24
639 25
639 26
639 27
639 28
639 29
639 30
639 31
639 32
639 33
639 34
639 35
639 36
639 37
639 38
639 39
639 40
639 41
639 42
639 43
639 44
639 45
639 46
639 47
639 48
639 49
639 50
639 51
638 52
637 53
635 54
629 55
634 56
631 57
631 58
631 59
623 60
621 61
619 62
612 63
613 64
604 65
601 66
596 67
594 68
593 69
591 70
585 71
585 72
580 73
574 74
565 75
564 76
562 77
558 78
566 79
554 80
545 81
538 82
535 83
537 84
539 85
532 86
528 87
517 88
509 89
507 90
499 91
506 92
500 93
492 94
496 95
483 96
446 97
445 98
446 99
443 100
438 101
438 102
432 103
437 104
434 105
426 106
418 107
422 108
425 109
410 110
412 111
408 112
403 113
408 114
406 115
404 116
398 117
401 118
417 119
412 120
410 121
412 122
404 123
385 124
371 125
370 126
381 127
383 128
375 129
366 130
358 131
364 132
369 133
366 134
363 135
362 136
350 137
347 138
337 139
332 140
322 141
320 142
320 143
314 144
315 145
301 146
301 147
298 148
293 149
291 150
294 151
291 152
291 153
282 154
287 155
285 156
279 157
278 158
278 159
257 160
257 161
251 162
255 163
258 164
244 165
238 166
255 167
250 168
227 169
217 170
221 171
208 172
209 173
200 174
204 175
207 176
201 177
217 178
217 179
207 180
221 181
214 182
214 183
212 184
182 185
203 186
199 187
192 188
190 189
189 190
220 191
203 192
193 193
181 194
163 195
167 196
185 197
178 198
179 199
172 200
155 201
156 202
139 203
148 204
166 205
159 206
163 207
220 208
166 209
170 210
178 211
189 212
191 213
173 214
194 215
193 216
197 217
231 218
201 219
187 220
234 221
218 222
209 223
224 224
200 225
178 226
199 227
196 228
156 229
124 230
156 231
158 232
123 233
133 234
119 235
103 236
137 237
110 238
149 239
141 240
115 241
119 242
145 243
132 244
97 245
97 246
132 247
79 248
104 249
97 250
95 251
109 252
78 253
88 254
88 255
149 256
111 257
130 258
112 259
104 260
174 261
339 262
444 263
442 264
482 265
484 266
501 267
511 268
550 269
627 270
582 271
635 272
710 273
691 274
676 275
707 276
704 277
725 278
716 279
739 280
766 281
741 282
767 283
796 284
782 285
765 286
780 287
777 288
786 289
793 290
806 291
818 292
799 293
817 294
819 295
834 296
866 297
875 298
904 299
932 300
929 301
930 302
924 303
924 304
926 305
915 306
922 307
922 308
925 309
924 310
916 311
911 312
917 313
919 314
917 315
915 316
914 317
912 318
907 319
899 320
906 321
905 322
905 323
900 324
895 325
895 326
892 327
895 328
899 329
892 330
885 331
889 332
899 333
895 334
898 335
889 336
891 337
889 338
895 339
893 340
889 341
890 342
893 343
889 344
890 345
886 346
880 347
882 348
887 349
888 350
882 351
876 352
879 353
880 354
879 355
879 356
880 357
878 358
877 359
874 360
880 361
880 362
879 363
880 364
881 365
885 366
883 367
882 368
883 369
887 370
885 371
884 372
882 373
888 374
882 375
880 376
883 377
879 378
878 379
873 380
861 381
862 382
850 383
844 384
832 385
817 386
802 387
795 388
778 389
775 390
774 391
761 392
756 393
748 394
738 395
734 396
735 397
730 398
727 399
718 400
708 401
703 402
699 403
698 404
691 405
689 406
681 407
679 408
675 409
674 410
670 411
661 412
661 413
660 414
655 415
650 416
647 417
648 418
649 419
648 420
647 421
647 422
652 423
648 424
647 425
647 426
645 427
644 428
645 429
646 430
644 431
644 432
643 433
641 434
640 435
639 436
638 437
638 438
640 439
641 440
641 441
640 442
641 443
643 444
641 445
640 446
642 447
639 448
638 449
638 450
638 451
638 452
637 453
640 454
638 455
640 456
639 457
639 458
639 459
638 460
639 461
639 462
639 463
639 464
639 465
638 466
639 467
639 468
638 469
638 470
638 471
637 472
637 473
637 474
638 475
639 476
637 477
637 478
637 479
638 480
638 481
639 482
638 483
638 484
638 485
638 486
639 487
638 488
638 489
638 490
637 491
637 492
638 493
639 494
638 495
640 496
640 497
640 498
639 499
639 500
639 501
639 502
640 503
641 504
640 505
640 506
641 507
642 508
643 509
643 510
644 511
643 512
645 513
649 514
650 515
649 516
648 517
647 518
646 519
646 520
648 521
648 522
645 523
646 524
647 525
647 526
646 527
646 528
644 529
644 530
644 531
643 532
642 533
643 534
643 535
643 536
644 537
644 538
644 539
644 540
645 541
645 542
646 543
645 544
645 545
644 546
645 547
644 548
644 549
644 550
645 551
645 552
644 553
644 554
643 555
644 556
643 557
642 558
641 559
641 560
641 561
641 562
640 563
639 564
639 565
639 566
639 567
639 568
639 569
639 570
639 571
640 572
639 573
639 574
639 575
639 576
639 577
639 578
639 579
639 580
639 581
639 582
640 583
639 584
639 585
639 586
639 587
639 588
639 589
639 590
639 591
639 592
639 593
639 594
639 595
639 596
639 597
639 598
639 599
640 600
639 601
639 602
640 603
641 604
639 605
639 606
640 607
640 608
640 609
640 610
640 611
640 612
641 613
640 614
642 615
641 616
639 617
640 618
640 619
639 620
639 621
640 622
641 623
640 624
640 625
640 626
641 627
640 628
640 629
640 630
640 631
641 632
641 633
641 634
641 635
641 636
640 637
640 638
644 639
641 640
641 641
641 642
642 643
641 644
640 645
641 646
643 647
642 648
640 649
641 650
640 651
640 652
641 653
641 654
644 655
641 656
641 657
641 658
641 659
641 660
642 661
641 662
643 663
644 664
642 665
643 666
643 667
645 668
645 669
647 670
651 671
649 672
645 673
643 674
642 675
641 676
644 677
643 678
644 679
641 680
641 681
644 682
642 683
641 684
645 685
642 686
643 687
646 688
645 689
643 690
646 691
648 692
643 693
645 694
648 695
645 696
649 697
654 698
651 699
647 700
646 701
643 702
649 703
648 704
648 705
649 706
648 707
645 708
641 709
641 710
646 711
645 712
648 713
648 714
645 715
644 716
645 717
650 718
647 719
