639 0
639 1
639 2
639 3
639 4
639 5
639 6
639 7
639 8
639 9
639 10
639 11
639 12
639 13
639 14
639 15
639 16
639 17
639 18
639 19
639 20
639 21
639 22
639 23
639 24
639 25
639 26
639 27
639 28
639 29
639 30
639 31
639 32
639 33
639 34
639 35
639 36
639 37
639 38
639 39
639 40
639 41
639 42
639 43
639 44
639 45
639 46
639 47
639 48
639 49
639 50
639 51
636 52
636 53
635 54
630 55
632 56
632 57
633 58
628 59
626 60
621 61
618 62
612 63
610 64
605 65
603 66
600 67
587 68
584 69
585 70
589 71
581 72
580 73
568 74
559 75
559 76
557 77
549 78
558 79
544 80
533 81
532 82
528 83
527 84
523 85
516 86
515 87
514 88
506 89
505 90
502 91
500 92
497 93
491 94
481 95
460 96
441 97
439 98
442 99
441 100
435 101
432 102
432 103
427 104
422 105
418 106
416 107
414 108
413 109
407 110
408 111
404 112
401 113
404 114
397 115
400 116
401 117
398 118
401 119
403 120
395 121
395 122
391 123
375 124
374 125
370 126
370 127
368 128
374 129
368 130
361 131
362 132
361 133
360 134
359 135
348 136
342 137
337 138
329 139
320 140
313 141
308 142
312 143
304 144
299 145
295 146
293 147
294 148
291 149
292 150
288 151
285 152
278 153
281 154
280 155
263 156
261 157
250 158
258 159
254 160
247 161
241 162
238 163
231 164
226 165
222 166
219 167
215 168
199 169
191 170
181 171
183 172
199 173
198 174
196 175
192 176
188 177
193 178
194 179
193 180
182 181
162 182
171 183
184 184
180 185
171 186
152 187
159 188
149 189
157 190
168 191
173 192
145 193
158 194
157 195
172 196
160 197
174 198
211 199
193 200
159 201
155 202
161 203
163 204
158 205
143 206
147 207
161 208
173 209
164 210
166 211
195 212
214 213
200 214
250 215
230 216
289 217
277 218
244 219
254 220
248 221
241 222
241 223
266 224
245 225
253 226
255 227
287 228
243 229
207 230
201 231
201 232
200 233
194 234
194 235
175 236
190 237
154 238
175 239
185 240
121 241
173 242
201 243
229 244
310 245
294 246
247 247
301 248
289 249
328 250
296 251
260 252
178 253
131 254
227 255
250 256
151 257
74 258
137 259
168 260
224 261
170 262
117 263
225 264
175 265
168 266
320 267
482 268
597 269
794 270
777 271
901 272
993 273
961 274
962 275
1036 276
1131 277
1151 278
1106 279
1172 280
1099 281
1091 282
1087 283
1088 284
1107 285
1133 286
1013 287
1110 288
1126 289
1098 290
1127 291
1128 292
1124 293
1115 294
1131 295
1124 296
1160 297
1182 298
1125 299
1121 300
1098 301
1101 302
1079 303
1090 304
1090 305
1077 306
1079 307
1066 308
1050 309
1023 310
1014 311
997 312
1009 313
993 314
982 315
984 316
968 317
961 318
965 319
953 320
964 321
959 322
942 323
937 324
939 325
940 326
938 327
930 328
929 329
927 330
925 331
917 332
914 333
914 334
907 335
903 336
905 337
895 338
897 339
898 340
899 341
907 342
910 343
904 344
912 345
911 346
912 347
912 348
914 349
914 350
907 351
913 352
913 353
910 354
909 355
907 356
908 357
906 358
899 359
894 360
895 361
893 362
897 363
887 364
887 365
890 366
890 367
884 368
890 369
887 370
887 371
890 372
897 373
888 374
881 375
891 376
893 377
893 378
893 379
886 380
875 381
871 382
866 383
849 384
838 385
822 386
808 387
800 388
790 389
788 390
782 391
777 392
771 393
764 394
755 395
747 396
745 397
741 398
731 399
723 400
716 401
715 402
710 403
698 404
696 405
695 406
686 407
684 408
676 409
672 410
670 411
663 412
658 413
656 414
651 415
652 416
652 417
652 418
654 419
651 420
652 421
652 422
655 423
658 424
656 425
656 426
657 427
656 428
654 429
654 430
654 431
654 432
654 433
654 434
655 435
656 436
654 437
653 438
655 439
654 440
655 441
654 442
651 443
650 444
651 445
652 446
652 447
650 448
649 449
649 450
648 451
648 452
648 453
649 454
649 455
647 456
645 457
644 458
644 459
645 460
644 461
644 462
644 463
640 464
640 465
640 466
639 467
639 468
638 469
639 470
640 471
639 472
640 473
641 474
639 475
640 476
639 477
637 478
638 479
637 480
637 481
636 482
638 483
637 484
636 485
636 486
637 487
636 488
636 489
636 490
636 491
636 492
636 493
637 494
636 495
636 496
636 497
635 498
636 499
636 500
636 501
637 502
637 503
638 504
638 505
637 506
637 507
636 508
637 509
637 510
636 511
638 512
639 513
638 514
638 515
638 516
637 517
637 518
636 519
638 520
636 521
635 522
635 523
635 524
635 525
635 526
636 527
637 528
636 529
636 530
636 531
636 532
636 533
637 534
638 535
637 536
638 537
638 538
638 539
638 540
638 541
637 542
637 543
638 544
637 545
638 546
637 547
637 548
637 549
636 550
635 551
635 552
635 553
635 554
635 555
636 556
636 557
636 558
637 559
637 560
638 561
638 562
638 563
638 564
638 565
639 566
638 567
638 568
638 569
638 570
638 571
638 572
638 573
638 574
638 575
638 576
638 577
638 578
639 579
639 580
639 581
639 582
639 583
639 584
639 585
639 586
639 587
639 588
639 589
639 590
639 591
640 592
639 593
639 594
639 595
639 596
639 597
639 598
639 599
639 600
639 601
639 602
639 603
639 604
639 605
640 606
642 607
640 608
639 609
639 610
639 611
640 612
639 613
639 614
640 615
640 616
640 617
641 618
640 619
640 620
640 621
641 622
642 623
641 624
641 625
640 626
640 627
640 628
640 629
641 630
642 631
641 632
640 633
640 634
641 635
641 636
640 637
640 638
641 639
640 640
642 641
642 642
644 643
641 644
639 645
639 646
642 647
640 648
638 649
640 650
643 651
640 652
640 653
642 654
642 655
642 656
639 657
639 658
639 659
639 660
642 661
641 662
641 663
642 664
641 665
641 666
645 667
642 668
641 669
641 670
646 671
642 672
639 673
637 674
638 675
640 676
639 677
641 678
645 679
643 680
640 681
638 682
644 683
647 684
643 685
638 686
644 687
646 688
643 689
641 690
643 691
653 692
645 693
643 694
655 695
657 696
648 697
648 698
648 699
648 700
645 701
647 702
648 703
654 704
646 705
651 706
651 707
650 708
646 709
644 710
650 711
650 712
647 713
647 714
653 715
657 716
656 717
654 718
650 719
