639 0
639 1
639 2
639 3
639 4
639 5
639 6
639 7
639 8
639 9
639 10
639 11
639 12
639 13
639 14
639 15
639 16
639 17
639 18
639 19
639 20
639 21
639 22
639 23
639 24
639 25
639 26
639 27
639 28
639 29
639 30
639 31
639 32
639 33
639 34
639 35
639 36
639 37
639 38
639 39
639 40
639 41
639 42
639 43
639 44
639 45
639 46
639 47
639 48
639 49
638 50
638 51
637 52
635 53
634 54
632 55
630 56
631 57
633 58
630 59
621 60
616 61
619 62
619 63
611 64
606 65
601 66
594 67
593 68
593 69
594 70
594 71
584 72
576 73
571 74
569 75
568 76
563 77
554 78
553 79
546 80
545 81
551 82
537 83
534 84
531 85
538 86
521 87
528 88
511 89
506 90
510 91
504 92
497 93
499 94
492 95
471 96
450 97
450 98
452 99
457 100
442 101
432 102
437 103
430 104
432 105
428 106
422 107
418 108
416 109
419 110
422 111
415 112
408 113
406 114
406 115
406 116
403 117
400 118
410 119
409 120
398 121
400 122
404 123
399 124
380 125
381 126
385 127
384 128
371 129
369 130
370 131
363 132
360 133
361 134
365 135
360 136
346 137
340 138
341 139
335 140
331 141
319 142
309 143
312 144
297 145
298 146
296 147
295 148
291 149
295 150
301 151
287 152
280 153
283 154
286 155
277 156
272 157
260 158
259 159
253 160
250 161
250 162
249 163
244 164
231 165
220 166
213 167
208 168
197 169
204 170
205 171
194 172
193 173
191 174
192 175
205 176
191 177
186 178
193 179
192 180
186 181
180 182
197 183
200 184
174 185
175 186
173 187
174 188
166 189
173 190
215 191
196 192
183 193
185 194
182 195
182 196
184 197
201 198
243 199
219 200
179 201
175 202
160 203
163 204
159 205
186 206
205 207
189 208
159 209
184 210
179 211
192 212
221 213
222 214
263 215
258 216
177 217
155 218
201 219
194 220
203 221
244 222
264 223
223 224
249 225
262 226
257 227
263 228
255 229
279 230
296 231
290 232
291 233
271 234
231 235
243 236
251 237
252 238
225 239
252 240
245 241
264 242
309 243
281 244
258 245
242 246
240 247
254 248
253 249
314 250
328 251
286 252
235 253
262 254
282 255
188 256
140 257
161 258
209 259
137 260
193 261
198 262
182 263
268 264
240 265
263 266
313 267
548 268
588 269
735 270
890 271
843 272
812 273
744 274
730 275
812 276
888 277
961 278
1008 279
896 280
999 281
939 282
940 283
977 284
1022 285
998 286
938 287
893 288
1074 289
982 290
969 291
983 292
993 293
1069 294
1091 295
1103 296
1109 297
1139 298
1110 299
1108 300
1080 301
1077 302
1076 303
1083 304
1079 305
1054 306
1058 307
1070 308
1069 309
1063 310
1074 311
1074 312
1069 313
1074 314
1063 315
1048 316
1045 317
1038 318
1010 319
989 320
991 321
988 322
979 323
969 324
960 325
956 326
951 327
953 328
956 329
949 330
939 331
937 332
943 333
930 334
920 335
910 336
922 337
908 338
914 339
902 340
897 341
902 342
899 343
893 344
905 345
910 346
904 347
904 348
904 349
910 350
908 351
903 352
904 353
906 354
911 355
909 356
905 357
906 358
898 359
903 360
909 361
912 362
906 363
900 364
899 365
903 366
902 367
894 368
899 369
900 370
898 371
891 372
884 373
884 374
884 375
870 376
875 377
876 378
872 379
873 380
873 381
867 382
862 383
856 384
841 385
825 386
815 387
799 388
795 389
789 390
785 391
765 392
761 393
758 394
752 395
746 396
739 397
734 398
727 399
717 400
711 401
710 402
705 403
700 404
694 405
693 406
687 407
676 408
671 409
669 410
665 411
659 412
657 413
650 414
651 415
651 416
649 417
650 418
652 419
649 420
649 421
647 422
650 423
653 424
653 425
654 426
651 427
653 428
655 429
655 430
658 431
657 432
657 433
654 434
653 435
651 436
651 437
654 438
651 439
649 440
649 441
649 442
651 443
653 444
653 445
653 446
653 447
650 448
650 449
646 450
646 451
650 452
648 453
648 454
646 455
647 456
645 457
646 458
646 459
645 460
645 461
644 462
642 463
642 464
641 465
641 466
641 467
641 468
641 469
639 470
640 471
638 472
638 473
638 474
641 475
641 476
638 477
637 478
637 479
636 480
638 481
639 482
636 483
636 484
636 485
636 486
637 487
637 488
638 489
637 490
637 491
636 492
636 493
637 494
637 495
636 496
636 497
636 498
636 499
636 500
636 501
636 502
636 503
636 504
636 505
635 506
636 507
637 508
636 509
636 510
637 511
637 512
637 513
637 514
637 515
637 516
637 517
635 518
635 519
636 520
635 521
636 522
636 523
637 524
637 525
635 526
635 527
636 528
636 529
635 530
636 531
636 532
636 533
635 534
636 535
637 536
637 537
637 538
636 539
636 540
636 541
636 542
637 543
637 544
639 545
637 546
637 547
638 548
638 549
636 550
636 551
635 552
635 553
635 554
635 555
637 556
636 557
636 558
637 559
638 560
637 561
638 562
638 563
638 564
638 565
638 566
639 567
638 568
638 569
638 570
639 571
639 572
639 573
639 574
639 575
638 576
638 577
638 578
638 579
639 580
639 581
639 582
639 583
639 584
639 585
639 586
639 587
639 588
639 589
639 590
639 591
639 592
639 593
640 594
639 595
639 596
639 597
639 598
639 599
639 600
639 601
639 602
639 603
639 604
639 605
639 606
639 607
639 608
639 609
639 610
639 611
639 612
639 613
639 614
640 615
640 616
639 617
640 618
640 619
640 620
641 621
642 622
645 623
643 624
642 625
640 626
640 627
641 628
640 629
640 630
641 631
640 632
640 633
641 634
640 635
640 636
640 637
639 638
640 639
641 640
640 641
643 642
642 643
641 644
639 645
642 646
643 647
643 648
640 649
642 650
643 651
641 652
641 653
639 654
641 655
642 656
642 657
639 658
640 659
638 660
638 661
641 662
642 663
641 664
642 665
641 666
640 667
638 668
642 669
646 670
649 671
643 672
641 673
639 674
642 675
644 676
640 677
639 678
637 679
645 680
639 681
639 682
642 683
645 684
646 685
640 686
645 687
645 688
642 689
641 690
644 691
645 692
645 693
644 694
648 695
655 696
645 697
647 698
652 699
646 700
645 701
646 702
653 703
647 704
647 705
651 706
649 707
645 708
647 709
646 710
653 711
652 712
652 713
646 714
647 715
653 716
653 717
653 718
652 719
