639 0
639 1
639 2
639 3
639 4
639 5
639 6
639 7
639 8
639 9
639 10
639 11
639 12
639 13
639 14
639 15
639 16
639 17
639 18
639 19
639 20
639 21
639 22
639 23
639 24
639 25
639 26
639 27
639 28
639 29
639 30
639 31
639 32
639 33
639 34
639 35
639 36
639 37
639 38
639 39
639 40
639 41
639 42
639 43
639 44
639 45
639 46
639 47
639 48
639 49
639 50
639 51
639 52
633 53
634 54
632 55
626 56
631 57
633 58
629 59
621 60
620 61
620 62
617 63
614 64
610 65
605 66
604 67
600 68
596 69
596 70
597 71
590 72
588 73
578 74
567 75
564 76
564 77
564 78
562 79
553 80
548 81
535 82
536 83
534 84
532 85
523 86
524 87
534 88
528 89
515 90
508 91
508 92
512 93
504 94
494 95
476 96
455 97
441 98
450 99
451 100
456 101
450 102
443 103
440 104
442 105
431 106
426 107
417 108
419 109
418 110
423 111
414 112
410 113
414 114
411 115
407 116
406 117
410 118
417 119
410 120
415 121
402 122
389 123
386 124
376 125
382 126
392 127
389 128
385 129
376 130
371 131
371 132
376 133
367 134
370 135
361 136
347 137
340 138
340 139
337 140
330 141
326 142
322 143
317 144
306 145
305 146
303 147
301 148
302 149
296 150
298 151
294 152
287 153
287 154
289 155
295 156
276 157
271 158
277 159
268 160
262 161
263 162
261 163
258 164
248 165
245 166
250 167
243 168
235 169
222 170
216 171
203 172
200 173
201 174
212 175
224 176
207 177
206 178
216 179
223 180
201 181
200 182
214 183
217 184
194 185
196 186
196 187
199 188
181 189
180 190
204 191
224 192
196 193
177 194
183 195
192 196
187 197
179 198
190 199
183 200
165 201
153 202
189 203
196 204
171 205
171 206
195 207
186 208
150 209
163 210
170 211
180 212
185 213
169 214
196 215
196 216
227 217
226 218
193 219
191 220
195 221
156 222
178 223
182 224
166 225
190 226
206 227
156 228
153 229
102 230
163 231
121 232
135 233
138 234
152 235
172 236
137 237
136 238
167 239
118 240
101 241
111 242
101 243
102 244
105 245
97 246
106 247
117 248
109 249
116 250
90 251
106 252
145 253
129 254
139 255
89 256
98 257
114 258
124 259
147 260
263 261
387 262
386 263
423 264
468 265
447 266
488 267
620 268
580 269
585 270
615 271
631 272
698 273
690 274
736 275
741 276
749 277
764 278
696 279
711 280
720 281
754 282
792 283
792 284
770 285
789 286
777 287
760 288
778 289
797 290
832 291
828 292
836 293
854 294
849 295
823 296
858 297
871 298
916 299
929 300
929 301
927 302
920 303
921 304
918 305
917 306
915 307
917 308
916 309
920 310
905 311
907 312
916 313
907 314
906 315
910 316
898 317
900 318
900 319
900 320
904 321
896 322
890 323
890 324
892 325
899 326
899 327
899 328
900 329
911 330
900 331
898 332
895 333
896 334
898 335
892 336
891 337
888 338
884 339
886 340
887 341
886 342
885 343
879 344
882 345
880 346
879 347
877 348
877 349
875 350
876 351
870 352
872 353
870 354
874 355
877 356
877 357
876 358
874 359
872 360
877 361
879 362
881 363
884 364
883 365
880 366
883 367
883 368
880 369
885 370
887 371
877 372
878 373
877 374
869 375
866 376
869 377
865 378
854 379
854 380
842 381
844 382
840 383
826 384
817 385
805 386
792 387
779 388
772 389
769 390
768 391
756 392
750 393
744 394
738 395
733 396
731 397
722 398
718 399
713 400
709 401
704 402
701 403
698 404
688 405
688 406
685 407
674 408
669 409
666 410
665 411
662 412
655 413
655 414
651 415
647 416
643 417
643 418
644 419
647 420
645 421
643 422
646 423
645 424
646 425
645 426
644 427
643 428
642 429
643 430
641 431
641 432
642 433
641 434
640 435
639 436
638 437
638 438
637 439
640 440
641 441
645 442
644 443
642 444
640 445
641 446
641 447
642 448
639 449
639 450
638 451
639 452
639 453
639 454
639 455
638 456
638 457
638 458
637 459
637 460
638 461
638 462
639 463
638 464
637 465
637 466
637 467
638 468
638 469
638 470
639 471
637 472
637 473
637 474
637 475
636 476
637 477
637 478
636 479
636 480
636 481
636 482
636 483
635 484
636 485
636 486
636 487
636 488
636 489
636 490
637 491
638 492
638 493
637 494
637 495
638 496
638 497
638 498
637 499
639 500
640 501
639 502
640 503
639 504
639 505
638 506
639 507
641 508
641 509
641 510
641 511
644 512
645 513
645 514
645 515
645 516
646 517
647 518
646 519
643 520
643 521
644 522
645 523
644 524
645 525
644 526
642 527
641 528
640 529
640 530
641 531
641 532
641 533
641 534
641 535
640 536
641 537
642 538
642 539
642 540
642 541
642 542
643 543
643 544
643 545
642 546
642 547
642 548
642 549
643 550
642 551
641 552
643 553
643 554
641 555
642 556
641 557
641 558
641 559
641 560
640 561
640 562
640 563
639 564
639 565
639 566
639 567
639 568
639 569
639 570
639 571
639 572
639 573
639 574
639 575
639 576
639 577
639 578
639 579
639 580
640 581
639 582
639 583
640 584
639 585
640 586
640 587
640 588
640 589
640 590
640 591
640 592
640 593
640 594
640 595
640 596
640 597
640 598
641 599
640 600
641 601
641 602
639 603
639 604
639 605
639 606
640 607
639 608
639 609
639 610
640 611
639 612
639 613
639 614
639 615
641 616
639 617
639 618
640 619
640 620
639 621
639 622
640 623
639 624
639 625
640 626
640 627
640 628
641 629
640 630
640 631
640 632
640 633
640 634
641 635
640 636
641 637
640 638
640 639
643 640
642 641
642 642
642 643
640 644
641 645
641 646
642 647
640 648
640 649
641 650
641 651
639 652
641 653
642 654
642 655
645 656
640 657
640 658
641 659
640 660
640 661
643 662
646 663
643 664
639 665
640 666
641 667
642 668
642 669
641 670
646 671
645 672
641 673
641 674
644 675
642 676
645 677
645 678
647 679
645 680
643 681
644 682
645 683
643 684
642 685
644 686
646 687
646 688
641 689
643 690
643 691
645 692
646 693
647 694
650 695
646 696
644 697
648 698
650 699
648 700
649 701
644 702
646 703
646 704
645 705
643 706
645 707
643 708
641 709
644 710
648 711
648 712
648 713
646 714
645 715
648 716
650 717
648 718
648 719
