639 0
639 1
639 2
639 3
639 4
639 5
639 6
639 7
639 8
639 9
639 10
639 11
639 12
639 13
639 14
639 15
639 16
639 17
639 18
639 19
639 20
639 21
639 22
639 23
639 24
639 25
639 26
639 27
639 28
639 29
639 30
639 31
639 32
639 33
639 34
639 35
639 36
639 37
639 38
639 39
639 40
639 41
639 42
639 43
639 44
639 45
639 46
639 47
639 48
639 49
638 50
637 51
635 52
635 53
636 54
632 55
632 56
631 57
631 58
627 59
621 60
616 61
615 62
611 63
617 64
611 65
604 66
597 67
593 68
582 69
580 70
587 71
586 72
573 73
564 74
562 75
558 76
558 77
559 78
553 79
542 80
539 81
537 82
539 83
534 84
526 85
517 86
515 87
516 88
507 89
500 90
505 91
505 92
498 93
487 94
485 95
456 96
438 97
442 98
454 99
447 100
434 101
437 102
438 103
433 104
424 105
424 106
419 107
415 108
413 109
407 110
412 111
410 112
403 113
409 114
407 115
411 116
410 117
396 118
402 119
405 120
399 121
397 122
383 123
377 124
375 125
378 126
381 127
371 128
369 129
362 130
359 131
362 132
361 133
359 134
358 135
352 136
343 137
334 138
331 139
326 140
316 141
303 142
306 143
305 144
301 145
295 146
293 147
290 148
290 149
290 150
286 151
280 152
276 153
277 154
273 155
262 156
257 157
259 158
261 159
259 160
253 161
250 162
246 163
244 164
227 165
219 166
220 167
211 168
204 169
204 170
190 171
187 172
181 173
176 174
181 175
192 176
175 177
183 178
177 179
176 180
159 181
159 182
170 183
183 184
192 185
187 186
153 187
133 188
154 189
155 190
168 191
173 192
145 193
147 194
133 195
126 196
160 197
162 198
170 199
177 200
145 201
142 202
146 203
153 204
144 205
148 206
162 207
173 208
130 209
156 210
171 211
164 212
178 213
135 214
155 215
186 216
207 217
196 218
248 219
289 220
267 221
232 222
222 223
272 224
204 225
174 226
282 227
296 228
237 229
219 230
253 231
297 232
194 233
255 234
293 235
292 236
244 237
264 238
284 239
296 240
251 241
244 242
196 243
163 244
251 245
250 246
283 247
230 248
296 249
315 250
358 251
347 252
335 253
328 254
341 255
301 256
332 257
341 258
372 259
358 260
348 261
352 262
303 263
196 264
185 265
232 266
348 267
405 268
643 269
882 270
835 271
998 272
1046 273
935 274
1018 275
1023 276
1040 277
1093 278
988 279
1012 280
1099 281
990 282
946 283
1080 284
1030 285
1014 286
1049 287
973 288
1081 289
1087 290
1014 291
1037 292
1070 293
1075 294
1039 295
1083 296
1129 297
1122 298
1099 299
1110 300
1087 301
1079 302
1079 303
1066 304
1059 305
1069 306
1072 307
1073 308
1073 309
1077 310
1059 311
1061 312
1068 313
1069 314
1075 315
1073 316
1065 317
1062 318
1063 319
1053 320
1049 321
1042 322
1032 323
1030 324
1017 325
1020 326
1017 327
1001 328
992 329
970 330
969 331
963 332
966 333
962 334
952 335
965 336
957 337
944 338
944 339
935 340
939 341
931 342
924 343
910 344
914 345
912 346
913 347
913 348
911 349
912 350
906 351
901 352
899 353
897 354
896 355
900 356
899 357
887 358
888 359
888 360
902 361
900 362
895 363
893 364
896 365
899 366
893 367
886 368
898 369
899 370
900 371
894 372
889 373
892 374
889 375
878 376
878 377
880 378
876 379
869 380
866 381
871 382
872 383
869 384
857 385
837 386
817 387
803 388
793 389
797 390
795 391
778 392
770 393
763 394
754 395
742 396
741 397
742 398
732 399
729 400
716 401
708 402
706 403
699 404
693 405
694 406
681 407
679 408
673 409
671 410
665 411
662 412
661 413
652 414
648 415
648 416
650 417
651 418
652 419
650 420
649 421
651 422
650 423
649 424
651 425
651 426
651 427
650 428
651 429
651 430
652 431
653 432
651 433
653 434
654 435
655 436
655 437
656 438
657 439
656 440
656 441
655 442
655 443
656 444
653 445
653 446
653 447
652 448
652 449
651 450
651 451
652 452
653 453
651 454
650 455
646 456
646 457
647 458
646 459
646 460
646 461
645 462
643 463
644 464
645 465
646 466
645 467
643 468
640 469
640 470
641 471
641 472
639 473
640 474
639 475
640 476
639 477
637 478
639 479
638 480
638 481
639 482
639 483
640 484
639 485
637 486
637 487
638 488
638 489
637 490
636 491
637 492
637 493
636 494
636 495
637 496
637 497
637 498
636 499
636 500
636 501
635 502
634 503
635 504
634 505
634 506
636 507
635 508
636 509
636 510
636 511
636 512
637 513
637 514
635 515
635 516
636 517
635 518
636 519
636 520
636 521
636 522
636 523
637 524
636 525
636 526
637 527
636 528
636 529
636 530
637 531
636 532
635 533
635 534
636 535
636 536
636 537
636 538
634 539
635 540
635 541
635 542
637 543
638 544
638 545
639 546
639 547
637 548
636 549
637 550
636 551
635 552
635 553
635 554
636 555
636 556
636 557
636 558
637 559
637 560
637 561
638 562
638 563
638 564
638 565
638 566
638 567
639 568
638 569
639 570
639 571
639 572
639 573
639 574
639 575
639 576
639 577
638 578
639 579
639 580
638 581
639 582
639 583
639 584
639 585
639 586
639 587
639 588
639 589
639 590
640 591
639 592
639 593
639 594
639 595
639 596
639 597
639 598
639 599
639 600
640 601
639 602
639 603
639 604
639 605
639 606
639 607
639 608
639 609
639 610
639 611
640 612
639 613
639 614
639 615
641 616
639 617
639 618
640 619
640 620
640 621
640 622
641 623
640 624
640 625
640 626
641 627
641 628
640 629
641 630
643 631
641 632
640 633
641 634
640 635
640 636
640 637
640 638
640 639
641 640
640 641
643 642
640 643
640 644
642 645
642 646
639 647
640 648
639 649
639 650
639 651
641 652
639 653
640 654
642 655
639 656
641 657
641 658
643 659
642 660
641 661
642 662
642 663
641 664
639 665
638 666
640 667
638 668
638 669
640 670
644 671
646 672
642 673
643 674
641 675
641 676
639 677
640 678
645 679
641 680
638 681
639 682
640 683
642 684
645 685
641 686
640 687
641 688
641 689
641 690
643 691
648 692
649 693
642 694
643 695
641 696
641 697
649 698
646 699
646 700
645 701
643 702
647 703
646 704
643 705
646 706
648 707
648 708
645 709
645 710
651 711
651 712
654 713
649 714
650 715
652 716
652 717
648 718
645 719
