639 0
639 1
639 2
639 3
639 4
639 5
639 6
639 7
639 8
639 9
639 10
639 11
639 12
639 13
639 14
639 15
639 16
639 17
639 18
639 19
639 20
639 21
639 22
639 23
639 24
639 25
639 26
639 27
639 28
639 29
639 30
639 31
639 32
639 33
639 34
639 35
639 36
639 37
639 38
639 39
639 40
639 41
639 42
639 43
639 44
639 45
639 46
639 47
639 48
639 49
639 50
639 51
639 52
639 53
639 54
639 55
639 56
639 57
639 58
639 59
639 60
639 61
639 62
639 63
639 64
639 65
639 66
639 67
639 68
639 69
639 70
639 71
639 72
639 73
639 74
639 75
639 76
639 77
639 78
639 79
639 80
639 81
639 82
639 83
639 84
639 85
639 86
639 87
639 88
639 89
639 90
639 91
639 92
641 93
642 94
645 95
645 96
652 97
656 98
660 99
667 100
668 101
666 102
671 103
686 104
691 105
689 106
690 107
704 108
707 109
712 110
717 111
723 112
722 113
723 114
725 115
730 116
737 117
744 118
749 119
753 120
756 121
762 122
767 123
768 124
770 125
771 126
781 127
789 128
788 129
788 130
797 131
806 132
809 133
809 134
819 135
832 136
843 137
866 138
867 139
868 140
872 141
875 142
874 143
877 144
878 145
884 146
889 147
892 148
893 149
895 150
898 151
899 152
902 153
904 154
910 155
910 156
912 157
911 158
912 159
916 160
914 161
919 162
924 163
934 164
937 165
936 166
940 167
942 168
945 169
947 170
947 171
951 172
952 173
953 174
962 175
965 176
977 177
991 178
1001 179
1008 180
1009 181
1011 182
1010 183
1012 184
1012 185
1015 186
1017 187
1018 188
1022 189
1024 190
1025 191
1024 192
1040 193
1048 194
1055 195
1055 196
1055 197
1057 198
1065 199
1071 200
1090 201
1106 202
1106 203
1117 204
1119 205
1125 206
1129 207
1129 208
1138 209
1142 210
1151 211
1152 212
1153 213
1155 214
1155 215
1167 216
1171 217
1175 218
1173 219
1176 220
1174 221
1178 222
1185 223
1187 224
1189 225
1190 226
1194 227
1197 228
1202 229
1205 230
1210 231
1210 232
1216 233
1218 234
1213 235
1226 236
1221 237
1226 238
1226 239
1233 240
1205 241
1246 242
1253 243
1264 244
1245 245
1189 246
1195 247
838 248
802 249
1256 250
853 254
853 255
856 256
999 260
858 261
859 262
1278 263
1085 264
1227 265
1106 266
1106 267
1255 268
1275 277
1216 284
930 295
960 304
255 306
233 307
178 308
120 309
160 310
129 311
47 312
31 313
55 314
66 315
58 316
71 317
63 318
66 319
78 320
71 321
88 322
79 323
87 324
88 325
89 326
81 327
62 328
72 329
72 330
75 331
77 332
72 333
75 334
79 335
81 336
84 337
98 338
102 339
107 340
145 341
174 342
181 343
189 344
195 345
201 346
200 347
202 348
207 349
210 350
211 351
213 352
215 353
217 354
218 355
219 356
222 357
226 358
224 359
227 360
230 361
237 362
245 363
252 364
257 365
256 366
262 367
259 368
263 369
267 370
267 371
279 372
283 373
286 374
288 375
292 376
295 377
296 378
299 379
305 380
306 381
306 382
310 383
310 384
310 385
315 386
315 387
317 388
324 389
332 390
331 391
332 392
333 393
334 394
331 395
334 396
339 397
336 398
341 399
342 400
346 401
346 402
345 403
348 404
349 405
352 406
354 407
355 408
356 409
363 410
362 411
361 412
365 413
365 414
363 415
369 416
371 417
371 418
372 419
372 420
374 421
376 422
378 423
382 424
381 425
390 426
418 427
434 428
442 429
447 430
447 431
454 432
459 433
469 434
471 435
487 436
492 437
491 438
514 439
508 440
518 441
529 442
538 443
549 444
558 445
567 446
563 447
572 448
570 449
575 450
572 451
567 452
570 453
578 454
572 455
572 456
575 457
570 458
569 459
569 460
573 461
586 462
586 463
592 464
593 465
591 466
593 467
594 468
596 469
595 470
592 471
594 472
596 473
599 474
603 475
602 476
602 477
603 478
602 479
598 480
603 481
602 482
603 483
602 484
604 485
603 486
600 487
601 488
601 489
600 490
603 491
602 492
603 493
603 494
602 495
604 496
604 497
604 498
605 499
606 500
607 501
610 502
606 503
610 504
610 505
610 506
609 507
610 508
612 509
613 510
614 511
613 512
614 513
615 514
614 515
614 516
613 517
614 518
614 519
616 520
614 521
615 522
618 523
619 524
617 525
618 526
619 527
616 528
618 529
618 530
617 531
618 532
619 533
621 534
619 535
617 536
621 537
622 538
621 539
622 540
622 541
623 542
622 543
623 544
623 545
624 546
624 547
624 548
627 549
627 550
628 551
626 552
627 553
626 554
628 555
629 556
631 557
633 558
636 559
636 560
637 561
636 562
635 563
635 564
635 565
637 566
637 567
637 568
637 569
636 570
637 571
636 572
636 573
637 574
636 575
635 576
634 577
636 578
636 579
636 580
636 581
636 582
637 583
637 584
637 585
636 586
635 587
637 588
638 589
638 590
636 591
636 592
637 593
638 594
639 595
638 596
637 597
639 598
637 599
636 600
635 601
638 602
638 603
639 604
638 605
639 606
638 607
637 608
638 609
639 610
638 611
639 612
637 613
638 614
636 615
638 616
638 617
638 618
637 619
637 620
637 621
638 622
636 623
637 624
638 625
635 626
634 627
633 628
635 629
634 630
635 631
636 632
637 633
637 634
638 635
638 636
637 637
637 638
636 639
635 640
637 641
636 642
636 643
630 644
637 645
637 646
634 647
634 648
636 649
636 650
633 651
634 652
633 653
634 654
633 655
633 656
635 657
634 658
631 659
632 660
633 661
631 662
629 663
628 664
630 665
629 666
628 667
629 668
628 669
627 670
623 671
625 672
626 673
625 674
624 675
622 676
626 677
623 678
614 679
616 680
624 681
624 682
619 683
623 684
626 685
622 686
622 687
625 688
623 689
619 690
617 691
615 692
620 693
620 694
615 695
610 696
617 697
617 698
616 699
620 700
621 701
620 702
613 703
618 704
615 705
612 706
607 707
608 708
613 709
607 710
589 711
592 712
596 713
592 714
593 715
595 716
602 717
611 718
611 719
