639 0
639 1
639 2
639 3
639 4
639 5
639 6
639 7
639 8
639 9
639 10
639 11
639 12
639 13
639 14
639 15
639 16
639 17
639 18
639 19
639 20
639 21
639 22
639 23
639 24
639 25
639 26
639 27
639 28
639 29
639 30
639 31
639 32
639 33
639 34
639 35
639 36
639 37
639 38
639 39
639 40
639 41
639 42
639 43
639 44
639 45
639 46
639 47
639 48
639 49
638 50
637 51
632 52
630 53
634 54
631 55
629 56
630 57
632 58
628 59
619 60
619 61
617 62
616 63
615 64
607 65
601 66
590 67
590 68
589 69
587 70
587 71
584 72
577 73
566 74
568 75
565 76
557 77
553 78
555 79
546 80
535 81
534 82
534 83
530 84
521 85
522 86
526 87
514 88
507 89
505 90
500 91
497 92
492 93
493 94
485 95
462 96
447 97
441 98
447 99
452 100
440 101
435 102
434 103
427 104
426 105
425 106
417 107
413 108
412 109
408 110
413 111
421 112
411 113
412 114
403 115
406 116
402 117
402 118
410 119
412 120
406 121
388 122
386 123
381 124
370 125
371 126
379 127
375 128
371 129
372 130
364 131
360 132
356 133
360 134
361 135
351 136
346 137
338 138
332 139
323 140
321 141
300 142
308 143
302 144
305 145
298 146
298 147
295 148
295 149
290 150
288 151
290 152
281 153
281 154
275 155
264 156
265 157
253 158
260 159
255 160
252 161
249 162
243 163
232 164
223 165
210 166
220 167
218 168
210 169
200 170
192 171
180 172
180 173
188 174
190 175
191 176
189 177
189 178
194 179
184 180
175 181
174 182
201 183
200 184
185 185
182 186
166 187
152 188
172 189
167 190
179 191
165 192
147 193
158 194
141 195
148 196
157 197
148 198
168 199
194 200
149 201
141 202
124 203
117 204
156 205
161 206
175 207
177 208
145 209
130 210
148 211
176 212
137 213
151 214
199 215
265 216
220 217
188 218
192 219
190 220
259 221
281 222
263 223
224 224
241 225
250 226
267 227
303 228
315 229
306 230
288 231
243 232
219 233
230 234
277 235
307 236
281 237
275 238
265 239
239 240
281 241
237 242
240 243
290 244
295 245
286 246
283 247
225 248
153 249
205 250
237 251
222 252
146 253
196 254
188 255
171 256
198 257
221 258
287 259
242 260
225 261
252 262
224 263
254 264
226 265
155 266
613 267
611 268
620 269
776 270
772 271
944 272
1011 273
970 274
1006 275
955 276
990 277
1039 278
1049 279
1006 280
1076 281
1009 282
991 283
992 284
1035 285
1079 286
1014 287
1078 288
1044 289
1056 290
1117 291
1102 292
1074 293
1106 294
1110 295
1144 296
1153 297
1153 298
1100 299
1098 300
1099 301
1101 302
1088 303
1091 304
1089 305
1092 306
1090 307
1086 308
1076 309
1078 310
1078 311
1072 312
1071 313
1062 314
1055 315
1028 316
1019 317
1005 318
997 319
981 320
988 321
981 322
971 323
963 324
963 325
958 326
950 327
949 328
949 329
942 330
927 331
930 332
936 333
938 334
920 335
920 336
917 337
914 338
912 339
905 340
903 341
907 342
906 343
912 344
910 345
913 346
910 347
914 348
917 349
914 350
908 351
910 352
915 353
911 354
913 355
914 356
915 357
908 358
903 359
909 360
913 361
911 362
905 363
906 364
900 365
897 366
892 367
891 368
894 369
891 370
895 371
887 372
884 373
881 374
884 375
892 376
885 377
882 378
873 379
871 380
874 381
872 382
867 383
856 384
842 385
828 386
812 387
799 388
793 389
785 390
782 391
774 392
764 393
757 394
757 395
755 396
752 397
740 398
731 399
719 400
717 401
710 402
710 403
704 404
696 405
695 406
687 407
678 408
678 409
673 410
667 411
664 412
661 413
653 414
650 415
651 416
650 417
650 418
650 419
650 420
652 421
651 422
654 423
653 424
653 425
654 426
654 427
654 428
657 429
659 430
655 431
654 432
655 433
656 434
658 435
656 436
655 437
654 438
652 439
650 440
650 441
651 442
652 443
650 444
651 445
652 446
652 447
652 448
650 449
650 450
650 451
649 452
648 453
648 454
647 455
646 456
646 457
647 458
647 459
645 460
644 461
644 462
642 463
641 464
641 465
640 466
640 467
640 468
641 469
640 470
640 471
640 472
641 473
642 474
642 475
641 476
637 477
637 478
638 479
637 480
637 481
638 482
638 483
638 484
636 485
636 486
636 487
637 488
636 489
637 490
637 491
636 492
637 493
637 494
636 495
636 496
636 497
636 498
635 499
636 500
636 501
637 502
639 503
639 504
640 505
639 506
639 507
639 508
639 509
637 510
637 511
637 512
637 513
636 514
635 515
636 516
637 517
637 518
637 519
638 520
637 521
637 522
636 523
635 524
635 525
635 526
637 527
637 528
636 529
636 530
637 531
637 532
637 533
637 534
638 535
637 536
637 537
637 538
636 539
636 540
637 541
637 542
637 543
638 544
638 545
637 546
636 547
636 548
636 549
636 550
636 551
634 552
634 553
635 554
635 555
636 556
636 557
637 558
637 559
637 560
638 561
638 562
638 563
638 564
638 565
638 566
638 567
639 568
639 569
639 570
638 571
638 572
638 573
638 574
638 575
638 576
638 577
638 578
639 579
639 580
639 581
639 582
639 583
639 584
639 585
639 586
639 587
639 588
639 589
639 590
639 591
639 592
639 593
639 594
639 595
639 596
639 597
639 598
639 599
640 600
639 601
639 602
639 603
639 604
639 605
639 606
639 607
639 608
639 609
639 610
639 611
639 612
639 613
639 614
639 615
639 616
639 617
639 618
639 619
640 620
641 621
641 622
644 623
641 624
641 625
641 626
640 627
640 628
640 629
641 630
642 631
641 632
640 633
640 634
640 635
641 636
641 637
640 638
642 639
641 640
643 641
643 642
641 643
642 644
642 645
640 646
640 647
642 648
642 649
642 650
641 651
641 652
638 653
638 654
643 655
641 656
642 657
641 658
640 659
642 660
639 661
637 662
646 663
640 664
643 665
643 666
639 667
637 668
638 669
640 670
641 671
640 672
637 673
643 674
641 675
638 676
641 677
642 678
645 679
643 680
638 681
638 682
640 683
644 684
648 685
647 686
644 687
643 688
640 689
647 690
646 691
643 692
643 693
648 694
644 695
653 696
645 697
644 698
646 699
644 700
643 701
641 702
642 703
647 704
639 705
646 706
650 707
643 708
642 709
645 710
648 711
650 712
650 713
655 714
652 715
647 716
651 717
649 718
651 719
