639 0
639 1
639 2
639 3
639 4
639 5
639 6
639 7
639 8
639 9
639 10
639 11
639 12
639 13
639 14
639 15
639 16
639 17
639 18
639 19
639 20
639 21
639 22
639 23
639 24
639 25
639 26
639 27
639 28
639 29
639 30
639 31
639 32
639 33
639 34
639 35
639 36
639 37
639 38
639 39
639 40
639 41
639 42
639 43
639 44
639 45
639 46
639 47
639 48
639 49
639 50
638 51
638 52
636 53
635 54
632 55
629 56
632 57
632 58
631 59
622 60
621 61
627 62
617 63
619 64
620 65
612 66
599 67
593 68
594 69
593 70
588 71
595 72
580 73
577 74
565 75
560 76
555 77
555 78
564 79
556 80
540 81
538 82
536 83
539 84
540 85
526 86
534 87
528 88
516 89
505 90
504 91
506 92
509 93
497 94
492 95
486 96
455 97
454 98
460 99
452 100
444 101
444 102
443 103
434 104
438 105
442 106
438 107
434 108
420 109
416 110
431 111
421 112
416 113
418 114
416 115
412 116
405 117
401 118
411 119
413 120
413 121
409 122
395 123
383 124
385 125
389 126
394 127
393 128
380 129
369 130
360 131
361 132
363 133
363 134
370 135
362 136
351 137
342 138
339 139
334 140
340 141
331 142
317 143
313 144
308 145
300 146
297 147
298 148
301 149
293 150
293 151
290 152
287 153
287 154
295 155
289 156
278 157
268 158
267 159
259 160
255 161
255 162
252 163
244 164
230 165
226 166
231 167
234 168
214 169
223 170
219 171
210 172
207 173
198 174
208 175
206 176
207 177
213 178
210 179
199 180
194 181
191 182
217 183
200 184
177 185
178 186
172 187
182 188
194 189
199 190
210 191
172 192
152 193
167 194
156 195
163 196
175 197
185 198
199 199
172 200
164 201
177 202
166 203
164 204
166 205
142 206
148 207
121 208
122 209
137 210
172 211
210 212
166 213
141 214
149 215
182 216
170 217
189 218
164 219
194 220
204 221
160 222
180 223
205 224
185 225
202 226
205 227
225 228
182 229
229 230
192 231
179 232
128 233
139 234
129 235
125 236
151 237
173 238
187 239
130 240
76 241
72 242
187 243
175 244
79 245
90 246
117 247
144 248
111 249
92 250
68 251
90 252
149 253
99 254
137 255
76 256
129 257
83 258
100 259
82 260
171 261
144 262
238 263
198 264
203 265
156 266
385 267
521 268
699 269
691 270
739 271
823 272
788 273
764 274
815 275
788 276
779 277
802 278
780 279
766 280
779 281
768 282
788 283
811 284
814 285
812 286
803 287
787 288
825 289
817 290
825 291
847 292
857 293
853 294
854 295
879 296
878 297
876 298
905 299
939 300
935 301
929 302
930 303
931 304
927 305
922 306
925 307
921 308
912 309
914 310
916 311
917 312
918 313
920 314
919 315
911 316
917 317
914 318
905 319
905 320
906 321
900 322
900 323
900 324
901 325
901 326
894 327
894 328
897 329
892 330
893 331
893 332
887 333
884 334
877 335
877 336
871 337
873 338
870 339
873 340
879 341
879 342
874 343
872 344
877 345
878 346
876 347
873 348
875 349
879 350
878 351
870 352
874 353
877 354
877 355
877 356
874 357
878 358
875 359
892 360
894 361
894 362
882 363
876 364
872 365
869 366
872 367
871 368
870 369
872 370
875 371
870 372
864 373
863 374
861 375
863 376
867 377
868 378
872 379
871 380
863 381
853 382
867 383
857 384
846 385
831 386
813 387
800 388
798 389
791 390
787 391
784 392
769 393
760 394
751 395
750 396
741 397
736 398
733 399
725 400
718 401
715 402
709 403
705 404
694 405
693 406
691 407
683 408
677 409
674 410
668 411
663 412
660 413
656 414
650 415
650 416
651 417
651 418
650 419
649 420
648 421
649 422
650 423
650 424
651 425
652 426
649 427
649 428
650 429
651 430
648 431
648 432
647 433
648 434
649 435
649 436
648 437
648 438
647 439
646 440
647 441
646 442
647 443
647 444
650 445
651 446
649 447
648 448
646 449
646 450
646 451
646 452
644 453
644 454
646 455
647 456
643 457
644 458
643 459
642 460
643 461
643 462
642 463
641 464
641 465
642 466
641 467
639 468
639 469
638 470
639 471
638 472
638 473
638 474
639 475
638 476
638 477
636 478
638 479
637 480
639 481
640 482
639 483
639 484
638 485
638 486
640 487
638 488
639 489
638 490
638 491
638 492
637 493
638 494
639 495
638 496
639 497
637 498
637 499
638 500
639 501
641 502
641 503
640 504
641 505
640 506
640 507
641 508
641 509
641 510
641 511
641 512
642 513
645 514
647 515
646 516
645 517
645 518
645 519
645 520
646 521
647 522
648 523
649 524
649 525
649 526
647 527
648 528
646 529
645 530
644 531
643 532
644 533
645 534
644 535
644 536
643 537
643 538
643 539
644 540
644 541
644 542
644 543
644 544
645 545
644 546
644 547
645 548
645 549
645 550
644 551
643 552
642 553
640 554
641 555
640 556
640 557
640 558
640 559
640 560
640 561
639 562
639 563
639 564
639 565
639 566
639 567
639 568
639 569
639 570
639 571
639 572
639 573
639 574
639 575
639 576
639 577
639 578
639 579
639 580
639 581
639 582
639 583
639 584
639 585
640 586
639 587
639 588
639 589
639 590
639 591
640 592
639 593
639 594
639 595
640 596
639 597
639 598
640 599
640 600
639 601
639 602
639 603
639 604
639 605
639 606
640 607
639 608
639 609
640 610
640 611
640 612
640 613
640 614
641 615
641 616
641 617
641 618
641 619
640 620
640 621
640 622
641 623
641 624
640 625
640 626
639 627
640 628
640 629
641 630
640 631
640 632
641 633
640 634
640 635
640 636
642 637
639 638
640 639
640 640
642 641
641 642
640 643
639 644
640 645
642 646
643 647
642 648
639 649
640 650
641 651
640 652
640 653
640 654
642 655
644 656
641 657
642 658
641 659
640 660
640 661
640 662
643 663
646 664
643 665
644 666
644 667
645 668
646 669
643 670
643 671
651 672
646 673
644 674
644 675
646 676
645 677
645 678
651 679
646 680
639 681
640 682
642 683
642 684
643 685
644 686
643 687
645 688
646 689
645 690
649 691
648 692
645 693
645 694
652 695
649 696
649 697
654 698
647 699
644 700
645 701
643 702
641 703
649 704
645 705
643 706
645 707
647 708
651 709
647 710
647 711
650 712
646 713
649 714
647 715
648 716
651 717
650 718
651 719
