639 0
639 1
639 2
639 3
639 4
639 5
639 6
639 7
639 8
639 9
639 10
639 11
639 12
639 13
639 14
639 15
639 16
639 17
639 18
639 19
639 20
639 21
639 22
639 23
639 24
639 25
639 26
639 27
639 28
639 29
639 30
639 31
639 32
639 33
639 34
639 35
639 36
639 37
639 38
639 39
639 40
639 41
639 42
639 43
639 44
639 45
639 46
639 47
639 48
639 49
639 50
637 51
639 52
634 53
634 54
632 55
632 56
629 57
631 58
630 59
626 60
621 61
618 62
614 63
615 64
615 65
608 66
600 67
596 68
596 69
593 70
595 71
589 72
587 73
584 74
567 75
563 76
562 77
554 78
554 79
551 80
539 81
538 82
535 83
537 84
535 85
525 86
526 87
523 88
520 89
515 90
510 91
511 92
509 93
493 94
499 95
465 96
447 97
442 98
455 99
451 100
436 101
431 102
431 103
436 104
435 105
432 106
424 107
418 108
412 109
414 110
422 111
415 112
409 113
420 114
414 115
410 116
404 117
408 118
414 119
403 120
402 121
401 122
399 123
378 124
380 125
383 126
379 127
383 128
373 129
379 130
373 131
365 132
358 133
359 134
358 135
361 136
350 137
347 138
342 139
333 140
328 141
317 142
307 143
309 144
297 145
300 146
298 147
298 148
301 149
297 150
296 151
296 152
289 153
293 154
287 155
287 156
285 157
279 158
274 159
265 160
258 161
260 162
251 163
254 164
250 165
241 166
246 167
245 168
236 169
228 170
218 171
222 172
218 173
216 174
230 175
221 176
206 177
206 178
209 179
210 180
209 181
197 182
205 183
181 184
184 185
199 186
170 187
166 188
172 189
189 190
198 191
226 192
188 193
165 194
169 195
174 196
182 197
180 198
202 199
197 200
166 201
174 202
153 203
168 204
211 205
202 206
206 207
199 208
166 209
166 210
164 211
161 212
169 213
159 214
203 215
215 216
205 217
185 218
192 219
257 220
249 221
198 222
214 223
216 224
209 225
236 226
203 227
198 228
203 229
195 230
203 231
197 232
234 233
244 234
304 235
262 236
235 237
196 238
245 239
213 240
201 241
181 242
202 243
167 244
197 245
188 246
201 247
113 248
83 249
135 250
239 251
379 252
306 253
148 254
166 255
243 256
287 257
242 258
332 259
349 260
349 261
389 262
407 263
420 264
519 265
533 266
487 267
538 268
570 269
600 270
597 271
629 272
713 273
707 274
695 275
666 276
685 277
703 278
722 279
735 280
734 281
744 282
743 283
765 284
781 285
782 286
780 287
781 288
813 289
823 290
826 291
832 292
852 293
862 294
857 295
857 296
866 297
876 298
890 299
924 300
929 301
927 302
918 303
910 304
929 305
926 306
921 307
917 308
917 309
919 310
912 311
903 312
918 313
918 314
917 315
909 316
915 317
914 318
905 319
901 320
905 321
903 322
900 323
894 324
893 325
895 326
893 327
890 328
895 329
890 330
891 331
890 332
885 333
881 334
882 335
878 336
883 337
880 338
880 339
878 340
885 341
892 342
889 343
890 344
889 345
892 346
892 347
883 348
895 349
902 350
899 351
883 352
882 353
879 354
879 355
879 356
880 357
878 358
876 359
873 360
878 361
876 362
879 363
877 364
877 365
872 366
868 367
867 368
871 369
871 370
872 371
871 372
874 373
872 374
869 375
866 376
869 377
869 378
857 379
864 380
871 381
872 382
865 383
876 384
857 385
835 386
820 387
802 388
794 389
785 390
785 391
768 392
763 393
757 394
747 395
742 396
737 397
734 398
731 399
721 400
711 401
708 402
702 403
701 404
692 405
689 406
686 407
676 408
676 409
670 410
671 411
665 412
658 413
654 414
651 415
653 416
649 417
652 418
651 419
650 420
649 421
648 422
645 423
647 424
650 425
650 426
647 427
645 428
645 429
645 430
645 431
646 432
646 433
646 434
646 435
648 436
650 437
649 438
648 439
646 440
646 441
647 442
645 443
645 444
646 445
646 446
645 447
645 448
644 449
643 450
645 451
644 452
644 453
643 454
643 455
646 456
644 457
644 458
644 459
645 460
643 461
643 462
643 463
644 464
643 465
644 466
644 467
643 468
644 469
642 470
642 471
642 472
644 473
644 474
643 475
644 476
644 477
643 478
642 479
642 480
642 481
642 482
643 483
643 484
642 485
641 486
643 487
642 488
642 489
643 490
643 491
643 492
642 493
642 494
643 495
644 496
644 497
642 498
643 499
644 500
643 501
643 502
641 503
642 504
642 505
642 506
642 507
642 508
642 509
641 510
643 511
642 512
642 513
644 514
645 515
645 516
647 517
648 518
649 519
649 520
650 521
651 522
650 523
649 524
649 525
649 526
648 527
648 528
647 529
646 530
645 531
644 532
644 533
644 534
644 535
644 536
643 537
644 538
644 539
644 540
645 541
644 542
644 543
644 544
644 545
644 546
644 547
645 548
645 549
645 550
645 551
644 552
644 553
644 554
644 555
644 556
643 557
642 558
641 559
640 560
641 561
640 562
640 563
639 564
639 565
639 566
639 567
639 568
639 569
639 570
639 571
639 572
639 573
639 574
639 575
639 576
639 577
639 578
639 579
639 580
639 581
639 582
639 583
639 584
639 585
639 586
639 587
639 588
639 589
639 590
639 591
639 592
639 593
639 594
639 595
639 596
639 597
639 598
639 599
639 600
639 601
639 602
640 603
640 604
639 605
639 606
639 607
640 608
639 609
640 610
641 611
639 612
639 613
639 614
639 615
640 616
639 617
640 618
641 619
640 620
639 621
641 622
641 623
642 624
640 625
640 626
640 627
641 628
641 629
641 630
643 631
642 632
641 633
640 634
640 635
640 636
642 637
642 638
644 639
643 640
641 641
642 642
643 643
641 644
640 645
639 646
640 647
643 648
640 649
640 650
640 651
640 652
640 653
639 654
643 655
642 656
641 657
641 658
641 659
640 660
639 661
643 662
645 663
645 664
641 665
640 666
640 667
640 668
640 669
640 670
644 671
645 672
641 673
644 674
642 675
642 676
642 677
643 678
643 679
645 680
644 681
644 682
644 683
644 684
642 685
642 686
644 687
648 688
641 689
642 690
646 691
645 692
646 693
646 694
646 695
648 696
645 697
646 698
648 699
646 700
646 701
644 702
643 703
648 704
648 705
652 706
650 707
648 708
647 709
646 710
645 711
651 712
646 713
644 714
645 715
646 716
647 717
647 718
646 719
