639 0
639 1
639 2
639 3
639 4
639 5
639 6
639 7
639 8
639 9
639 10
639 11
639 12
639 13
639 14
639 15
639 16
639 17
639 18
639 19
639 20
639 21
639 22
639 23
639 24
639 25
639 26
639 27
639 28
639 29
639 30
639 31
639 32
639 33
639 34
639 35
639 36
639 37
639 38
639 39
639 40
639 41
639 42
639 43
639 44
639 45
639 46
639 47
639 48
639 49
638 50
638 51
637 52
635 53
632 54
629 55
632 56
634 57
632 58
630 59
624 60
623 61
619 62
620 63
618 64
621 65
613 66
605 67
595 68
591 69
591 70
591 71
588 72
581 73
577 74
565 75
563 76
559 77
564 78
566 79
559 80
550 81
539 82
538 83
541 84
537 85
545 86
548 87
535 88
527 89
505 90
501 91
506 92
511 93
496 94
498 95
493 96
456 97
449 98
455 99
451 100
446 101
437 102
442 103
440 104
434 105
431 106
423 107
424 108
420 109
416 110
423 111
421 112
426 113
422 114
413 115
411 116
414 117
403 118
406 119
419 120
422 121
414 122
397 123
388 124
381 125
378 126
381 127
381 128
371 129
371 130
369 131
366 132
365 133
361 134
363 135
355 136
350 137
338 138
340 139
334 140
322 141
319 142
326 143
312 144
303 145
302 146
298 147
300 148
300 149
293 150
289 151
285 152
281 153
284 154
287 155
281 156
278 157
280 158
264 159
271 160
254 161
263 162
258 163
246 164
244 165
233 166
233 167
243 168
228 169
224 170
204 171
202 172
193 173
187 174
197 175
208 176
193 177
205 178
209 179
199 180
180 181
177 182
212 183
211 184
186 185
182 186
189 187
197 188
196 189
178 190
191 191
199 192
153 193
150 194
148 195
158 196
139 197
166 198
185 199
184 200
165 201
158 202
154 203
161 204
161 205
140 206
158 207
160 208
140 209
154 210
150 211
140 212
173 213
181 214
215 215
165 216
145 217
152 218
160 219
146 220
137 221
166 222
199 223
244 224
214 225
174 226
192 227
168 228
160 229
124 230
220 231
148 232
163 233
192 234
159 235
135 236
108 237
136 238
174 239
131 240
103 241
94 242
108 243
122 244
114 245
50 246
69 247
111 248
87 249
84 250
73 251
97 252
94 253
84 254
114 255
132 256
185 257
70 258
91 259
150 260
140 261
133 262
107 263
184 264
334 265
203 266
113 267
330 268
549 269
721 270
633 271
670 272
770 273
776 274
742 275
796 276
756 277
772 278
782 279
766 280
758 281
763 282
794 283
812 284
794 285
793 286
794 287
778 288
801 289
822 290
847 291
835 292
841 293
853 294
847 295
860 296
874 297
889 298
907 299
938 300
938 301
932 302
927 303
926 304
921 305
930 306
928 307
922 308
926 309
926 310
923 311
918 312
915 313
914 314
914 315
913 316
906 317
907 318
900 319
903 320
909 321
910 322
901 323
901 324
904 325
900 326
895 327
899 328
899 329
896 330
891 331
890 332
889 333
889 334
882 335
875 336
878 337
872 338
874 339
876 340
876 341
875 342
879 343
880 344
882 345
884 346
882 347
881 348
880 349
878 350
876 351
883 352
887 353
886 354
893 355
902 356
899 357
890 358
894 359
885 360
885 361
881 362
877 363
877 364
875 365
874 366
871 367
872 368
872 369
868 370
870 371
870 372
864 373
868 374
869 375
870 376
872 377
872 378
870 379
867 380
858 381
858 382
858 383
845 384
841 385
830 386
814 387
806 388
796 389
792 390
789 391
785 392
771 393
764 394
761 395
754 396
752 397
741 398
733 399
723 400
719 401
712 402
708 403
707 404
697 405
695 406
689 407
681 408
675 409
671 410
665 411
661 412
661 413
652 414
654 415
647 416
650 417
651 418
653 419
651 420
650 421
651 422
653 423
651 424
654 425
651 426
649 427
649 428
648 429
648 430
648 431
647 432
646 433
646 434
647 435
648 436
648 437
648 438
649 439
648 440
648 441
650 442
647 443
648 444
649 445
649 446
647 447
648 448
644 449
643 450
643 451
643 452
642 453
642 454
643 455
643 456
643 457
642 458
643 459
642 460
641 461
641 462
640 463
640 464
640 465
639 466
639 467
639 468
640 469
640 470
639 471
641 472
639 473
639 474
641 475
640 476
640 477
639 478
640 479
641 480
640 481
641 482
640 483
640 484
640 485
639 486
639 487
639 488
639 489
639 490
638 491
639 492
638 493
639 494
639 495
639 496
639 497
640 498
640 499
640 500
640 501
639 502
640 503
640 504
640 505
640 506
641 507
642 508
641 509
641 510
643 511
644 512
644 513
645 514
647 515
647 516
645 517
645 518
646 519
648 520
648 521
649 522
648 523
648 524
649 525
648 526
646 527
647 528
644 529
644 530
644 531
643 532
644 533
644 534
643 535
643 536
644 537
644 538
644 539
644 540
644 541
644 542
644 543
645 544
645 545
645 546
645 547
644 548
644 549
644 550
642 551
643 552
642 553
642 554
639 555
641 556
640 557
639 558
640 559
639 560
639 561
639 562
639 563
639 564
639 565
639 566
639 567
639 568
640 569
639 570
639 571
639 572
639 573
639 574
639 575
639 576
639 577
639 578
639 579
639 580
639 581
639 582
639 583
639 584
639 585
639 586
639 587
640 588
639 589
639 590
639 591
639 592
639 593
640 594
640 595
639 596
639 597
639 598
639 599
639 600
639 601
639 602
639 603
639 604
639 605
639 606
640 607
640 608
639 609
640 610
640 611
642 612
640 613
640 614
640 615
641 616
640 617
639 618
640 619
640 620
642 621
641 622
642 623
641 624
640 625
640 626
640 627
640 628
640 629
640 630
640 631
640 632
641 633
640 634
639 635
640 636
640 637
640 638
640 639
639 640
639 641
640 642
640 643
639 644
639 645
639 646
640 647
642 648
641 649
640 650
639 651
640 652
639 653
640 654
640 655
640 656
641 657
641 658
639 659
639 660
642 661
642 662
640 663
642 664
642 665
639 666
641 667
641 668
644 669
643 670
647 671
648 672
648 673
644 674
643 675
645 676
642 677
640 678
640 679
641 680
641 681
642 682
645 683
643 684
644 685
644 686
644 687
649 688
643 689
643 690
642 691
648 692
649 693
645 694
645 695
649 696
646 697
647 698
647 699
645 700
644 701
645 702
648 703
643 704
643 705
645 706
646 707
643 708
644 709
646 710
646 711
646 712
646 713
652 714
653 715
647 716
648 717
651 718
649 719
