639 0
639 1
639 2
639 3
639 4
639 5
639 6
639 7
639 8
639 9
639 10
639 11
639 12
639 13
639 14
639 15
639 16
639 17
639 18
639 19
639 20
639 21
639 22
639 23
639 24
639 25
639 26
639 27
639 28
639 29
639 30
639 31
639 32
639 33
639 34
639 35
639 36
639 37
639 38
639 39
639 40
639 41
639 42
639 43
639 44
639 45
639 46
639 47
639 48
639 49
639 50
639 51
639 52
638 53
638 54
637 55
635 56
635 57
634 58
636 59
634 60
630 61
626 62
629 63
632 64
633 65
628 66
621 67
616 68
607 69
607 70
610 71
622 72
613 73
604 74
602 75
602 76
598 77
600 78
598 79
593 80
589 81
587 82
584 83
580 84
575 85
571 86
573 87
571 88
568 89
559 90
567 91
572 92
569 93
565 94
559 95
542 96
527 97
524 98
521 99
521 100
529 101
522 102
522 103
515 104
498 105
503 106
519 107
524 108
523 109
516 110
511 111
510 112
504 113
497 114
489 115
487 116
483 117
480 118
487 119
486 120
482 121
481 122
483 123
476 124
457 125
449 126
479 127
485 128
467 129
471 130
462 131
446 132
456 133
455 134
466 135
466 136
457 137
447 138
436 139
425 140
441 141
447 142
441 143
432 144
412 145
406 146
413 147
435 148
423 149
403 150
419 151
409 152
408 153
409 154
413 155
415 156
401 157
416 158
426 159
406 160
404 161
416 162
425 163
429 164
415 165
396 166
404 167
428 168
405 169
400 170
421 171
424 172
422 173
421 174
426 175
418 176
404 177
415 178
399 179
396 180
391 181
392 182
412 183
401 184
389 185
394 186
376 187
379 188
395 189
403 190
423 191
437 192
394 193
383 194
396 195
395 196
395 197
414 198
431 199
408 200
400 201
401 202
411 203
440 204
435 205
406 206
420 207
438 208
425 209
432 210
447 211
432 212
437 213
493 214
473 215
462 216
455 217
454 218
414 219
411 220
392 221
398 222
462 223
484 224
466 225
439 226
432 227
414 228
433 229
453 230
482 231
481 232
473 233
468 234
485 235
512 236
502 237
487 238
525 239
500 240
520 241
527 242
544 243
525 244
539 245
538 246
572 247
549 248
547 249
533 250
575 251
590 252
571 253
554 254
559 255
505 256
513 257
534 258
533 259
544 260
546 261
592 262
600 263
573 264
566 265
591 266
616 267
647 268
653 269
651 270
713 271
742 272
742 273
753 274
730 275
738 276
793 277
797 278
770 279
766 280
800 281
813 282
805 283
814 284
837 285
833 286
819 287
828 288
824 289
815 290
803 291
833 292
851 293
842 294
830 295
843 296
862 297
879 298
891 299
894 300
899 301
900 302
890 303
882 304
899 305
895 306
888 307
885 308
885 309
882 310
871 311
884 312
889 313
887 314
872 315
867 316
880 317
884 318
885 319
880 320
881 321
876 322
877 323
869 324
875 325
869 326
866 327
854 328
861 329
860 330
859 331
864 332
864 333
857 334
852 335
856 336
859 337
858 338
861 339
859 340
857 341
861 342
856 343
856 344
859 345
856 346
858 347
858 348
858 349
860 350
856 351
854 352
856 353
856 354
855 355
850 356
851 357
849 358
851 359
849 360
850 361
848 362
846 363
845 364
846 365
846 366
844 367
842 368
843 369
838 370
837 371
839 372
840 373
839 374
840 375
839 376
842 377
841 378
836 379
832 380
831 381
830 382
827 383
826 384
822 385
810 386
798 387
788 388
779 389
770 390
771 391
765 392
757 393
745 394
751 395
748 396
743 397
733 398
726 399
718 400
713 401
702 402
697 403
690 404
682 405
681 406
684 407
673 408
669 409
666 410
660 411
651 412
649 413
647 414
640 415
638 416
639 417
643 418
639 419
639 420
639 421
640 422
642 423
640 424
640 425
640 426
638 427
637 428
638 429
637 430
638 431
642 432
638 433
637 434
636 435
637 436
637 437
637 438
637 439
636 440
636 441
636 442
636 443
636 444
636 445
636 446
637 447
635 448
635 449
635 450
635 451
635 452
636 453
636 454
636 455
636 456
636 457
636 458
637 459
637 460
637 461
636 462
636 463
636 464
636 465
637 466
637 467
637 468
638 469
637 470
637 471
637 472
636 473
636 474
636 475
636 476
636 477
637 478
637 479
638 480
637 481
637 482
638 483
638 484
639 485
639 486
639 487
640 488
639 489
640 490
642 491
642 492
642 493
642 494
641 495
642 496
640 497
639 498
639 499
639 500
638 501
638 502
639 503
640 504
639 505
639 506
638 507
638 508
639 509
639 510
639 511
640 512
639 513
638 514
638 515
639 516
639 517
639 518
639 519
639 520
639 521
639 522
639 523
639 524
639 525
639 526
639 527
639 528
639 529
639 530
639 531
639 532
639 533
639 534
639 535
639 536
639 537
639 538
639 539
639 540
639 541
639 542
639 543
639 544
639 545
639 546
639 547
639 548
639 549
639 550
639 551
639 552
639 553
639 554
639 555
639 556
639 557
639 558
640 559
640 560
639 561
639 562
639 563
639 564
639 565
639 566
639 567
639 568
639 569
639 570
639 571
639 572
639 573
639 574
639 575
640 576
639 577
639 578
639 579
639 580
639 581
639 582
639 583
639 584
639 585
639 586
639 587
639 588
639 589
639 590
639 591
640 592
639 593
639 594
639 595
639 596
639 597
639 598
639 599
639 600
639 601
639 602
639 603
639 604
639 605
639 606
640 607
639 608
639 609
639 610
639 611
640 612
639 613
639 614
640 615
640 616
639 617
639 618
640 619
639 620
639 621
639 622
641 623
639 624
639 625
639 626
639 627
640 628
640 629
639 630
640 631
640 632
640 633
639 634
639 635
640 636
642 637
641 638
641 639
641 640
640 641
640 642
640 643
640 644
641 645
640 646
640 647
643 648
642 649
642 650
643 651
640 652
643 653
642 654
645 655
643 656
640 657
640 658
645 659
647 660
643 661
641 662
647 663
645 664
643 665
643 666
646 667
643 668
643 669
643 670
645 671
642 672
644 673
641 674
640 675
641 676
645 677
642 678
647 679
643 680
644 681
642 682
642 683
646 684
648 685
642 686
645 687
645 688
645 689
645 690
642 691
648 692
649 693
649 694
648 695
643 696
646 697
645 698
643 699
646 700
644 701
644 702
647 703
646 704
648 705
646 706
650 707
645 708
645 709
646 710
651 711
655 712
647 713
646 714
648 715
652 716
656 717
653 718
650 719
