639 0
639 1
639 2
639 3
639 4
639 5
639 6
639 7
639 8
639 9
639 10
639 11
639 12
639 13
639 14
639 15
639 16
639 17
639 18
639 19
639 20
639 21
639 22
639 23
639 24
639 25
639 26
639 27
639 28
639 29
639 30
639 31
639 32
639 33
639 34
639 35
639 36
639 37
639 38
639 39
639 40
639 41
639 42
639 43
639 44
639 45
639 46
639 47
639 48
639 49
639 50
639 51
637 52
636 53
634 54
635 55
633 56
637 57
635 58
633 59
630 60
627 61
626 62
623 63
620 64
621 65
616 66
605 67
598 68
592 69
593 70
593 71
587 72
584 73
576 74
567 75
567 76
563 77
563 78
569 79
564 80
542 81
544 82
542 83
535 84
546 85
548 86
531 87
536 88
522 89
515 90
510 91
519 92
515 93
513 94
505 95
491 96
463 97
454 98
452 99
458 100
445 101
448 102
454 103
445 104
441 105
442 106
439 107
435 108
422 109
425 110
432 111
435 112
430 113
428 114
431 115
425 116
414 117
409 118
418 119
436 120
419 121
429 122
432 123
406 124
395 125
393 126
402 127
401 128
382 129
380 130
385 131
386 132
384 133
372 134
377 135
366 136
360 137
352 138
345 139
332 140
331 141
333 142
337 143
331 144
315 145
309 146
306 147
306 148
308 149
306 150
315 151
305 152
290 153
288 154
295 155
301 156
296 157
283 158
308 159
274 160
270 161
276 162
271 163
261 164
260 165
256 166
253 167
249 168
257 169
265 170
245 171
231 172
227 173
219 174
251 175
258 176
251 177
262 178
256 179
249 180
246 181
252 182
253 183
263 184
250 185
252 186
275 187
246 188
245 189
234 190
248 191
264 192
264 193
250 194
219 195
221 196
231 197
248 198
259 199
253 200
222 201
221 202
241 203
254 204
249 205
237 206
248 207
250 208
220 209
221 210
215 211
221 212
221 213
216 214
226 215
224 216
223 217
222 218
223 219
234 220
233 221
236 222
240 223
241 224
235 225
228 226
237 227
234 228
219 229
203 230
223 231
227 232
226 233
232 234
240 235
234 236
239 237
236 238
247 239
244 240
243 241
249 242
245 243
245 244
261 245
243 246
233 247
255 248
282 249
263 250
246 251
258 252
259 253
261 254
254 255
247 256
239 257
217 258
200 259
225 260
222 261
232 262
236 263
238 264
227 265
238 266
248 267
345 268
391 269
424 270
391 271
460 272
538 273
538 274
529 275
679 276
789 277
744 278
715 279
701 280
724 281
750 282
829 283
894 284
878 285
946 286
786 287
815 288
954 289
879 290
883 291
853 292
842 293
862 294
824 295
862 296
865 297
872 298
917 299
932 300
937 301
928 302
899 303
906 304
903 305
903 306
899 307
895 308
890 309
891 310
890 311
872 312
883 313
876 314
869 315
866 316
864 317
872 318
871 319
856 320
864 321
860 322
862 323
862 324
857 325
855 326
854 327
856 328
858 329
851 330
850 331
842 332
845 333
839 334
840 335
837 336
835 337
836 338
847 339
852 340
850 341
857 342
860 343
854 344
852 345
849 346
852 347
851 348
858 349
856 350
849 351
852 352
854 353
854 354
849 355
852 356
853 357
851 358
839 359
844 360
851 361
853 362
853 363
853 364
848 365
847 366
842 367
845 368
854 369
847 370
843 371
840 372
839 373
834 374
832 375
821 376
829 377
831 378
824 379
823 380
826 381
823 382
821 383
814 384
815 385
804 386
783 387
778 388
773 389
764 390
763 391
762 392
751 393
737 394
738 395
739 396
734 397
729 398
725 399
708 400
709 401
705 402
695 403
686 404
683 405
682 406
680 407
664 408
665 409
658 410
655 411
648 412
649 413
642 414
642 415
641 416
640 417
641 418
640 419
640 420
641 421
641 422
640 423
640 424
639 425
641 426
639 427
638 428
638 429
637 430
638 431
637 432
638 433
637 434
637 435
636 436
636 437
636 438
636 439
636 440
635 441
635 442
635 443
636 444
635 445
635 446
637 447
636 448
637 449
636 450
636 451
638 452
638 453
636 454
635 455
636 456
637 457
637 458
637 459
636 460
635 461
636 462
636 463
636 464
636 465
636 466
637 467
636 468
637 469
636 470
635 471
637 472
636 473
636 474
636 475
635 476
635 477
635 478
637 479
637 480
637 481
637 482
637 483
637 484
637 485
638 486
637 487
638 488
639 489
639 490
640 491
640 492
640 493
640 494
640 495
639 496
640 497
641 498
640 499
640 500
643 501
644 502
640 503
640 504
639 505
640 506
640 507
639 508
640 509
640 510
639 511
639 512
639 513
639 514
639 515
639 516
639 517
639 518
639 519
638 520
638 521
638 522
638 523
638 524
638 525
638 526
638 527
638 528
638 529
638 530
638 531
638 532
639 533
639 534
639 535
638 536
639 537
639 538
639 539
639 540
639 541
639 542
639 543
639 544
639 545
639 546
639 547
639 548
639 549
639 550
639 551
639 552
639 553
639 554
639 555
639 556
639 557
639 558
639 559
639 560
639 561
639 562
639 563
639 564
639 565
639 566
639 567
640 568
639 569
639 570
639 571
639 572
639 573
639 574
639 575
639 576
639 577
639 578
639 579
639 580
639 581
639 582
639 583
639 584
639 585
639 586
639 587
639 588
639 589
639 590
639 591
639 592
639 593
639 594
639 595
639 596
639 597
639 598
639 599
639 600
639 601
639 602
639 603
639 604
639 605
639 606
639 607
639 608
639 609
639 610
639 611
639 612
639 613
639 614
639 615
639 616
639 617
639 618
639 619
639 620
639 621
639 622
640 623
639 624
639 625
639 626
639 627
639 628
639 629
640 630
640 631
639 632
640 633
640 634
641 635
640 636
640 637
640 638
640 639
640 640
640 641
640 642
640 643
641 644
640 645
640 646
641 647
641 648
640 649
640 650
640 651
640 652
640 653
640 654
640 655
640 656
639 657
639 658
640 659
639 660
640 661
640 662
641 663
641 664
639 665
639 666
639 667
639 668
640 669
641 670
640 671
640 672
639 673
640 674
640 675
639 676
639 677
639 678
641 679
639 680
640 681
641 682
639 683
640 684
640 685
639 686
639 687
641 688
640 689
641 690
642 691
642 692
641 693
639 694
642 695
642 696
642 697
640 698
642 699
643 700
640 701
640 702
641 703
642 704
640 705
642 706
639 707
640 708
639 709
639 710
643 711
642 712
642 713
641 714
642 715
641 716
640 717
641 718
641 719
