639 0
639 1
639 2
639 3
639 4
639 5
639 6
639 7
639 8
639 9
639 10
639 11
639 12
639 13
639 14
639 15
639 16
639 17
639 18
639 19
639 20
639 21
639 22
639 23
639 24
639 25
639 26
639 27
639 28
639 29
639 30
639 31
639 32
639 33
639 34
639 35
639 36
639 37
639 38
639 39
639 40
639 41
639 42
639 43
639 44
639 45
639 46
639 47
639 48
639 49
639 50
639 51
637 52
637 53
638 54
635 55
632 56
634 57
633 58
635 59
628 60
624 61
622 62
620 63
622 64
627 65
619 66
605 67
588 68
589 69
592 70
594 71
592 72
589 73
581 74
570 75
565 76
564 77
569 78
563 79
566 80
556 81
553 82
546 83
548 84
543 85
534 86
537 87
546 88
524 89
515 90
515 91
520 92
509 93
504 94
503 95
489 96
459 97
449 98
459 99
453 100
454 101
440 102
441 103
442 104
435 105
436 106
435 107
430 108
425 109
428 110
419 111
432 112
428 113
409 114
406 115
404 116
402 117
411 118
419 119
423 120
417 121
406 122
396 123
398 124
386 125
379 126
394 127
387 128
372 129
369 130
368 131
366 132
367 133
361 134
359 135
358 136
353 137
347 138
339 139
331 140
333 141
328 142
322 143
316 144
315 145
312 146
303 147
300 148
298 149
295 150
298 151
297 152
293 153
293 154
298 155
300 156
287 157
286 158
291 159
291 160
286 161
290 162
289 163
275 164
268 165
263 166
268 167
263 168
269 169
255 170
242 171
250 172
253 173
248 174
229 175
241 176
221 177
222 178
207 179
211 180
228 181
211 182
229 183
235 184
199 185
203 186
201 187
172 188
167 189
177 190
229 191
235 192
209 193
194 194
171 195
187 196
189 197
188 198
206 199
180 200
166 201
172 202
166 203
179 204
188 205
161 206
193 207
178 208
147 209
165 210
190 211
194 212
201 213
229 214
266 215
256 216
342 217
268 218
225 219
230 220
287 221
199 222
251 223
206 224
185 225
217 226
230 227
163 228
164 229
174 230
247 231
206 232
171 233
177 234
120 235
124 236
149 237
157 238
163 239
194 240
142 241
196 242
256 243
229 244
175 245
165 246
141 247
161 248
110 249
91 250
107 251
116 252
134 253
154 254
185 255
138 256
84 257
105 258
135 259
242 260
345 261
256 262
241 263
239 264
411 265
405 266
281 267
504 268
651 269
801 270
780 271
743 272
802 273
795 274
775 275
790 276
807 277
767 278
759 279
775 280
790 281
784 282
781 283
790 284
798 285
823 286
787 287
795 288
821 289
828 290
836 291
833 292
850 293
863 294
867 295
862 296
876 297
890 298
911 299
928 300
929 301
926 302
923 303
921 304
927 305
931 306
931 307
921 308
918 309
923 310
924 311
908 312
918 313
922 314
920 315
918 316
915 317
922 318
919 319
910 320
915 321
912 322
906 323
900 324
900 325
896 326
893 327
896 328
901 329
889 330
878 331
875 332
885 333
887 334
885 335
885 336
886 337
880 338
881 339
881 340
878 341
879 342
876 343
878 344
876 345
875 346
876 347
883 348
883 349
882 350
878 351
880 352
882 353
882 354
885 355
885 356
879 357
882 358
886 359
880 360
883 361
884 362
884 363
891 364
896 365
888 366
877 367
872 368
870 369
872 370
867 371
861 372
860 373
860 374
859 375
869 376
869 377
867 378
867 379
869 380
867 381
862 382
858 383
856 384
856 385
832 386
813 387
803 388
794 389
791 390
792 391
789 392
775 393
768 394
762 395
757 396
753 397
744 398
734 399
732 400
726 401
720 402
713 403
705 404
700 405
696 406
686 407
688 408
683 409
677 410
672 411
667 412
661 413
661 414
654 415
653 416
650 417
651 418
650 419
652 420
651 421
653 422
651 423
651 424
650 425
651 426
650 427
650 428
650 429
651 430
652 431
652 432
653 433
654 434
651 435
650 436
651 437
650 438
651 439
649 440
649 441
650 442
651 443
650 444
650 445
650 446
654 447
652 448
652 449
649 450
646 451
645 452
647 453
649 454
646 455
643 456
645 457
646 458
646 459
646 460
646 461
644 462
644 463
644 464
643 465
643 466
644 467
643 468
641 469
640 470
640 471
642 472
642 473
642 474
641 475
641 476
640 477
640 478
640 479
640 480
640 481
641 482
640 483
639 484
640 485
641 486
642 487
640 488
641 489
643 490
641 491
640 492
639 493
639 494
640 495
641 496
641 497
641 498
640 499
639 500
640 501
642 502
642 503
643 504
642 505
643 506
644 507
644 508
643 509
642 510
642 511
642 512
644 513
642 514
642 515
643 516
643 517
644 518
647 519
648 520
648 521
647 522
647 523
646 524
648 525
649 526
649 527
650 528
650 529
650 530
649 531
650 532
649 533
647 534
648 535
648 536
647 537
646 538
646 539
645 540
644 541
645 542
646 543
645 544
645 545
645 546
645 547
645 548
646 549
646 550
646 551
646 552
645 553
644 554
643 555
642 556
641 557
641 558
642 559
641 560
641 561
640 562
641 563
640 564
640 565
640 566
640 567
639 568
639 569
639 570
639 571
639 572
639 573
639 574
639 575
639 576
639 577
639 578
639 579
639 580
639 581
639 582
639 583
639 584
639 585
639 586
639 587
639 588
639 589
639 590
639 591
640 592
639 593
639 594
639 595
639 596
639 597
639 598
639 599
640 600
639 601
640 602
639 603
639 604
639 605
641 606
640 607
639 608
639 609
639 610
641 611
640 612
639 613
639 614
641 615
642 616
640 617
640 618
641 619
640 620
641 621
641 622
642 623
641 624
640 625
640 626
640 627
640 628
642 629
642 630
641 631
641 632
640 633
641 634
642 635
641 636
642 637
643 638
644 639
643 640
642 641
640 642
639 643
639 644
641 645
640 646
638 647
640 648
638 649
639 650
639 651
640 652
639 653
639 654
642 655
643 656
644 657
639 658
640 659
643 660
642 661
641 662
641 663
642 664
639 665
641 666
640 667
640 668
639 669
639 670
644 671
650 672
642 673
640 674
640 675
640 676
643 677
645 678
644 679
642 680
639 681
639 682
641 683
641 684
641 685
642 686
647 687
645 688
647 689
643 690
644 691
643 692
646 693
647 694
650 695
650 696
650 697
647 698
643 699
650 700
644 701
640 702
647 703
650 704
644 705
646 706
649 707
646 708
647 709
647 710
653 711
651 712
649 713
647 714
647 715
654 716
655 717
650 718
648 719
