639 0
639 1
639 2
639 3
639 4
639 5
639 6
639 7
639 8
639 9
639 10
639 11
639 12
639 13
639 14
639 15
639 16
639 17
639 18
639 19
639 20
639 21
639 22
639 23
639 24
639 25
639 26
639 27
639 28
639 29
639 30
639 31
639 32
639 33
639 34
639 35
639 36
639 37
639 38
639 39
639 40
639 41
639 42
639 43
639 44
639 45
639 46
639 47
639 48
639 49
639 50
639 51
639 52
639 53
638 54
638 55
636 56
638 57
637 58
636 59
633 60
634 61
635 62
635 63
634 64
634 65
632 66
629 67
617 68
612 69
614 70
616 71
613 72
614 73
612 74
608 75
601 76
599 77
599 78
614 79
605 80
602 81
598 82
593 83
594 84
591 85
585 86
586 87
584 88
590 89
587 90
588 91
590 92
594 93
593 94
579 95
573 96
571 97
571 98
572 99
579 100
576 101
572 102
579 103
560 104
559 105
565 106
573 107
579 108
579 109
568 110
560 111
568 112
566 113
556 114
556 115
551 116
541 117
537 118
547 119
558 120
563 121
567 122
567 123
557 124
548 125
532 126
528 127
542 128
538 129
541 130
529 131
526 132
519 133
518 134
530 135
525 136
514 137
507 138
499 139
491 140
487 141
471 142
482 143
471 144
438 145
424 146
436 147
461 148
466 149
457 150
450 151
434 152
404 153
410 154
421 155
436 156
437 157
402 158
419 159
426 160
406 161
408 162
400 163
401 164
391 165
386 166
398 167
404 168
383 169
399 170
391 171
391 172
388 173
379 174
405 175
402 176
394 177
397 178
388 179
376 180
383 181
403 182
421 183
412 184
399 185
385 186
372 187
361 188
365 189
381 190
403 191
399 192
378 193
365 194
372 195
368 196
361 197
371 198
367 199
390 200
354 201
356 202
372 203
391 204
398 205
375 206
373 207
368 208
345 209
359 210
368 211
373 212
356 213
329 214
345 215
347 216
329 217
328 218
331 219
318 220
303 221
303 222
338 223
337 224
326 225
328 226
317 227
312 228
317 229
283 230
301 231
320 232
285 233
292 234
296 235
292 236
299 237
281 238
331 239
316 240
305 241
306 242
297 243
289 244
280 245
289 246
315 247
316 248
299 249
281 250
266 251
295 252
298 253
304 254
318 255
300 256
291 257
290 258
291 259
321 260
313 261
310 262
330 263
347 264
303 265
309 266
340 267
379 268
364 269
382 270
421 271
418 272
388 273
391 274
400 275
414 276
413 277
412 278
445 279
430 280
440 281
447 282
427 283
444 284
462 285
477 286
489 287
492 288
479 289
489 290
508 291
513 292
545 293
556 294
569 295
607 296
598 297
616 298
699 299
722 300
726 301
709 302
697 303
687 304
704 305
731 306
731 307
728 308
716 309
718 310
695 311
724 312
735 313
741 314
746 315
729 316
721 317
728 318
734 319
737 320
751 321
755 322
758 323
742 324
733 325
759 326
770 327
749 328
757 329
735 330
728 331
734 332
742 333
754 334
755 335
739 336
758 337
772 338
770 339
769 340
780 341
779 342
760 343
753 344
764 345
767 346
773 347
776 348
775 349
779 350
767 351
751 352
771 353
762 354
766 355
777 356
776 357
771 358
750 359
759 360
778 361
789 362
792 363
779 364
766 365
762 366
751 367
760 368
771 369
773 370
777 371
769 372
756 373
769 374
765 375
768 376
773 377
772 378
767 379
766 380
768 381
766 382
768 383
769 384
767 385
764 386
745 387
733 388
732 389
735 390
734 391
730 392
730 393
719 394
705 395
713 396
715 397
704 398
694 399
697 400
680 401
673 402
677 403
678 404
671 405
674 406
665 407
661 408
658 409
656 410
651 411
646 412
644 413
639 414
636 415
636 416
636 417
636 418
637 419
637 420
637 421
636 422
636 423
636 424
635 425
636 426
636 427
635 428
635 429
635 430
635 431
635 432
635 433
635 434
635 435
635 436
635 437
635 438
636 439
635 440
635 441
635 442
635 443
635 444
635 445
635 446
635 447
635 448
635 449
635 450
635 451
635 452
635 453
635 454
635 455
636 456
636 457
635 458
635 459
635 460
635 461
635 462
635 463
635 464
635 465
635 466
635 467
635 468
636 469
636 470
636 471
636 472
636 473
636 474
636 475
636 476
636 477
636 478
636 479
636 480
636 481
636 482
636 483
636 484
636 485
636 486
636 487
637 488
637 489
637 490
637 491
637 492
637 493
637 494
638 495
637 496
637 497
637 498
638 499
639 500
639 501
639 502
640 503
639 504
639 505
638 506
638 507
638 508
638 509
638 510
638 511
638 512
638 513
638 514
638 515
638 516
638 517
638 518
638 519
639 520
638 521
638 522
638 523
638 524
638 525
638 526
639 527
639 528
639 529
639 530
639 531
639 532
639 533
639 534
639 535
639 536
639 537
639 538
639 539
639 540
639 541
639 542
639 543
639 544
639 545
639 546
639 547
639 548
639 549
639 550
639 551
639 552
639 553
639 554
639 555
639 556
639 557
639 558
639 559
639 560
639 561
639 562
639 563
639 564
639 565
639 566
639 567
639 568
639 569
639 570
639 571
639 572
639 573
639 574
639 575
639 576
639 577
639 578
639 579
639 580
639 581
639 582
639 583
639 584
639 585
639 586
639 587
639 588
639 589
639 590
639 591
639 592
639 593
639 594
639 595
639 596
639 597
639 598
639 599
639 600
639 601
639 602
639 603
639 604
639 605
639 606
639 607
639 608
639 609
639 610
639 611
639 612
639 613
639 614
640 615
639 616
639 617
639 618
639 619
639 620
639 621
639 622
639 623
640 624
639 625
639 626
639 627
639 628
639 629
639 630
639 631
639 632
639 633
640 634
639 635
639 636
639 637
639 638
639 639
639 640
639 641
639 642
640 643
639 644
639 645
639 646
639 647
640 648
640 649
640 650
640 651
640 652
640 653
640 654
640 655
640 656
639 657
640 658
642 659
640 660
639 661
639 662
639 663
640 664
639 665
639 666
639 667
639 668
640 669
639 670
639 671
639 672
639 673
639 674
639 675
639 676
639 677
639 678
639 679
639 680
640 681
639 682
639 683
639 684
639 685
640 686
641 687
639 688
639 689
639 690
639 691
639 692
640 693
639 694
639 695
639 696
641 697
641 698
642 699
642 700
640 701
640 702
641 703
642 704
639 705
640 706
640 707
642 708
639 709
640 710
640 711
641 712
640 713
640 714
641 715
643 716
645 717
641 718
642 719
