639 0
639 1
639 2
639 3
639 4
639 5
639 6
639 7
639 8
639 9
639 10
639 11
639 12
639 13
639 14
639 15
639 16
639 17
639 18
639 19
639 20
639 21
639 22
639 23
639 24
639 25
639 26
639 27
639 28
639 29
639 30
639 31
639 32
639 33
639 34
639 35
639 36
639 37
639 38
639 39
639 40
639 41
639 42
639 43
639 44
639 45
639 46
639 47
639 48
639 49
639 50
638 51
637 52
636 53
633 54
632 55
630 56
635 57
636 58
634 59
621 60
622 61
619 62
617 63
612 64
608 65
604 66
604 67
597 68
595 69
591 70
592 71
580 72
584 73
581 74
563 75
561 76
558 77
555 78
553 79
548 80
537 81
535 82
533 83
532 84
532 85
527 86
526 87
522 88
517 89
505 90
505 91
513 92
513 93
500 94
495 95
474 96
451 97
439 98
449 99
447 100
444 101
435 102
442 103
434 104
431 105
425 106
427 107
427 108
425 109
412 110
415 111
424 112
410 113
415 114
406 115
407 116
403 117
401 118
412 119
416 120
405 121
408 122
398 123
386 124
376 125
371 126
384 127
380 128
377 129
370 130
366 131
358 132
357 133
359 134
364 135
359 136
353 137
340 138
337 139
332 140
329 141
327 142
320 143
312 144
303 145
305 146
303 147
297 148
292 149
290 150
300 151
296 152
291 153
290 154
286 155
279 156
278 157
265 158
272 159
262 160
262 161
265 162
266 163
259 164
246 165
242 166
243 167
241 168
234 169
228 170
215 171
217 172
218 173
214 174
228 175
231 176
223 177
243 178
243 179
234 180
223 181
226 182
235 183
234 184
235 185
234 186
232 187
212 188
220 189
224 190
239 191
239 192
219 193
213 194
202 195
210 196
207 197
202 198
218 199
224 200
208 201
209 202
206 203
209 204
201 205
193 206
204 207
212 208
198 209
201 210
204 211
197 212
203 213
194 214
196 215
195 216
180 217
178 218
177 219
186 220
183 221
183 222
184 223
183 224
188 225
196 226
190 227
180 228
183 229
183 230
179 231
180 232
167 233
160 234
159 235
169 236
169 237
164 238
175 239
195 240
179 241
173 242
159 243
161 244
165 245
155 246
175 247
191 248
160 249
161 250
161 251
163 252
167 253
166 254
159 255
162 256
143 257
137 258
134 259
154 260
154 261
132 262
139 263
140 264
134 265
138 266
117 267
152 268
262 269
259 270
293 271
338 272
424 273
470 274
488 275
502 276
552 277
616 278
600 279
551 280
581 281
608 282
663 283
722 284
723 285
721 286
690 287
660 288
691 289
697 290
720 291
733 292
761 293
781 294
767 295
776 296
782 297
805 298
862 299
907 300
901 301
886 302
843 303
843 304
846 305
852 306
852 307
849 308
846 309
849 310
845 311
829 312
843 313
865 314
870 315
860 316
840 317
848 318
862 319
861 320
867 321
875 322
870 323
846 324
839 325
838 326
832 327
828 328
838 329
832 330
834 331
835 332
838 333
838 334
817 335
824 336
839 337
831 338
844 339
854 340
857 341
855 342
846 343
835 344
845 345
838 346
848 347
858 348
855 349
845 350
830 351
823 352
836 353
836 354
831 355
828 356
842 357
838 358
846 359
831 360
839 361
840 362
839 363
831 364
830 365
832 366
822 367
829 368
835 369
826 370
829 371
822 372
825 373
834 374
839 375
821 376
830 377
816 378
814 379
809 380
795 381
799 382
808 383
805 384
810 385
796 386
773 387
761 388
757 389
756 390
754 391
745 392
744 393
730 394
726 395
725 396
724 397
717 398
703 399
692 400
689 401
692 402
689 403
678 404
676 405
670 406
670 407
660 408
661 409
657 410
650 411
648 412
648 413
641 414
641 415
643 416
644 417
643 418
641 419
641 420
642 421
641 422
641 423
642 424
641 425
641 426
640 427
640 428
639 429
639 430
640 431
641 432
640 433
638 434
637 435
638 436
637 437
637 438
638 439
635 440
636 441
636 442
636 443
636 444
636 445
635 446
636 447
637 448
637 449
638 450
638 451
639 452
638 453
638 454
638 455
637 456
636 457
636 458
638 459
639 460
637 461
636 462
637 463
635 464
636 465
637 466
637 467
637 468
637 469
636 470
636 471
636 472
636 473
636 474
636 475
636 476
636 477
636 478
636 479
637 480
637 481
636 482
637 483
637 484
637 485
637 486
639 487
639 488
638 489
638 490
639 491
639 492
639 493
639 494
639 495
640 496
640 497
640 498
640 499
640 500
639 501
639 502
642 503
641 504
640 505
639 506
640 507
640 508
639 509
639 510
640 511
639 512
640 513
641 514
640 515
640 516
639 517
639 518
639 519
639 520
639 521
638 522
638 523
638 524
638 525
638 526
638 527
638 528
638 529
638 530
638 531
638 532
638 533
638 534
639 535
639 536
639 537
639 538
639 539
639 540
639 541
639 542
639 543
639 544
639 545
639 546
639 547
639 548
639 549
639 550
639 551
639 552
639 553
639 554
639 555
639 556
639 557
639 558
639 559
639 560
639 561
639 562
639 563
639 564
640 565
640 566
640 567
639 568
639 569
639 570
639 571
639 572
639 573
639 574
639 575
639 576
639 577
639 578
639 579
639 580
639 581
639 582
639 583
639 584
639 585
639 586
639 587
639 588
639 589
639 590
639 591
639 592
639 593
639 594
639 595
639 596
639 597
639 598
639 599
639 600
639 601
639 602
639 603
639 604
639 605
639 606
639 607
639 608
639 609
640 610
639 611
639 612
639 613
639 614
640 615
639 616
639 617
639 618
639 619
639 620
640 621
640 622
639 623
640 624
640 625
640 626
639 627
639 628
640 629
640 630
640 631
640 632
640 633
639 634
640 635
640 636
640 637
640 638
640 639
640 640
640 641
640 642
640 643
640 644
640 645
640 646
639 647
640 648
639 649
640 650
639 651
639 652
640 653
640 654
640 655
640 656
640 657
639 658
639 659
639 660
639 661
639 662
639 663
639 664
639 665
639 666
639 667
639 668
639 669
639 670
638 671
639 672
639 673
639 674
639 675
639 676
639 677
639 678
638 679
640 680
639 681
639 682
639 683
639 684
639 685
639 686
639 687
640 688
639 689
639 690
639 691
639 692
639 693
639 694
640 695
639 696
639 697
639 698
639 699
639 700
639 701
639 702
639 703
639 704
639 705
638 706
638 707
639 708
639 709
640 710
639 711
639 712
638 713
639 714
640 715
638 716
640 717
639 718
639 719
