639 0
639 1
639 2
639 3
639 4
639 5
639 6
639 7
639 8
639 9
639 10
639 11
639 12
639 13
639 14
639 15
639 16
639 17
639 18
639 19
639 20
639 21
639 22
639 23
639 24
639 25
639 26
639 27
639 28
639 29
639 30
639 31
639 32
639 33
639 34
639 35
639 36
639 37
639 38
639 39
639 40
639 41
639 42
639 43
639 44
639 45
639 46
639 47
639 48
639 49
639 50
639 51
639 52
637 53
638 54
636 55
636 56
634 57
633 58
634 59
628 60
628 61
633 62
624 63
624 64
623 65
623 66
615 67
605 68
600 69
603 70
607 71
599 72
599 73
605 74
601 75
590 76
578 77
581 78
587 79
576 80
572 81
561 82
552 83
555 84
559 85
563 86
565 87
571 88
555 89
549 90
559 91
568 92
553 93
539 94
533 95
528 96
496 97
499 98
511 99
495 100
503 101
497 102
485 103
491 104
477 105
469 106
483 107
484 108
483 109
477 110
464 111
469 112
469 113
483 114
466 115
461 116
460 117
443 118
462 119
471 120
464 121
459 122
430 123
435 124
434 125
434 126
448 127
442 128
427 129
423 130
405 131
410 132
417 133
415 134
435 135
422 136
395 137
387 138
390 139
390 140
385 141
380 142
398 143
395 144
355 145
346 146
348 147
346 148
352 149
340 150
366 151
345 152
342 153
350 154
354 155
356 156
349 157
341 158
341 159
341 160
331 161
351 162
359 163
359 164
341 165
332 166
354 167
347 168
331 169
338 170
339 171
342 172
343 173
337 174
334 175
338 176
334 177
347 178
343 179
342 180
336 181
336 182
348 183
350 184
322 185
332 186
322 187
329 188
325 189
318 190
349 191
347 192
318 193
304 194
321 195
325 196
309 197
313 198
330 199
347 200
320 201
303 202
311 203
329 204
326 205
325 206
344 207
329 208
324 209
335 210
339 211
328 212
293 213
287 214
303 215
283 216
277 217
296 218
292 219
287 220
279 221
285 222
277 223
273 224
279 225
272 226
273 227
280 228
277 229
264 230
265 231
272 232
264 233
259 234
268 235
275 236
265 237
260 238
264 239
262 240
264 241
272 242
270 243
256 244
254 245
249 246
270 247
262 248
254 249
263 250
249 251
247 252
254 253
258 254
264 255
259 256
253 257
258 258
269 259
276 260
267 261
263 262
272 263
267 264
259 265
267 266
272 267
291 268
297 269
296 270
311 271
344 272
339 273
352 274
358 275
365 276
372 277
375 278
382 279
428 280
417 281
432 282
431 283
439 284
437 285
445 286
471 287
484 288
470 289
474 290
491 291
500 292
521 293
532 294
532 295
557 296
561 297
577 298
644 299
683 300
696 301
684 302
683 303
699 304
709 305
724 306
733 307
712 308
712 309
726 310
725 311
728 312
732 313
735 314
721 315
720 316
710 317
723 318
735 319
767 320
767 321
746 322
726 323
730 324
740 325
737 326
736 327
749 328
741 329
732 330
733 331
737 332
742 333
745 334
732 335
752 336
737 337
742 338
746 339
752 340
736 341
733 342
735 343
724 344
728 345
726 346
748 347
773 348
775 349
778 350
752 351
748 352
751 353
765 354
764 355
753 356
750 357
742 358
739 359
742 360
748 361
759 362
764 363
767 364
761 365
738 366
724 367
744 368
769 369
768 370
767 371
759 372
743 373
758 374
757 375
747 376
740 377
722 378
727 379
732 380
737 381
732 382
729 383
729 384
726 385
710 386
704 387
690 388
688 389
695 390
702 391
700 392
691 393
693 394
689 395
687 396
688 397
677 398
680 399
667 400
666 401
665 402
661 403
662 404
663 405
663 406
661 407
661 408
653 409
652 410
648 411
645 412
641 413
642 414
640 415
639 416
637 417
640 418
640 419
639 420
637 421
637 422
638 423
639 424
638 425
638 426
636 427
636 428
636 429
636 430
637 431
637 432
637 433
636 434
636 435
636 436
635 437
635 438
636 439
636 440
635 441
635 442
635 443
635 444
635 445
635 446
635 447
636 448
636 449
635 450
635 451
635 452
636 453
635 454
637 455
636 456
635 457
635 458
635 459
635 460
636 461
635 462
636 463
636 464
636 465
635 466
636 467
636 468
636 469
636 470
636 471
637 472
636 473
636 474
636 475
636 476
636 477
636 478
636 479
636 480
636 481
637 482
636 483
637 484
637 485
637 486
637 487
638 488
638 489
638 490
637 491
637 492
637 493
639 494
639 495
640 496
640 497
640 498
641 499
639 500
638 501
638 502
638 503
639 504
638 505
638 506
639 507
639 508
638 509
638 510
639 511
639 512
639 513
638 514
639 515
639 516
639 517
638 518
638 519
639 520
638 521
638 522
638 523
638 524
638 525
638 526
639 527
639 528
639 529
639 530
639 531
639 532
639 533
639 534
639 535
639 536
639 537
639 538
639 539
639 540
639 541
639 542
639 543
639 544
639 545
639 546
639 547
639 548
639 549
639 550
639 551
639 552
639 553
639 554
639 555
639 556
639 557
639 558
639 559
639 560
639 561
639 562
639 563
639 564
639 565
639 566
639 567
639 568
639 569
639 570
639 571
639 572
639 573
639 574
639 575
639 576
639 577
639 578
639 579
639 580
639 581
639 582
639 583
639 584
639 585
639 586
639 587
639 588
639 589
639 590
639 591
639 592
639 593
639 594
639 595
639 596
639 597
639 598
639 599
639 600
639 601
639 602
639 603
639 604
639 605
639 606
639 607
639 608
639 609
639 610
639 611
639 612
639 613
639 614
639 615
639 616
639 617
639 618
639 619
639 620
639 621
639 622
639 623
639 624
639 625
639 626
639 627
639 628
639 629
639 630
639 631
639 632
639 633
639 634
639 635
639 636
639 637
639 638
640 639
640 640
639 641
639 642
640 643
639 644
639 645
639 646
639 647
639 648
639 649
639 650
639 651
639 652
639 653
639 654
639 655
639 656
639 657
639 658
639 659
639 660
639 661
639 662
640 663
639 664
639 665
640 666
639 667
639 668
639 669
639 670
640 671
639 672
639 673
639 674
639 675
639 676
639 677
639 678
640 679
639 680
639 681
639 682
639 683
639 684
639 685
639 686
639 687
640 688
639 689
639 690
640 691
639 692
639 693
639 694
639 695
641 696
639 697
638 698
639 699
639 700
639 701
639 702
639 703
639 704
639 705
640 706
639 707
639 708
639 709
639 710
640 711
640 712
640 713
639 714
640 715
640 716
639 717
640 718
639 719
