639 0
639 1
639 2
639 3
639 4
639 5
639 6
639 7
639 8
639 9
639 10
639 11
639 12
639 13
639 14
639 15
639 16
639 17
639 18
639 19
639 20
639 21
639 22
639 23
639 24
639 25
639 26
639 27
639 28
639 29
639 30
639 31
639 32
639 33
639 34
639 35
639 36
639 37
639 38
639 39
639 40
639 41
639 42
639 43
639 44
639 45
639 46
639 47
639 48
639 49
639 50
639 51
639 52
639 53
639 54
639 55
639 56
639 57
639 58
639 59
639 60
639 61
639 62
639 63
639 64
639 65
639 66
639 67
639 68
639 69
639 70
639 71
639 72
639 73
639 74
639 75
639 76
639 77
639 78
639 79
639 80
639 81
639 82
639 83
639 84
639 85
639 86
639 87
639 88
639 89
639 90
639 91
639 92
639 93
641 94
642 95
646 96
651 97
657 98
662 99
668 100
667 101
666 102
666 103
674 104
687 105
695 106
694 107
701 108
706 109
709 110
714 111
715 112
720 113
717 114
723 115
729 116
732 117
739 118
746 119
748 120
750 121
762 122
769 123
768 124
769 125
773 126
781 127
787 128
790 129
791 130
798 131
808 132
811 133
819 134
819 135
830 136
849 137
865 138
870 139
870 140
871 141
873 142
877 143
874 144
879 145
885 146
889 147
891 148
893 149
897 150
896 151
900 152
903 153
906 154
910 155
910 156
912 157
912 158
914 159
916 160
915 161
922 162
926 163
934 164
938 165
939 166
941 167
944 168
947 169
947 170
947 171
949 172
952 173
954 174
960 175
966 176
978 177
993 178
1002 179
1008 180
1008 181
1008 182
1011 183
1010 184
1012 185
1014 186
1015 187
1018 188
1021 189
1022 190
1026 191
1026 192
1038 193
1046 194
1054 195
1056 196
1055 197
1057 198
1065 199
1078 200
1095 201
1105 202
1106 203
1116 204
1120 205
1123 206
1129 207
1130 208
1137 209
1143 210
1152 211
1152 212
1155 213
1156 214
1161 215
1161 216
1176 217
1178 218
1168 219
1175 220
1173 221
1178 222
1187 223
1185 224
1182 225
1187 226
1186 227
1190 228
1200 229
1205 230
1209 231
1211 232
1218 233
1216 234
1222 235
1229 236
1232 237
1234 238
1207 239
1234 240
1244 241
1249 242
1210 243
1207 244
1240 245
1259 246
1248 247
1193 248
1087 249
1272 250
1025 251
937 252
1057 253
1207 254
1111 255
852 258
852 259
1220 261
1068 263
860 264
1122 265
1029 266
831 267
1224 268
1232 269
1238 270
1198 298
921 299
0 304
1 305
109 306
133 307
196 308
84 309
89 310
94 311
41 312
65 313
88 314
87 315
55 316
43 317
45 318
47 319
75 320
48 321
53 322
62 323
71 324
80 325
60 326
68 327
62 328
64 329
66 330
73 331
71 332
72 333
75 334
77 335
81 336
83 337
87 338
95 339
102 340
149 341
176 342
181 343
186 344
193 345
197 346
201 347
205 348
207 349
208 350
212 351
212 352
214 353
217 354
217 355
219 356
220 357
222 358
224 359
227 360
231 361
236 362
242 363
250 364
254 365
258 366
259 367
262 368
263 369
267 370
267 371
271 372
281 373
283 374
289 375
293 376
296 377
299 378
305 379
309 380
305 381
306 382
310 383
312 384
317 385
318 386
314 387
320 388
321 389
321 390
329 391
328 392
325 393
328 394
334 395
336 396
338 397
337 398
339 399
338 400
340 401
340 402
345 403
344 404
346 405
349 406
351 407
355 408
352 409
359 410
362 411
363 412
363 413
363 414
364 415
368 416
371 417
371 418
372 419
372 420
370 421
373 422
375 423
378 424
380 425
388 426
414 427
430 428
442 429
442 430
449 431
461 432
459 433
468 434
472 435
491 436
502 437
508 438
511 439
514 440
531 441
535 442
548 443
556 444
566 445
570 446
569 447
563 448
567 449
579 450
580 451
578 452
576 453
577 454
573 455
575 456
577 457
572 458
573 459
572 460
577 461
581 462
589 463
592 464
593 465
589 466
589 467
593 468
590 469
586 470
592 471
594 472
594 473
599 474
601 475
604 476
604 477
603 478
595 479
602 480
604 481
603 482
599 483
600 484
603 485
599 486
597 487
598 488
600 489
603 490
602 491
602 492
603 493
603 494
602 495
603 496
603 497
604 498
604 499
606 500
606 501
607 502
609 503
610 504
614 505
615 506
613 507
610 508
614 509
615 510
613 511
616 512
615 513
614 514
612 515
614 516
615 517
615 518
616 519
618 520
618 521
616 522
617 523
619 524
618 525
618 526
618 527
617 528
619 529
615 530
618 531
621 532
621 533
620 534
620 535
621 536
622 537
623 538
622 539
623 540
623 541
623 542
623 543
624 544
624 545
624 546
625 547
625 548
627 549
627 550
625 551
627 552
626 553
627 554
629 555
630 556
632 557
635 558
636 559
633 560
635 561
636 562
634 563
634 564
636 565
637 566
637 567
637 568
637 569
637 570
637 571
637 572
637 573
636 574
636 575
638 576
637 577
637 578
636 579
636 580
637 581
638 582
637 583
637 584
637 585
636 586
637 587
638 588
637 589
637 590
637 591
637 592
637 593
637 594
638 595
639 596
638 597
637 598
636 599
634 600
639 601
638 602
637 603
638 604
637 605
638 606
637 607
635 608
636 609
636 610
637 611
638 612
638 613
638 614
639 615
636 616
639 617
639 618
639 619
638 620
639 621
639 622
635 623
634 624
633 625
632 626
634 627
634 628
634 629
636 630
636 631
634 632
634 633
635 634
637 635
637 636
638 637
638 638
638 639
638 640
638 641
637 642
636 643
635 644
635 645
637 646
637 647
634 648
637 649
634 650
637 651
635 652
636 653
637 654
634 655
634 656
636 657
631 658
629 659
631 660
633 661
631 662
625 663
629 664
629 665
627 666
626 667
625 668
622 669
626 670
622 671
625 672
623 673
621 674
624 675
625 676
623 677
626 678
623 679
620 680
624 681
625 682
623 683
626 684
624 685
620 686
623 687
621 688
621 689
622 690
626 691
619 692
618 693
616 694
613 695
614 696
615 697
610 698
609 699
615 700
612 701
610 702
616 703
616 704
610 705
608 706
605 707
599 708
599 709
600 710
594 711
590 712
592 713
600 714
602 715
594 716
596 717
605 718
609 719
