639 0
639 1
639 2
639 3
639 4
639 5
639 6
639 7
639 8
639 9
639 10
639 11
639 12
639 13
639 14
639 15
639 16
639 17
639 18
639 19
639 20
639 21
639 22
639 23
639 24
639 25
639 26
639 27
639 28
639 29
639 30
639 31
639 32
639 33
639 34
639 35
639 36
639 37
639 38
639 39
639 40
639 41
639 42
639 43
639 44
639 45
639 46
639 47
639 48
639 49
639 50
639 51
639 52
639 53
638 54
637 55
637 56
637 57
637 58
635 59
631 60
633 61
636 62
633 63
629 64
630 65
622 66
622 67
618 68
613 69
609 70
611 71
606 72
609 73
611 74
603 75
601 76
598 77
597 78
596 79
585 80
579 81
567 82
559 83
559 84
560 85
548 86
560 87
561 88
550 89
545 90
558 91
568 92
564 93
551 94
542 95
542 96
522 97
511 98
508 99
508 100
507 101
517 102
518 103
507 104
494 105
498 106
498 107
497 108
507 109
515 110
526 111
520 112
522 113
524 114
501 115
494 116
489 117
497 118
508 119
511 120
521 121
511 122
505 123
497 124
478 125
481 126
498 127
498 128
500 129
484 130
464 131
464 132
458 133
464 134
481 135
482 136
464 137
446 138
456 139
460 140
464 141
466 142
473 143
474 144
448 145
425 146
418 147
421 148
436 149
455 150
450 151
426 152
396 153
423 154
448 155
458 156
446 157
430 158
430 159
423 160
407 161
419 162
423 163
421 164
407 165
390 166
400 167
423 168
403 169
412 170
436 171
438 172
427 173
404 174
435 175
445 176
415 177
428 178
431 179
434 180
412 181
404 182
428 183
481 184
455 185
443 186
409 187
408 188
439 189
459 190
479 191
481 192
468 193
438 194
417 195
424 196
439 197
463 198
483 199
454 200
441 201
409 202
410 203
422 204
437 205
434 206
420 207
416 208
401 209
406 210
413 211
418 212
429 213
420 214
413 215
379 216
370 217
386 218
391 219
388 220
376 221
354 222
384 223
395 224
384 225
387 226
396 227
378 228
383 229
400 230
409 231
409 232
394 233
416 234
414 235
419 236
398 237
398 238
412 239
407 240
388 241
377 242
372 243
369 244
378 245
378 246
387 247
390 248
371 249
380 250
364 251
363 252
372 253
379 254
392 255
379 256
372 257
367 258
372 259
380 260
384 261
386 262
390 263
370 264
362 265
355 266
369 267
390 268
394 269
408 270
423 271
415 272
403 273
419 274
430 275
442 276
424 277
418 278
425 279
450 280
450 281
446 282
461 283
457 284
469 285
457 286
486 287
484 288
479 289
484 290
497 291
498 292
507 293
518 294
540 295
541 296
544 297
566 298
605 299
623 300
627 301
625 302
630 303
631 304
639 305
661 306
655 307
649 308
640 309
643 310
656 311
657 312
655 313
656 314
657 315
659 316
655 317
662 318
671 319
671 320
672 321
675 322
674 323
675 324
674 325
669 326
676 327
680 328
684 329
687 330
679 331
679 332
680 333
682 334
682 335
684 336
679 337
678 338
682 339
683 340
679 341
680 342
680 343
686 344
684 345
681 346
685 347
683 348
686 349
688 350
684 351
677 352
678 353
683 354
687 355
689 356
688 357
678 358
674 359
673 360
682 361
682 362
685 363
679 364
681 365
685 366
689 367
675 368
684 369
686 370
690 371
678 372
675 373
678 374
688 375
683 376
686 377
687 378
681 379
682 380
684 381
677 382
676 383
686 384
685 385
678 386
678 387
678 388
677 389
684 390
677 391
674 392
669 393
664 394
668 395
678 396
685 397
678 398
669 399
668 400
676 401
673 402
667 403
664 404
671 405
668 406
662 407
653 408
657 409
651 410
650 411
649 412
645 413
638 414
637 415
637 416
637 417
637 418
637 419
637 420
637 421
637 422
636 423
636 424
637 425
636 426
636 427
636 428
636 429
636 430
636 431
636 432
636 433
636 434
636 435
636 436
636 437
636 438
636 439
636 440
636 441
636 442
636 443
636 444
636 445
636 446
636 447
636 448
636 449
636 450
636 451
636 452
636 453
636 454
636 455
636 456
636 457
636 458
635 459
636 460
636 461
636 462
635 463
636 464
636 465
636 466
636 467
636 468
636 469
636 470
636 471
636 472
636 473
636 474
636 475
637 476
636 477
636 478
636 479
636 480
636 481
637 482
637 483
637 484
637 485
637 486
637 487
638 488
638 489
638 490
638 491
638 492
638 493
638 494
639 495
638 496
638 497
638 498
638 499
638 500
638 501
638 502
638 503
638 504
638 505
638 506
638 507
638 508
638 509
639 510
639 511
639 512
639 513
639 514
639 515
639 516
639 517
639 518
639 519
639 520
639 521
639 522
639 523
639 524
639 525
639 526
639 527
639 528
639 529
639 530
639 531
639 532
639 533
639 534
639 535
639 536
639 537
639 538
639 539
639 540
639 541
639 542
639 543
639 544
639 545
639 546
639 547
639 548
639 549
639 550
639 551
639 552
639 553
639 554
639 555
639 556
639 557
639 558
639 559
639 560
639 561
639 562
639 563
639 564
639 565
639 566
639 567
639 568
639 569
639 570
639 571
639 572
639 573
639 574
639 575
639 576
639 577
639 578
639 579
639 580
639 581
639 582
639 583
639 584
639 585
639 586
639 587
639 588
639 589
639 590
639 591
639 592
639 593
639 594
639 595
639 596
639 597
639 598
639 599
639 600
639 601
639 602
639 603
639 604
639 605
639 606
639 607
639 608
639 609
639 610
639 611
639 612
639 613
639 614
639 615
639 616
639 617
639 618
639 619
639 620
639 621
639 622
639 623
639 624
639 625
639 626
639 627
639 628
639 629
639 630
639 631
639 632
639 633
639 634
639 635
639 636
639 637
639 638
639 639
639 640
639 641
639 642
639 643
639 644
639 645
639 646
640 647
639 648
640 649
639 650
639 651
639 652
639 653
639 654
640 655
639 656
639 657
639 658
639 659
639 660
639 661
639 662
640 663
639 664
639 665
639 666
639 667
639 668
640 669
640 670
639 671
640 672
640 673
639 674
639 675
639 676
639 677
639 678
639 679
640 680
639 681
639 682
641 683
640 684
640 685
639 686
639 687
639 688
639 689
639 690
639 691
639 692
640 693
640 694
640 695
640 696
640 697
639 698
640 699
639 700
639 701
639 702
640 703
641 704
641 705
641 706
640 707
639 708
639 709
639 710
639 711
639 712
639 713
639 714
639 715
642 716
639 717
639 718
639 719
