639 0
639 1
639 2
639 3
639 4
639 5
639 6
639 7
639 8
639 9
639 10
639 11
639 12
639 13
639 14
639 15
639 16
639 17
639 18
639 19
639 20
639 21
639 22
639 23
639 24
639 25
639 26
639 27
639 28
639 29
639 30
639 31
639 32
639 33
639 34
639 35
639 36
639 37
639 38
639 39
639 40
639 41
639 42
639 43
639 44
639 45
639 46
639 47
639 48
639 49
639 50
637 51
637 52
634 53
633 54
633 55
630 56
632 57
634 58
629 59
620 60
621 61
614 62
613 63
614 64
608 65
606 66
607 67
591 68
588 69
591 70
593 71
591 72
585 73
582 74
569 75
564 76
562 77
562 78
566 79
563 80
553 81
543 82
540 83
541 84
537 85
532 86
539 87
527 88
526 89
523 90
516 91
516 92
516 93
517 94
514 95
496 96
477 97
468 98
475 99
468 100
466 101
460 102
460 103
460 104
453 105
457 106
457 107
456 108
457 109
446 110
457 111
443 112
454 113
452 114
456 115
446 116
436 117
438 118
439 119
469 120
455 121
453 122
441 123
428 124
417 125
408 126
412 127
420 128
405 129
396 130
402 131
396 132
383 133
379 134
400 135
401 136
388 137
361 138
354 139
351 140
353 141
360 142
350 143
340 144
328 145
306 146
294 147
298 148
301 149
299 150
299 151
306 152
290 153
292 154
303 155
313 156
306 157
284 158
294 159
273 160
276 161
269 162
272 163
271 164
265 165
260 166
270 167
280 168
263 169
270 170
280 171
274 172
278 173
273 174
271 175
286 176
262 177
255 178
245 179
249 180
258 181
258 182
276 183
283 184
256 185
250 186
246 187
247 188
250 189
266 190
288 191
286 192
264 193
265 194
272 195
261 196
261 197
246 198
269 199
276 200
257 201
248 202
260 203
283 204
295 205
301 206
299 207
290 208
259 209
245 210
237 211
245 212
244 213
235 214
248 215
230 216
217 217
217 218
219 219
239 220
239 221
217 222
215 223
239 224
221 225
224 226
231 227
224 228
219 229
211 230
218 231
226 232
202 233
215 234
230 235
230 236
220 237
221 238
254 239
244 240
207 241
219 242
234 243
241 244
231 245
238 246
262 247
279 248
257 249
239 250
248 251
264 252
295 253
265 254
276 255
277 256
268 257
279 258
301 259
285 260
271 261
256 262
298 263
302 264
310 265
298 266
288 267
327 268
340 269
350 270
403 271
407 272
410 273
431 274
415 275
425 276
434 277
443 278
455 279
455 280
452 281
459 282
476 283
491 284
478 285
474 286
470 287
482 288
496 289
512 290
518 291
525 292
532 293
536 294
540 295
574 296
564 297
569 298
651 299
680 300
686 301
675 302
671 303
678 304
669 305
678 306
687 307
683 308
686 309
675 310
668 311
671 312
669 313
673 314
681 315
678 316
669 317
671 318
681 319
708 320
697 321
696 322
686 323
686 324
690 325
694 326
707 327
701 328
701 329
696 330
691 331
695 332
700 333
700 334
708 335
698 336
697 337
701 338
698 339
695 340
693 341
696 342
697 343
692 344
691 345
704 346
709 347
709 348
707 349
708 350
699 351
700 352
702 353
698 354
699 355
697 356
688 357
682 358
685 359
690 360
693 361
701 362
697 363
690 364
683 365
682 366
683 367
689 368
693 369
694 370
688 371
675 372
673 373
674 374
676 375
674 376
670 377
673 378
673 379
675 380
672 381
669 382
676 383
680 384
677 385
675 386
672 387
672 388
678 389
683 390
679 391
675 392
674 393
673 394
674 395
680 396
684 397
682 398
683 399
665 400
668 401
665 402
662 403
659 404
657 405
650 406
652 407
649 408
642 409
641 410
641 411
641 412
641 413
640 414
640 415
643 416
642 417
644 418
642 419
639 420
640 421
640 422
640 423
640 424
640 425
641 426
641 427
642 428
641 429
644 430
646 431
643 432
643 433
644 434
644 435
645 436
646 437
644 438
645 439
646 440
647 441
646 442
645 443
644 444
646 445
647 446
646 447
647 448
643 449
642 450
641 451
644 452
645 453
643 454
644 455
642 456
640 457
640 458
639 459
641 460
641 461
640 462
639 463
638 464
640 465
640 466
640 467
639 468
640 469
641 470
640 471
641 472
640 473
638 474
639 475
639 476
639 477
639 478
639 479
638 480
638 481
638 482
638 483
638 484
638 485
637 486
638 487
640 488
638 489
637 490
638 491
639 492
639 493
638 494
638 495
637 496
637 497
637 498
638 499
638 500
638 501
638 502
638 503
639 504
638 505
638 506
639 507
639 508
638 509
637 510
637 511
638 512
638 513
638 514
638 515
639 516
638 517
638 518
639 519
640 520
638 521
637 522
638 523
638 524
637 525
637 526
638 527
638 528
639 529
638 530
638 531
638 532
638 533
638 534
639 535
640 536
639 537
638 538
639 539
640 540
640 541
640 542
640 543
640 544
639 545
640 546
640 547
639 548
639 549
641 550
642 551
642 552
641 553
641 554
639 555
639 556
639 557
639 558
639 559
640 560
640 561
640 562
640 563
641 564
641 565
640 566
640 567
641 568
642 569
641 570
641 571
640 572
641 573
641 574
641 575
641 576
640 577
640 578
640 579
639 580
639 581
639 582
639 583
639 584
639 585
640 586
639 587
639 588
639 589
639 590
639 591
639 592
639 593
639 594
639 595
639 596
639 597
639 598
639 599
639 600
639 601
639 602
639 603
639 604
639 605
639 606
639 607
639 608
639 609
639 610
639 611
639 612
639 613
639 614
639 615
639 616
639 617
639 618
639 619
639 620
639 621
639 622
640 623
639 624
639 625
639 626
639 627
639 628
639 629
639 630
639 631
639 632
639 633
639 634
639 635
639 636
639 637
639 638
640 639
639 640
640 641
639 642
639 643
639 644
639 645
639 646
638 647
639 648
639 649
639 650
639 651
639 652
639 653
639 654
640 655
639 656
639 657
639 658
639 659
639 660
640 661
640 662
642 663
644 664
643 665
642 666
641 667
642 668
643 669
646 670
648 671
648 672
646 673
647 674
647 675
649 676
650 677
650 678
648 679
651 680
650 681
651 682
653 683
651 684
650 685
649 686
649 687
644 688
646 689
647 690
646 691
647 692
648 693
647 694
647 695
644 696
649 697
649 698
648 699
647 700
648 701
644 702
643 703
641 704
639 705
642 706
644 707
640 708
641 709
641 710
642 711
645 712
641 713
642 714
641 715
641 716
641 717
642 718
642 719
