639 0
639 1
639 2
639 3
639 4
639 5
639 6
639 7
639 8
639 9
639 10
639 11
639 12
639 13
639 14
639 15
639 16
639 17
639 18
639 19
639 20
639 21
639 22
639 23
639 24
639 25
639 26
639 27
639 28
639 29
639 30
639 31
639 32
639 33
639 34
639 35
639 36
639 37
639 38
639 39
639 40
639 41
639 42
639 43
639 44
639 45
639 46
639 47
639 48
639 49
639 50
639 51
639 52
639 53
639 54
639 55
639 56
639 57
639 58
639 59
639 60
639 61
639 62
639 63
639 64
639 65
639 66
639 67
639 68
639 69
639 70
639 71
639 72
639 73
639 74
639 75
639 76
639 77
639 78
639 79
639 80
639 81
639 82
639 83
639 84
639 85
639 86
639 87
639 88
639 89
639 90
639 91
639 92
641 93
640 94
644 95
643 96
649 97
657 98
663 99
667 100
668 101
664 102
667 103
675 104
688 105
696 106
698 107
704 108
701 109
712 110
716 111
721 112
720 113
720 114
722 115
726 116
731 117
736 118
745 119
750 120
753 121
761 122
767 123
769 124
769 125
773 126
783 127
787 128
787 129
788 130
803 131
814 132
810 133
815 134
817 135
831 136
843 137
866 138
870 139
869 140
873 141
875 142
876 143
876 144
879 145
883 146
888 147
892 148
893 149
896 150
898 151
899 152
901 153
906 154
908 155
909 156
911 157
912 158
915 159
915 160
918 161
920 162
925 163
930 164
934 165
937 166
942 167
945 168
946 169
947 170
946 171
950 172
953 173
954 174
959 175
963 176
975 177
995 178
994 179
1005 180
1007 181
1008 182
1009 183
1014 184
1017 185
1019 186
1016 187
1017 188
1019 189
1022 190
1025 191
1026 192
1038 193
1048 194
1054 195
1056 196
1054 197
1056 198
1066 199
1071 200
1089 201
1100 202
1105 203
1112 204
1119 205
1124 206
1128 207
1130 208
1138 209
1145 210
1152 211
1156 212
1153 213
1155 214
1166 215
1169 216
1177 217
1177 218
1173 219
1174 220
1176 221
1176 222
1186 223
1186 224
1189 225
1190 226
1195 227
1198 228
1197 229
1200 230
1210 231
1211 232
1217 233
1219 234
1222 235
1228 236
1231 237
1233 238
1212 239
1230 240
1248 241
1252 242
1233 243
1231 244
1200 245
1272 246
1255 247
1214 248
1169 249
1138 250
1271 251
851 252
851 253
851 254
1017 255
858 258
1065 259
963 260
1016 261
1208 263
926 265
1230 267
1233 268
1234 269
1239 271
953 282
1072 283
1190 284
1199 287
1198 297
956 304
484 305
216 306
174 307
154 308
161 309
103 310
103 311
79 312
54 313
42 314
34 315
40 316
59 317
60 318
63 319
84 320
69 321
93 322
101 323
101 324
80 325
61 326
82 327
62 328
63 329
79 330
93 331
88 332
73 333
74 334
78 335
79 336
83 337
92 338
101 339
103 340
145 341
171 342
181 343
189 344
196 345
201 346
199 347
202 348
206 349
210 350
210 351
213 352
215 353
216 354
217 355
219 356
220 357
222 358
224 359
226 360
232 361
235 362
243 363
251 364
254 365
255 366
258 367
261 368
263 369
266 370
271 371
279 372
284 373
284 374
287 375
291 376
290 377
294 378
306 379
305 380
305 381
307 382
308 383
308 384
306 385
313 386
324 387
320 388
319 389
323 390
327 391
329 392
331 393
333 394
332 395
332 396
337 397
336 398
333 399
341 400
343 401
344 402
346 403
348 404
350 405
347 406
348 407
352 408
356 409
358 410
362 411
361 412
364 413
368 414
364 415
365 416
369 417
371 418
375 419
376 420
375 421
377 422
376 423
379 424
380 425
389 426
417 427
431 428
441 429
447 430
450 431
453 432
461 433
466 434
476 435
482 436
495 437
494 438
508 439
516 440
512 441
531 442
544 443
552 444
565 445
567 446
567 447
556 448
569 449
577 450
580 451
572 452
574 453
579 454
575 455
579 456
579 457
576 458
573 459
575 460
576 461
587 462
589 463
591 464
595 465
595 466
595 467
591 468
590 469
595 470
591 471
597 472
599 473
599 474
600 475
602 476
600 477
602 478
601 479
605 480
604 481
604 482
604 483
605 484
605 485
601 486
600 487
600 488
603 489
607 490
608 491
604 492
604 493
604 494
602 495
600 496
602 497
604 498
603 499
606 500
606 501
607 502
608 503
608 504
608 505
610 506
611 507
610 508
613 509
615 510
614 511
616 512
615 513
615 514
616 515
616 516
614 517
615 518
615 519
614 520
616 521
617 522
618 523
618 524
618 525
618 526
618 527
617 528
618 529
617 530
619 531
620 532
620 533
620 534
621 535
621 536
622 537
624 538
623 539
623 540
622 541
623 542
622 543
622 544
623 545
624 546
625 547
625 548
625 549
625 550
624 551
627 552
625 553
625 554
627 555
629 556
630 557
634 558
634 559
635 560
636 561
635 562
636 563
636 564
635 565
636 566
637 567
635 568
637 569
637 570
637 571
636 572
636 573
637 574
636 575
636 576
636 577
636 578
637 579
637 580
637 581
637 582
636 583
637 584
637 585
637 586
637 587
637 588
637 589
638 590
637 591
638 592
637 593
636 594
638 595
638 596
638 597
638 598
637 599
637 600
639 601
638 602
638 603
638 604
638 605
639 606
637 607
636 608
638 609
638 610
636 611
638 612
639 613
638 614
637 615
638 616
638 617
638 618
639 619
638 620
639 621
639 622
638 623
638 624
638 625
636 626
633 627
634 628
633 629
635 630
632 631
636 632
637 633
638 634
638 635
637 636
636 637
637 638
637 639
637 640
637 641
633 642
633 643
635 644
636 645
637 646
636 647
634 648
635 649
634 650
635 651
636 652
637 653
637 654
635 655
635 656
635 657
633 658
630 659
629 660
633 661
632 662
630 663
626 664
630 665
630 666
629 667
623 668
625 669
625 670
614 671
622 672
630 673
627 674
625 675
623 676
628 677
625 678
618 679
620 680
623 681
623 682
623 683
622 684
624 685
620 686
626 687
621 688
623 689
621 690
623 691
619 692
615 693
615 694
618 695
616 696
617 697
616 698
619 699
616 700
614 701
615 702
603 703
607 704
610 705
605 706
602 707
605 708
609 709
612 710
602 711
599 712
603 713
607 714
601 715
604 716
608 717
607 718
606 719
