639 0
639 1
639 2
639 3
639 4
639 5
639 6
639 7
639 8
639 9
639 10
639 11
639 12
639 13
639 14
639 15
639 16
639 17
639 18
639 19
639 20
639 21
639 22
639 23
639 24
639 25
639 26
639 27
639 28
639 29
639 30
639 31
639 32
639 33
639 34
639 35
639 36
639 37
639 38
639 39
639 40
639 41
639 42
639 43
639 44
639 45
639 46
639 47
639 48
639 49
639 50
639 51
639 52
638 53
638 54
637 55
636 56
638 57
637 58
639 59
638 60
635 61
634 62
634 63
636 64
636 65
633 66
629 67
625 68
622 69
625 70
625 71
621 72
618 73
616 74
610 75
605 76
604 77
608 78
608 79
603 80
605 81
601 82
592 83
582 84
586 85
590 86
595 87
590 88
589 89
579 90
575 91
576 92
580 93
584 94
564 95
571 96
553 97
538 98
542 99
545 100
543 101
545 102
525 103
528 104
525 105
542 106
545 107
546 108
536 109
537 110
539 111
535 112
537 113
541 114
537 115
523 116
514 117
498 118
507 119
520 120
518 121
528 122
524 123
505 124
502 125
488 126
490 127
502 128
501 129
502 130
488 131
485 132
491 133
480 134
480 135
483 136
466 137
454 138
447 139
453 140
449 141
445 142
451 143
451 144
429 145
434 146
435 147
434 148
435 149
442 150
443 151
432 152
425 153
431 154
448 155
454 156
435 157
433 158
435 159
431 160
420 161
415 162
421 163
431 164
420 165
415 166
416 167
425 168
409 169
407 170
414 171
417 172
412 173
409 174
413 175
416 176
419 177
423 178
423 179
415 180
404 181
407 182
425 183
430 184
427 185
423 186
411 187
401 188
391 189
393 190
411 191
401 192
391 193
386 194
375 195
383 196
403 197
415 198
418 199
422 200
409 201
401 202
387 203
391 204
397 205
388 206
392 207
392 208
382 209
381 210
379 211
380 212
376 213
369 214
361 215
362 216
355 217
355 218
347 219
347 220
338 221
334 222
332 223
335 224
324 225
330 226
325 227
323 228
321 229
316 230
318 231
324 232
312 233
319 234
319 235
319 236
327 237
326 238
331 239
336 240
320 241
320 242
322 243
334 244
331 245
339 246
344 247
330 248
320 249
323 250
313 251
312 252
318 253
323 254
334 255
342 256
321 257
330 258
328 259
332 260
334 261
323 262
325 263
348 264
335 265
339 266
330 267
351 268
367 269
376 270
397 271
388 272
400 273
412 274
413 275
418 276
415 277
423 278
452 279
444 280
450 281
468 282
463 283
462 284
472 285
480 286
486 287
494 288
490 289
524 290
542 291
550 292
557 293
556 294
570 295
561 296
561 297
585 298
643 299
687 300
684 301
674 302
665 303
685 304
687 305
706 306
716 307
717 308
702 309
698 310
706 311
702 312
705 313
714 314
712 315
706 316
705 317
708 318
714 319
716 320
732 321
722 322
715 323
707 324
711 325
721 326
724 327
728 328
717 329
713 330
709 331
718 332
725 333
726 334
729 335
712 336
708 337
712 338
717 339
728 340
748 341
745 342
733 343
702 344
708 345
714 346
721 347
738 348
738 349
738 350
726 351
725 352
727 353
725 354
732 355
736 356
736 357
725 358
728 359
727 360
739 361
747 362
740 363
737 364
743 365
751 366
739 367
730 368
737 369
742 370
763 371
760 372
755 373
748 374
740 375
738 376
739 377
746 378
750 379
743 380
742 381
739 382
729 383
741 384
750 385
737 386
721 387
713 388
720 389
722 390
721 391
717 392
704 393
694 394
689 395
688 396
682 397
687 398
685 399
675 400
669 401
660 402
661 403
663 404
664 405
664 406
659 407
654 408
647 409
645 410
648 411
642 412
641 413
636 414
636 415
637 416
636 417
636 418
636 419
637 420
637 421
637 422
637 423
636 424
636 425
636 426
637 427
636 428
637 429
636 430
636 431
636 432
636 433
636 434
636 435
637 436
637 437
636 438
636 439
635 440
636 441
636 442
636 443
636 444
636 445
636 446
636 447
636 448
636 449
636 450
636 451
636 452
636 453
636 454
636 455
637 456
636 457
636 458
636 459
636 460
637 461
637 462
637 463
637 464
637 465
636 466
636 467
636 468
637 469
637 470
637 471
637 472
637 473
637 474
637 475
637 476
637 477
637 478
637 479
637 480
637 481
637 482
637 483
637 484
637 485
637 486
637 487
638 488
638 489
638 490
638 491
638 492
638 493
638 494
638 495
638 496
638 497
638 498
638 499
638 500
638 501
638 502
639 503
639 504
638 505
638 506
638 507
638 508
638 509
638 510
638 511
638 512
638 513
638 514
639 515
639 516
638 517
639 518
639 519
638 520
638 521
639 522
638 523
639 524
639 525
639 526
639 527
638 528
638 529
639 530
639 531
639 532
639 533
639 534
639 535
639 536
639 537
639 538
639 539
639 540
639 541
639 542
639 543
639 544
639 545
639 546
639 547
639 548
639 549
639 550
639 551
639 552
639 553
639 554
639 555
639 556
639 557
639 558
639 559
639 560
639 561
639 562
639 563
639 564
639 565
639 566
639 567
639 568
639 569
640 570
640 571
639 572
639 573
639 574
639 575
639 576
639 577
639 578
639 579
639 580
639 581
639 582
639 583
639 584
639 585
639 586
639 587
639 588
639 589
639 590
640 591
639 592
639 593
639 594
639 595
639 596
639 597
639 598
639 599
639 600
639 601
639 602
639 603
639 604
639 605
639 606
639 607
639 608
639 609
639 610
639 611
639 612
639 613
639 614
639 615
639 616
639 617
639 618
639 619
639 620
639 621
639 622
639 623
639 624
639 625
639 626
639 627
639 628
639 629
639 630
640 631
639 632
639 633
639 634
639 635
639 636
639 637
639 638
640 639
639 640
639 641
640 642
639 643
639 644
639 645
639 646
639 647
639 648
639 649
640 650
640 651
640 652
640 653
639 654
639 655
639 656
639 657
639 658
640 659
640 660
639 661
639 662
639 663
639 664
639 665
639 666
639 667
639 668
639 669
639 670
639 671
639 672
639 673
640 674
639 675
639 676
639 677
639 678
640 679
639 680
639 681
639 682
639 683
639 684
639 685
639 686
639 687
641 688
640 689
640 690
639 691
639 692
639 693
641 694
642 695
640 696
639 697
639 698
640 699
640 700
639 701
639 702
639 703
641 704
640 705
640 706
640 707
641 708
642 709
639 710
641 711
640 712
639 713
639 714
639 715
643 716
640 717
641 718
640 719
