639 0
639 1
639 2
639 3
639 4
639 5
639 6
639 7
639 8
639 9
639 10
639 11
639 12
639 13
639 14
639 15
639 16
639 17
639 18
639 19
639 20
639 21
639 22
639 23
639 24
639 25
639 26
639 27
639 28
639 29
639 30
639 31
639 32
639 33
639 34
639 35
639 36
639 37
639 38
639 39
639 40
639 41
639 42
639 43
639 44
639 45
639 46
639 47
639 48
639 49
639 50
639 51
639 52
639 53
638 54
636 55
635 56
638 57
637 58
639 59
635 60
635 61
637 62
636 63
634 64
637 65
632 66
628 67
629 68
626 69
627 70
629 71
626 72
627 73
623 74
620 75
622 76
624 77
622 78
610 79
619 80
624 81
611 82
616 83
624 84
626 85
624 86
621 87
619 88
627 89
620 90
616 91
616 92
622 93
629 94
616 95
612 96
610 97
610 98
617 99
620 100
619 101
613 102
596 103
601 104
608 105
605 106
608 107
610 108
610 109
607 110
597 111
595 112
602 113
602 114
603 115
596 116
594 117
600 118
600 119
599 120
605 121
591 122
591 123
594 124
593 125
596 126
594 127
596 128
596 129
595 130
598 131
590 132
593 133
597 134
594 135
599 136
605 137
597 138
593 139
598 140
608 141
611 142
607 143
602 144
600 145
595 146
593 147
604 148
608 149
611 150
600 151
584 152
585 153
595 154
600 155
603 156
595 157
593 158
588 159
577 160
576 161
579 162
581 163
585 164
582 165
588 166
585 167
593 168
595 169
603 170
601 171
593 172
591 173
592 174
586 175
613 176
615 177
611 178
605 179
602 180
600 181
604 182
606 183
599 184
612 185
610 186
602 187
603 188
604 189
596 190
586 191
591 192
589 193
586 194
580 195
576 196
595 197
595 198
589 199
583 200
569 201
565 202
577 203
583 204
574 205
574 206
578 207
575 208
559 209
560 210
564 211
578 212
585 213
586 214
578 215
577 216
586 217
573 218
565 219
577 220
584 221
580 222
566 223
555 224
527 225
541 226
543 227
541 228
532 229
525 230
537 231
523 232
508 233
509 234
499 235
507 236
505 237
514 238
515 239
524 240
488 241
474 242
491 243
507 244
487 245
465 246
510 247
484 248
444 249
453 250
456 251
455 252
465 253
459 254
468 255
477 256
440 257
444 258
457 259
465 260
450 261
420 262
391 263
414 264
401 265
362 266
361 267
403 268
441 269
456 270
474 271
470 272
494 273
486 274
490 275
511 276
522 277
516 278
535 279
544 280
528 281
528 282
542 283
576 284
595 285
587 286
574 287
579 288
605 289
599 290
586 291
601 292
618 293
631 294
641 295
646 296
683 297
693 298
745 299
769 300
761 301
765 302
761 303
762 304
774 305
780 306
776 307
779 308
773 309
775 310
763 311
776 312
779 313
770 314
761 315
764 316
767 317
768 318
765 319
782 320
790 321
787 322
786 323
792 324
798 325
794 326
788 327
798 328
791 329
773 330
782 331
793 332
792 333
800 334
803 335
804 336
790 337
780 338
785 339
788 340
787 341
792 342
788 343
786 344
792 345
787 346
786 347
780 348
781 349
785 350
779 351
789 352
796 353
798 354
798 355
803 356
795 357
791 358
773 359
773 360
780 361
783 362
778 363
774 364
777 365
772 366
769 367
779 368
790 369
786 370
789 371
787 372
780 373
783 374
778 375
777 376
787 377
778 378
762 379
747 380
752 381
759 382
758 383
741 384
752 385
737 386
730 387
728 388
739 389
745 390
737 391
725 392
730 393
721 394
712 395
717 396
712 397
703 398
694 399
688 400
688 401
686 402
686 403
683 404
672 405
671 406
664 407
659 408
655 409
651 410
649 411
647 412
643 413
641 414
641 415
641 416
640 417
640 418
637 419
637 420
636 421
635 422
635 423
635 424
633 425
634 426
634 427
634 428
633 429
633 430
634 431
637 432
634 433
634 434
634 435
634 436
634 437
634 438
636 439
637 440
635 441
635 442
634 443
636 444
636 445
636 446
635 447
635 448
634 449
635 450
635 451
635 452
636 453
636 454
634 455
635 456
634 457
634 458
634 459
634 460
634 461
634 462
635 463
635 464
635 465
635 466
634 467
634 468
636 469
635 470
635 471
635 472
634 473
634 474
634 475
635 476
635 477
634 478
635 479
635 480
635 481
638 482
637 483
637 484
637 485
636 486
636 487
636 488
637 489
637 490
637 491
638 492
637 493
638 494
638 495
637 496
637 497
637 498
636 499
637 500
637 501
638 502
637 503
638 504
637 505
635 506
635 507
636 508
638 509
637 510
637 511
637 512
637 513
637 514
637 515
637 516
638 517
638 518
638 519
638 520
638 521
638 522
638 523
638 524
638 525
638 526
638 527
638 528
638 529
638 530
638 531
637 532
637 533
638 534
638 535
638 536
638 537
638 538
638 539
638 540
638 541
638 542
638 543
639 544
638 545
638 546
638 547
638 548
638 549
638 550
638 551
638 552
638 553
638 554
638 555
638 556
638 557
639 558
639 559
640 560
640 561
641 562
642 563
641 564
642 565
643 566
642 567
642 568
643 569
645 570
645 571
643 572
643 573
643 574
643 575
641 576
641 577
639 578
640 579
639 580
639 581
639 582
639 583
640 584
639 585
639 586
640 587
639 588
639 589
639 590
639 591
640 592
639 593
639 594
639 595
639 596
640 597
640 598
639 599
639 600
639 601
639 602
639 603
639 604
639 605
639 606
640 607
640 608
640 609
639 610
639 611
639 612
639 613
639 614
639 615
639 616
639 617
639 618
639 619
639 620
639 621
639 622
641 623
642 624
639 625
639 626
639 627
641 628
638 629
639 630
639 631
640 632
638 633
639 634
638 635
639 636
639 637
640 638
643 639
642 640
638 641
638 642
639 643
640 644
639 645
638 646
641 647
641 648
641 649
640 650
640 651
641 652
640 653
641 654
642 655
640 656
641 657
646 658
642 659
639 660
640 661
641 662
642 663
645 664
643 665
642 666
643 667
640 668
640 669
641 670
643 671
641 672
641 673
644 674
644 675
645 676
644 677
641 678
644 679
642 680
640 681
643 682
644 683
647 684
644 685
642 686
646 687
646 688
642 689
645 690
646 691
645 692
646 693
645 694
643 695
651 696
646 697
643 698
644 699
646 700
647 701
642 702
648 703
648 704
650 705
647 706
647 707
642 708
641 709
643 710
650 711
651 712
650 713
648 714
645 715
648 716
656 717
658 718
653 719
