639 0
639 1
639 2
639 3
639 4
639 5
639 6
639 7
639 8
639 9
639 10
639 11
639 12
639 13
639 14
639 15
639 16
639 17
639 18
639 19
639 20
639 21
639 22
639 23
639 24
639 25
639 26
639 27
639 28
639 29
639 30
639 31
639 32
639 33
639 34
639 35
639 36
639 37
639 38
639 39
639 40
639 41
639 42
639 43
639 44
639 45
639 46
639 47
639 48
639 49
639 50
639 51
638 52
637 53
635 54
630 55
630 56
629 57
630 58
632 59
625 60
618 61
617 62
615 63
618 64
616 65
606 66
598 67
587 68
587 69
588 70
588 71
581 72
577 73
567 74
568 75
562 76
557 77
556 78
558 79
546 80
542 81
540 82
536 83
529 84
529 85
521 86
517 87
526 88
520 89
504 90
508 91
517 92
510 93
494 94
489 95
473 96
443 97
446 98
458 99
454 100
443 101
434 102
438 103
425 104
420 105
424 106
432 107
426 108
416 109
410 110
412 111
415 112
413 113
412 114
408 115
401 116
401 117
400 118
405 119
410 120
404 121
407 122
405 123
389 124
382 125
387 126
396 127
390 128
382 129
377 130
379 131
377 132
376 133
376 134
382 135
371 136
373 137
373 138
365 139
360 140
362 141
362 142
361 143
370 144
364 145
351 146
353 147
355 148
356 149
361 150
355 151
350 152
347 153
350 154
352 155
346 156
337 157
338 158
337 159
333 160
325 161
327 162
328 163
325 164
319 165
315 166
313 167
313 168
299 169
298 170
289 171
296 172
309 173
299 174
297 175
314 176
308 177
310 178
305 179
292 180
293 181
297 182
302 183
316 184
313 185
305 186
309 187
307 188
318 189
315 190
327 191
303 192
311 193
314 194
307 195
308 196
325 197
328 198
340 199
335 200
309 201
305 202
308 203
307 204
301 205
282 206
306 207
320 208
306 209
295 210
296 211
303 212
276 213
267 214
292 215
301 216
289 217
302 218
308 219
298 220
287 221
270 222
270 223
266 224
242 225
250 226
254 227
240 228
240 229
242 230
240 231
256 232
231 233
232 234
234 235
246 236
239 237
224 238
233 239
244 240
244 241
267 242
266 243
247 244
223 245
233 246
262 247
276 248
257 249
270 250
244 251
265 252
262 253
245 254
250 255
235 256
234 257
206 258
218 259
253 260
264 261
256 262
277 263
299 264
268 265
253 266
287 267
356 268
370 269
392 270
405 271
438 272
487 273
514 274
524 275
536 276
579 277
569 278
562 279
670 280
681 281
652 282
681 283
768 284
814 285
785 286
778 287
750 288
772 289
804 290
844 291
855 292
837 293
873 294
886 295
916 296
945 297
907 298
956 299
1003 300
1023 301
1005 302
938 303
934 304
916 305
917 306
912 307
910 308
908 309
907 310
898 311
909 312
916 313
902 314
896 315
887 316
887 317
888 318
873 319
866 320
865 321
853 322
866 323
867 324
871 325
865 326
853 327
849 328
854 329
854 330
851 331
845 332
852 333
853 334
852 335
833 336
843 337
835 338
838 339
848 340
848 341
848 342
842 343
848 344
857 345
859 346
865 347
868 348
861 349
859 350
845 351
843 352
862 353
865 354
857 355
860 356
862 357
868 358
859 359
857 360
864 361
870 362
871 363
863 364
859 365
854 366
848 367
848 368
859 369
856 370
846 371
844 372
842 373
848 374
845 375
845 376
847 377
837 378
842 379
844 380
831 381
828 382
819 383
809 384
815 385
797 386
787 387
783 388
781 389
780 390
774 391
761 392
758 393
752 394
741 395
735 396
736 397
723 398
717 399
710 400
705 401
701 402
692 403
691 404
690 405
689 406
683 407
677 408
675 409
665 410
660 411
656 412
653 413
647 414
643 415
641 416
641 417
641 418
641 419
641 420
641 421
641 422
640 423
645 424
645 425
645 426
646 427
643 428
643 429
641 430
643 431
642 432
644 433
643 434
640 435
638 436
638 437
637 438
638 439
641 440
637 441
639 442
640 443
638 444
639 445
636 446
636 447
636 448
636 449
638 450
637 451
638 452
639 453
638 454
638 455
638 456
637 457
637 458
637 459
638 460
637 461
637 462
637 463
636 464
638 465
637 466
635 467
635 468
635 469
637 470
637 471
638 472
638 473
637 474
634 475
636 476
637 477
638 478
638 479
637 480
637 481
637 482
638 483
638 484
637 485
637 486
637 487
637 488
637 489
638 490
639 491
638 492
638 493
638 494
638 495
640 496
639 497
639 498
638 499
638 500
638 501
639 502
641 503
640 504
639 505
638 506
637 507
636 508
638 509
638 510
639 511
638 512
639 513
639 514
639 515
639 516
640 517
640 518
639 519
640 520
638 521
638 522
638 523
638 524
638 525
639 526
638 527
639 528
639 529
639 530
638 531
638 532
638 533
638 534
639 535
639 536
638 537
638 538
638 539
638 540
638 541
638 542
638 543
638 544
638 545
638 546
638 547
638 548
638 549
638 550
638 551
639 552
639 553
639 554
639 555
639 556
639 557
639 558
639 559
639 560
639 561
639 562
639 563
639 564
639 565
639 566
639 567
639 568
639 569
639 570
639 571
639 572
639 573
639 574
639 575
639 576
639 577
639 578
639 579
639 580
640 581
639 582
639 583
639 584
639 585
639 586
639 587
639 588
639 589
639 590
639 591
639 592
639 593
639 594
639 595
639 596
639 597
639 598
639 599
639 600
639 601
639 602
639 603
639 604
639 605
640 606
640 607
640 608
640 609
639 610
639 611
640 612
639 613
639 614
639 615
640 616
639 617
640 618
640 619
640 620
640 621
640 622
641 623
640 624
640 625
640 626
640 627
640 628
640 629
640 630
640 631
640 632
640 633
640 634
641 635
640 636
639 637
639 638
641 639
640 640
639 641
640 642
639 643
639 644
639 645
639 646
641 647
640 648
639 649
639 650
639 651
640 652
639 653
639 654
639 655
640 656
639 657
639 658
638 659
638 660
640 661
639 662
639 663
640 664
639 665
639 666
640 667
639 668
639 669
640 670
640 671
640 672
639 673
639 674
639 675
639 676
638 677
640 678
644 679
642 680
638 681
640 682
640 683
640 684
641 685
641 686
641 687
640 688
640 689
640 690
640 691
642 692
641 693
640 694
642 695
642 696
640 697
643 698
644 699
642 700
640 701
641 702
643 703
644 704
641 705
645 706
645 707
643 708
645 709
645 710
647 711
647 712
644 713
647 714
644 715
644 716
647 717
648 718
647 719
