639 0
639 1
639 2
639 3
639 4
639 5
639 6
639 7
639 8
639 9
639 10
639 11
639 12
639 13
639 14
639 15
639 16
639 17
639 18
639 19
639 20
639 21
639 22
639 23
639 24
639 25
639 26
639 27
639 28
639 29
639 30
639 31
639 32
639 33
639 34
639 35
639 36
639 37
639 38
639 39
639 40
640 41
640 42
639 43
639 44
639 45
639 46
639 47
639 48
639 49
639 50
638 51
638 52
636 53
631 54
632 55
632 56
632 57
632 58
632 59
626 60
625 61
626 62
629 63
622 64
614 65
609 66
604 67
598 68
593 69
590 70
588 71
590 72
588 73
582 74
570 75
566 76
561 77
558 78
563 79
561 80
542 81
540 82
537 83
533 84
537 85
525 86
532 87
525 88
516 89
508 90
505 91
514 92
496 93
490 94
496 95
484 96
456 97
456 98
465 99
457 100
451 101
435 102
444 103
438 104
432 105
429 106
432 107
433 108
425 109
418 110
441 111
427 112
415 113
412 114
415 115
410 116
410 117
414 118
405 119
416 120
410 121
407 122
403 123
397 124
388 125
384 126
396 127
400 128
388 129
383 130
364 131
366 132
375 133
372 134
375 135
368 136
356 137
349 138
343 139
338 140
339 141
337 142
328 143
350 144
333 145
315 146
307 147
315 148
314 149
322 150
323 151
307 152
299 153
322 154
323 155
322 156
308 157
305 158
298 159
298 160
288 161
289 162
287 163
276 164
278 165
272 166
303 167
279 168
266 169
258 170
269 171
271 172
270 173
279 174
291 175
313 176
288 177
280 178
292 179
295 180
283 181
278 182
303 183
299 184
280 185
283 186
268 187
275 188
278 189
288 190
311 191
324 192
311 193
296 194
294 195
296 196
297 197
316 198
325 199
308 200
290 201
319 202
329 203
319 204
309 205
298 206
324 207
320 208
297 209
289 210
304 211
305 212
296 213
300 214
327 215
309 216
303 217
282 218
272 219
290 220
293 221
293 222
286 223
291 224
297 225
304 226
298 227
283 228
284 229
288 230
306 231
302 232
298 233
307 234
298 235
294 236
293 237
307 238
319 239
313 240
318 241
315 242
317 243
317 244
324 245
321 246
333 247
309 248
300 249
307 250
322 251
331 252
335 253
317 254
324 255
317 256
308 257
306 258
323 259
314 260
309 261
329 262
349 263
319 264
320 265
315 266
306 267
335 268
343 269
354 270
366 271
378 272
373 273
384 274
380 275
395 276
409 277
410 278
423 279
426 280
427 281
435 282
433 283
439 284
455 285
449 286
454 287
467 288
469 289
470 290
479 291
494 292
507 293
513 294
513 295
500 296
517 297
565 298
608 299
622 300
625 301
621 302
634 303
631 304
625 305
629 306
632 307
630 308
637 309
645 310
646 311
643 312
641 313
641 314
642 315
645 316
645 317
639 318
647 319
650 320
657 321
659 322
652 323
648 324
652 325
657 326
648 327
652 328
650 329
652 330
656 331
658 332
656 333
658 334
660 335
660 336
659 337
659 338
660 339
658 340
657 341
655 342
659 343
659 344
661 345
664 346
667 347
657 348
661 349
659 350
658 351
665 352
660 353
664 354
661 355
659 356
659 357
662 358
658 359
660 360
664 361
662 362
661 363
655 364
650 365
649 366
655 367
658 368
660 369
666 370
661 371
655 372
654 373
653 374
657 375
661 376
650 377
650 378
650 379
653 380
649 381
649 382
649 383
646 384
651 385
654 386
651 387
645 388
648 389
646 390
648 391
647 392
646 393
644 394
644 395
642 396
642 397
642 398
644 399
643 400
642 401
644 402
642 403
643 404
642 405
642 406
647 407
645 408
642 409
642 410
644 411
644 412
644 413
642 414
644 415
642 416
643 417
642 418
642 419
642 420
642 421
641 422
642 423
642 424
641 425
642 426
645 427
642 428
641 429
642 430
644 431
642 432
643 433
644 434
642 435
641 436
642 437
641 438
642 439
643 440
641 441
642 442
643 443
641 444
641 445
643 446
643 447
641 448
640 449
641 450
640 451
641 452
640 453
640 454
641 455
641 456
646 457
644 458
644 459
646 460
646 461
642 462
645 463
643 464
643 465
644 466
643 467
642 468
641 469
644 470
643 471
643 472
642 473
641 474
642 475
643 476
644 477
643 478
644 479
643 480
643 481
644 482
644 483
643 484
644 485
642 486
643 487
642 488
642 489
643 490
642 491
644 492
645 493
641 494
641 495
640 496
640 497
640 498
641 499
640 500
639 501
640 502
640 503
642 504
640 505
640 506
640 507
640 508
640 509
640 510
641 511
640 512
640 513
640 514
640 515
641 516
639 517
639 518
639 519
639 520
640 521
639 522
639 523
639 524
638 525
639 526
639 527
639 528
638 529
639 530
639 531
639 532
639 533
638 534
639 535
638 536
638 537
638 538
638 539
638 540
639 541
639 542
639 543
639 544
638 545
639 546
639 547
639 548
639 549
639 550
639 551
639 552
639 553
639 554
639 555
640 556
642 557
639 558
640 559
639 560
639 561
639 562
639 563
640 564
641 565
640 566
639 567
639 568
639 569
639 570
639 571
639 572
639 573
639 574
640 575
639 576
639 577
640 578
640 579
639 580
639 581
639 582
641 583
640 584
640 585
640 586
642 587
640 588
640 589
640 590
641 591
640 592
640 593
640 594
641 595
640 596
640 597
640 598
640 599
640 600
639 601
640 602
640 603
640 604
639 605
639 606
640 607
639 608
640 609
640 610
639 611
639 612
639 613
640 614
640 615
640 616
640 617
640 618
640 619
640 620
640 621
640 622
640 623
640 624
640 625
640 626
640 627
640 628
641 629
641 630
640 631
640 632
640 633
640 634
641 635
641 636
641 637
642 638
641 639
641 640
641 641
641 642
641 643
641 644
641 645
641 646
641 647
641 648
641 649
641 650
641 651
642 652
641 653
640 654
640 655
641 656
640 657
640 658
641 659
639 660
640 661
639 662
639 663
639 664
640 665
639 666
638 667
638 668
638 669
639 670
641 671
637 672
637 673
637 674
639 675
638 676
637 677
638 678
637 679
638 680
639 681
640 682
639 683
639 684
639 685
640 686
639 687
638 688
638 689
638 690
639 691
639 692
640 693
640 694
639 695
639 696
639 697
639 698
640 699
640 700
640 701
639 702
640 703
640 704
640 705
640 706
641 707
639 708
639 709
639 710
640 711
640 712
640 713
641 714
640 715
640 716
640 717
640 718
641 719
