639 0
639 1
639 2
639 3
639 4
639 5
639 6
639 7
639 8
639 9
639 10
639 11
639 12
639 13
639 14
639 15
639 16
639 17
639 18
639 19
639 20
639 21
639 22
639 23
639 24
639 25
639 26
639 27
639 28
639 29
639 30
639 31
639 32
639 33
639 34
639 35
639 36
639 37
639 38
639 39
639 40
639 41
639 42
639 43
639 44
639 45
639 46
639 47
639 48
639 49
639 50
639 51
639 52
639 53
638 54
639 55
638 56
639 57
639 58
639 59
639 60
639 61
639 62
638 63
638 64
638 65
639 66
637 67
638 68
637 69
635 70
635 71
634 72
634 73
632 74
630 75
629 76
631 77
632 78
626 79
622 80
612 81
605 82
603 83
604 84
609 85
611 86
601 87
602 88
606 89
600 90
607 91
620 92
615 93
611 94
610 95
615 96
616 97
616 98
620 99
620 100
622 101
623 102
614 103
619 104
625 105
627 106
628 107
627 108
619 109
625 110
624 111
611 112
617 113
618 114
621 115
621 116
613 117
613 118
612 119
613 120
612 121
609 122
608 123
601 124
603 125
604 126
612 127
608 128
611 129
602 130
601 131
601 132
607 133
605 134
591 135
605 136
604 137
592 138
591 139
596 140
592 141
591 142
592 143
587 144
589 145
601 146
609 147
610 148
611 149
611 150
603 151
605 152
613 153
605 154
608 155
612 156
616 157
604 158
595 159
600 160
610 161
609 162
608 163
599 164
603 165
608 166
602 167
602 168
605 169
609 170
608 171
602 172
599 173
598 174
598 175
605 176
606 177
608 178
607 179
597 180
603 181
602 182
608 183
607 184
594 185
592 186
592 187
592 188
592 189
595 190
603 191
595 192
596 193
587 194
584 195
593 196
593 197
586 198
585 199
586 200
583 201
582 202
582 203
578 204
579 205
576 206
575 207
579 208
580 209
589 210
591 211
590 212
591 213
595 214
595 215
586 216
595 217
604 218
614 219
610 220
604 221
607 222
616 223
603 224
607 225
621 226
630 227
617 228
609 229
613 230
619 231
625 232
616 233
616 234
630 235
637 236
628 237
628 238
635 239
626 240
628 241
624 242
626 243
634 244
642 245
641 246
636 247
626 248
618 249
634 250
640 251
634 252
643 253
645 254
653 255
658 256
650 257
637 258
651 259
660 260
650 261
658 262
670 263
675 264
669 265
665 266
675 267
678 268
690 269
705 270
699 271
704 272
705 273
701 274
713 275
714 276
709 277
712 278
704 279
730 280
730 281
735 282
753 283
759 284
759 285
757 286
769 287
754 288
760 289
778 290
784 291
779 292
786 293
804 294
811 295
807 296
792 297
820 298
844 299
847 300
853 301
848 302
852 303
848 304
857 305
855 306
857 307
867 308
864 309
863 310
854 311
850 312
853 313
850 314
854 315
857 316
853 317
856 318
853 319
851 320
848 321
848 322
848 323
847 324
843 325
847 326
846 327
842 328
839 329
828 330
829 331
836 332
840 333
839 334
838 335
827 336
833 337
836 338
849 339
851 340
845 341
842 342
838 343
846 344
857 345
857 346
854 347
856 348
859 349
859 350
850 351
852 352
852 353
857 354
852 355
860 356
863 357
858 358
851 359
854 360
855 361
850 362
852 363
854 364
850 365
846 366
844 367
845 368
849 369
849 370
841 371
841 372
840 373
841 374
840 375
835 376
842 377
842 378
836 379
837 380
830 381
826 382
819 383
822 384
816 385
808 386
801 387
785 388
783 389
781 390
782 391
771 392
762 393
758 394
749 395
748 396
743 397
735 398
731 399
716 400
711 401
708 402
703 403
690 404
687 405
684 406
682 407
674 408
667 409
666 410
659 411
653 412
651 413
649 414
643 415
645 416
641 417
641 418
641 419
643 420
646 421
645 422
645 423
646 424
643 425
643 426
644 427
644 428
643 429
640 430
640 431
638 432
640 433
640 434
640 435
638 436
638 437
639 438
638 439
637 440
638 441
639 442
639 443
639 444
639 445
638 446
639 447
639 448
638 449
640 450
639 451
639 452
638 453
639 454
639 455
638 456
639 457
640 458
640 459
639 460
640 461
640 462
639 463
638 464
637 465
636 466
638 467
638 468
637 469
638 470
638 471
637 472
637 473
637 474
637 475
638 476
638 477
637 478
638 479
638 480
638 481
638 482
639 483
640 484
640 485
640 486
640 487
640 488
640 489
640 490
641 491
641 492
641 493
640 494
641 495
640 496
640 497
640 498
642 499
641 500
642 501
642 502
642 503
641 504
641 505
644 506
644 507
645 508
644 509
642 510
640 511
640 512
640 513
640 514
641 515
641 516
640 517
640 518
640 519
640 520
639 521
639 522
639 523
639 524
639 525
639 526
639 527
639 528
639 529
639 530
639 531
639 532
639 533
639 534
639 535
639 536
639 537
639 538
639 539
639 540
639 541
639 542
639 543
639 544
639 545
639 546
639 547
639 548
639 549
639 550
639 551
639 552
639 553
639 554
639 555
639 556
639 557
639 558
639 559
639 560
639 561
639 562
639 563
639 564
639 565
639 566
639 567
640 568
639 569
639 570
639 571
639 572
639 573
639 574
639 575
639 576
639 577
639 578
639 579
639 580
639 581
639 582
639 583
639 584
639 585
639 586
639 587
640 588
639 589
639 590
639 591
639 592
639 593
639 594
639 595
639 596
639 597
639 598
639 599
639 600
639 601
639 602
639 603
639 604
639 605
639 606
639 607
639 608
639 609
640 610
639 611
639 612
639 613
639 614
639 615
639 616
639 617
639 618
639 619
639 620
639 621
639 622
639 623
639 624
639 625
639 626
639 627
639 628
639 629
639 630
639 631
639 632
639 633
639 634
639 635
639 636
639 637
640 638
640 639
639 640
640 641
641 642
642 643
640 644
640 645
639 646
639 647
639 648
639 649
639 650
640 651
639 652
639 653
639 654
640 655
639 656
640 657
642 658
641 659
640 660
639 661
639 662
642 663
640 664
639 665
641 666
642 667
642 668
641 669
641 670
641 671
640 672
639 673
639 674
639 675
639 676
639 677
638 678
639 679
639 680
640 681
639 682
640 683
640 684
640 685
639 686
640 687
639 688
639 689
640 690
640 691
642 692
641 693
640 694
641 695
641 696
641 697
641 698
641 699
641 700
641 701
642 702
642 703
647 704
644 705
646 706
643 707
640 708
640 709
641 710
642 711
644 712
642 713
640 714
642 715
644 716
644 717
645 718
647 719
