639 0
639 1
639 2
639 3
639 4
639 5
639 6
639 7
639 8
639 9
639 10
639 11
639 12
639 13
639 14
639 15
639 16
639 17
639 18
639 19
639 20
639 21
639 22
639 23
639 24
639 25
639 26
639 27
639 28
639 29
639 30
639 31
639 32
639 33
639 34
639 35
639 36
639 37
639 38
639 39
639 40
639 41
639 42
639 43
639 44
639 45
639 46
639 47
639 48
639 49
639 50
639 51
639 52
639 53
639 54
639 55
639 56
639 57
639 58
639 59
634 60
638 61
636 62
637 63
636 64
636 65
637 66
633 67
632 68
632 69
633 70
635 71
634 72
632 73
627 74
627 75
628 76
626 77
628 78
632 79
633 80
633 81
625 82
627 83
628 84
633 85
634 86
628 87
628 88
631 89
621 90
622 91
626 92
623 93
624 94
619 95
621 96
620 97
617 98
621 99
625 100
613 101
612 102
610 103
608 104
610 105
618 106
623 107
611 108
600 109
605 110
607 111
600 112
606 113
609 114
603 115
596 116
603 117
607 118
603 119
599 120
607 121
606 122
604 123
598 124
594 125
594 126
595 127
588 128
593 129
596 130
591 131
591 132
585 133
593 134
597 135
590 136
582 137
584 138
577 139
580 140
589 141
609 142
601 143
599 144
584 145
572 146
579 147
587 148
607 149
608 150
593 151
594 152
591 153
590 154
585 155
577 156
582 157
587 158
578 159
567 160
583 161
586 162
584 163
591 164
591 165
583 166
579 167
563 168
567 169
576 170
564 171
569 172
575 173
570 174
570 175
578 176
573 177
568 178
568 179
564 180
577 181
578 182
569 183
574 184
575 185
580 186
574 187
557 188
559 189
570 190
575 191
576 192
575 193
581 194
571 195
570 196
576 197
582 198
568 199
574 200
572 201
579 202
575 203
580 204
578 205
566 206
548 207
568 208
570 209
561 210
564 211
559 212
553 213
552 214
565 215
560 216
552 217
554 218
564 219
578 220
577 221
568 222
557 223
559 224
578 225
568 226
563 227
557 228
564 229
572 230
566 231
577 232
581 233
578 234
567 235
566 236
568 237
566 238
572 239
576 240
570 241
571 242
579 243
569 244
565 245
567 246
568 247
568 248
553 249
528 250
543 251
553 252
550 253
555 254
558 255
559 256
538 257
541 258
555 259
560 260
564 261
550 262
540 263
536 264
532 265
529 266
553 267
563 268
570 269
565 270
561 271
564 272
566 273
565 274
562 275
567 276
578 277
576 278
573 279
569 280
587 281
589 282
585 283
577 284
585 285
583 286
583 287
592 288
581 289
583 290
591 291
599 292
601 293
599 294
597 295
601 296
599 297
599 298
603 299
604 300
608 301
615 302
620 303
619 304
618 305
618 306
618 307
621 308
620 309
621 310
623 311
625 312
622 313
625 314
625 315
625 316
624 317
625 318
626 319
631 320
628 321
632 322
634 323
634 324
637 325
638 326
638 327
640 328
637 329
638 330
637 331
637 332
638 333
639 334
640 335
640 336
640 337
641 338
641 339
642 340
642 341
641 342
643 343
642 344
642 345
643 346
642 347
643 348
645 349
643 350
642 351
644 352
643 353
641 354
644 355
644 356
643 357
642 358
641 359
642 360
641 361
643 362
643 363
645 364
641 365
640 366
641 367
641 368
640 369
640 370
641 371
642 372
644 373
641 374
642 375
643 376
640 377
641 378
640 379
641 380
643 381
643 382
643 383
642 384
641 385
640 386
641 387
642 388
643 389
642 390
644 391
642 392
642 393
642 394
644 395
640 396
641 397
640 398
640 399
641 400
641 401
641 402
640 403
640 404
640 405
640 406
641 407
640 408
640 409
640 410
640 411
640 412
640 413
640 414
639 415
640 416
640 417
640 418
640 419
640 420
640 421
640 422
640 423
640 424
640 425
640 426
640 427
640 428
640 429
641 430
642 431
640 432
640 433
640 434
640 435
640 436
640 437
640 438
640 439
640 440
641 441
640 442
640 443
640 444
640 445
640 446
640 447
640 448
640 449
640 450
640 451
639 452
639 453
640 454
640 455
640 456
640 457
639 458
639 459
639 460
639 461
639 462
640 463
639 464
640 465
640 466
639 467
640 468
640 469
639 470
641 471
640 472
639 473
639 474
640 475
639 476
640 477
640 478
640 479
639 480
640 481
640 482
640 483
640 484
640 485
640 486
640 487
640 488
640 489
640 490
640 491
640 492
640 493
640 494
640 495
640 496
640 497
640 498
640 499
640 500
640 501
640 502
640 503
640 504
640 505
640 506
640 507
640 508
640 509
640 510
640 511
639 512
640 513
640 514
640 515
639 516
639 517
639 518
639 519
640 520
639 521
639 522
639 523
639 524
639 525
639 526
639 527
639 528
639 529
639 530
639 531
640 532
639 533
639 534
639 535
639 536
639 537
639 538
639 539
639 540
639 541
639 542
639 543
639 544
639 545
639 546
639 547
639 548
639 549
639 550
639 551
639 552
639 553
639 554
639 555
640 556
639 557
639 558
639 559
639 560
639 561
639 562
639 563
639 564
639 565
639 566
639 567
639 568
639 569
639 570
639 571
639 572
639 573
639 574
640 575
639 576
639 577
639 578
639 579
639 580
639 581
639 582
640 583
639 584
639 585
639 586
639 587
639 588
639 589
639 590
639 591
639 592
639 593
639 594
639 595
639 596
639 597
639 598
639 599
639 600
639 601
640 602
639 603
639 604
639 605
639 606
639 607
639 608
639 609
639 610
639 611
639 612
639 613
639 614
639 615
639 616
639 617
639 618
639 619
639 620
639 621
639 622
639 623
639 624
639 625
639 626
639 627
639 628
639 629
639 630
639 631
639 632
639 633
639 634
639 635
639 636
639 637
639 638
639 639
639 640
639 641
639 642
639 643
639 644
639 645
639 646
639 647
639 648
639 649
640 650
639 651
639 652
640 653
639 654
639 655
639 656
639 657
639 658
639 659
639 660
639 661
639 662
639 663
639 664
639 665
639 666
639 667
639 668
639 669
639 670
639 671
640 672
639 673
639 674
639 675
639 676
639 677
639 678
639 679
639 680
639 681
639 682
639 683
639 684
639 685
639 686
639 687
639 688
639 689
639 690
639 691
638 692
640 693
639 694
641 695
639 696
639 697
640 698
639 699
639 700
639 701
639 702
640 703
640 704
639 705
639 706
639 707
639 708
640 709
639 710
639 711
639 712
639 713
639 714
639 715
639 716
640 717
639 718
639 719
