639 0
639 1
639 2
639 3
639 4
639 5
639 6
639 7
639 8
639 9
639 10
639 11
639 12
639 13
639 14
639 15
639 16
639 17
639 18
639 19
639 20
639 21
639 22
639 23
639 24
639 25
639 26
639 27
639 28
639 29
639 30
639 31
639 32
639 33
639 34
639 35
639 36
639 37
639 38
639 39
639 40
639 41
639 42
639 43
639 44
639 45
639 46
639 47
639 48
639 49
639 50
639 51
639 52
637 53
639 54
639 55
639 56
639 57
638 58
636 59
629 60
628 61
634 62
632 63
630 64
631 65
626 66
619 67
615 68
607 69
605 70
607 71
606 72
603 73
596 74
585 75
585 76
589 77
590 78
585 79
586 80
581 81
572 82
571 83
578 84
569 85
566 86
568 87
567 88
560 89
563 90
556 91
555 92
551 93
553 94
545 95
557 96
550 97
552 98
552 99
540 100
527 101
527 102
530 103
535 104
523 105
524 106
529 107
534 108
528 109
518 110
521 111
518 112
523 113
521 114
525 115
525 116
513 117
509 118
509 119
508 120
514 121
511 122
506 123
496 124
480 125
468 126
475 127
469 128
466 129
461 130
448 131
445 132
446 133
445 134
450 135
428 136
413 137
419 138
406 139
397 140
405 141
418 142
418 143
415 144
404 145
394 146
381 147
386 148
386 149
392 150
404 151
402 152
398 153
405 154
405 155
400 156
400 157
392 158
392 159
394 160
393 161
394 162
391 163
394 164
396 165
385 166
393 167
394 168
386 169
389 170
390 171
381 172
377 173
381 174
389 175
388 176
376 177
369 178
366 179
378 180
380 181
391 182
389 183
393 184
375 185
382 186
380 187
363 188
359 189
367 190
385 191
373 192
376 193
356 194
351 195
354 196
340 197
343 198
368 199
358 200
348 201
349 202
347 203
343 204
337 205
340 206
351 207
347 208
339 209
344 210
348 211
359 212
350 213
343 214
347 215
338 216
338 217
341 218
343 219
352 220
346 221
335 222
336 223
342 224
329 225
332 226
345 227
348 228
338 229
331 230
347 231
330 232
334 233
325 234
320 235
314 236
322 237
319 238
341 239
333 240
340 241
335 242
334 243
331 244
327 245
335 246
337 247
344 248
343 249
352 250
345 251
342 252
357 253
366 254
370 255
351 256
336 257
329 258
332 259
347 260
347 261
343 262
344 263
362 264
355 265
346 266
346 267
361 268
377 269
379 270
384 271
398 272
392 273
403 274
417 275
420 276
422 277
423 278
424 279
432 280
439 281
444 282
446 283
445 284
452 285
446 286
454 287
453 288
461 289
470 290
473 291
475 292
476 293
490 294
509 295
517 296
515 297
527 298
589 299
616 300
614 301
618 302
637 303
633 304
632 305
641 306
650 307
650 308
647 309
648 310
658 311
663 312
672 313
673 314
674 315
664 316
658 317
667 318
673 319
678 320
684 321
692 322
691 323
687 324
682 325
682 326
688 327
692 328
684 329
689 330
689 331
698 332
694 333
700 334
703 335
694 336
684 337
696 338
708 339
696 340
693 341
702 342
705 343
713 344
709 345
702 346
711 347
716 348
718 349
713 350
708 351
716 352
716 353
717 354
724 355
724 356
713 357
714 358
709 359
711 360
710 361
717 362
723 363
722 364
703 365
698 366
700 367
713 368
719 369
714 370
706 371
712 372
709 373
699 374
694 375
705 376
699 377
695 378
692 379
689 380
701 381
700 382
711 383
704 384
698 385
684 386
680 387
682 388
687 389
694 390
696 391
684 392
682 393
675 394
672 395
672 396
673 397
672 398
667 399
662 400
657 401
655 402
651 403
651 404
651 405
655 406
659 407
651 408
651 409
647 410
645 411
647 412
646 413
640 414
637 415
638 416
638 417
638 418
639 419
638 420
638 421
638 422
638 423
640 424
639 425
638 426
638 427
638 428
638 429
637 430
638 431
637 432
636 433
636 434
636 435
637 436
637 437
636 438
636 439
636 440
636 441
636 442
636 443
636 444
636 445
636 446
636 447
636 448
636 449
636 450
636 451
636 452
636 453
636 454
637 455
637 456
637 457
637 458
637 459
637 460
637 461
637 462
637 463
636 464
636 465
637 466
636 467
635 468
636 469
636 470
637 471
637 472
636 473
636 474
637 475
636 476
636 477
636 478
636 479
636 480
636 481
636 482
636 483
636 484
637 485
637 486
637 487
636 488
637 489
637 490
637 491
637 492
638 493
638 494
638 495
638 496
638 497
638 498
638 499
637 500
638 501
638 502
639 503
639 504
639 505
638 506
638 507
638 508
638 509
638 510
639 511
639 512
638 513
639 514
638 515
639 516
638 517
639 518
639 519
639 520
639 521
639 522
638 523
638 524
638 525
638 526
638 527
638 528
639 529
638 530
639 531
639 532
639 533
639 534
639 535
639 536
639 537
639 538
639 539
639 540
639 541
639 542
639 543
639 544
639 545
639 546
639 547
639 548
639 549
639 550
639 551
639 552
639 553
639 554
639 555
639 556
639 557
639 558
639 559
639 560
639 561
639 562
639 563
639 564
639 565
639 566
639 567
639 568
639 569
639 570
639 571
639 572
639 573
639 574
639 575
639 576
639 577
639 578
639 579
639 580
639 581
639 582
639 583
639 584
639 585
639 586
639 587
639 588
639 589
639 590
639 591
639 592
639 593
639 594
639 595
639 596
639 597
639 598
639 599
639 600
639 601
639 602
639 603
639 604
639 605
639 606
639 607
639 608
639 609
639 610
639 611
639 612
639 613
639 614
639 615
639 616
639 617
639 618
639 619
639 620
639 621
639 622
639 623
639 624
639 625
639 626
639 627
639 628
639 629
639 630
639 631
639 632
639 633
639 634
639 635
639 636
640 637
640 638
640 639
639 640
639 641
640 642
640 643
639 644
639 645
639 646
639 647
639 648
640 649
640 650
640 651
640 652
639 653
639 654
639 655
640 656
639 657
639 658
639 659
639 660
639 661
639 662
641 663
639 664
639 665
639 666
639 667
639 668
639 669
639 670
640 671
639 672
639 673
639 674
639 675
639 676
640 677
639 678
639 679
639 680
639 681
639 682
640 683
639 684
640 685
639 686
639 687
639 688
639 689
641 690
641 691
640 692
640 693
639 694
639 695
642 696
641 697
640 698
639 699
639 700
639 701
639 702
640 703
640 704
639 705
639 706
639 707
641 708
640 709
639 710
640 711
640 712
640 713
639 714
640 715
641 716
642 717
641 718
640 719
