639 0
639 1
639 2
639 3
639 4
639 5
639 6
639 7
639 8
639 9
639 10
639 11
639 12
639 13
639 14
639 15
639 16
639 17
639 18
639 19
639 20
639 21
639 22
639 23
639 24
639 25
639 26
639 27
639 28
639 29
639 30
639 31
639 32
639 33
639 34
639 35
639 36
639 37
639 38
639 39
639 40
639 41
639 42
639 43
639 44
639 45
639 46
639 47
639 48
639 49
639 50
639 51
639 52
639 53
638 54
636 55
636 56
638 57
638 58
638 59
636 60
631 61
626 62
628 63
627 64
629 65
626 66
614 67
611 68
608 69
613 70
610 71
613 72
610 73
601 74
593 75
591 76
589 77
592 78
592 79
581 80
569 81
563 82
559 83
558 84
564 85
567 86
571 87
572 88
574 89
571 90
566 91
568 92
574 93
571 94
579 95
583 96
577 97
576 98
564 99
568 100
570 101
569 102
565 103
558 104
555 105
560 106
568 107
561 108
545 109
542 110
547 111
555 112
560 113
559 114
557 115
559 116
551 117
542 118
539 119
549 120
559 121
567 122
565 123
553 124
554 125
560 126
556 127
560 128
566 129
559 130
545 131
527 132
539 133
551 134
563 135
541 136
540 137
533 138
527 139
530 140
534 141
539 142
531 143
529 144
519 145
520 146
533 147
529 148
523 149
515 150
511 151
518 152
517 153
520 154
527 155
533 156
534 157
529 158
525 159
516 160
524 161
538 162
534 163
530 164
528 165
529 166
525 167
527 168
532 169
537 170
540 171
541 172
538 173
533 174
531 175
533 176
536 177
535 178
528 179
525 180
520 181
527 182
539 183
546 184
538 185
531 186
527 187
537 188
536 189
545 190
547 191
541 192
539 193
535 194
536 195
535 196
541 197
550 198
546 199
547 200
539 201
537 202
536 203
536 204
537 205
533 206
533 207
532 208
531 209
535 210
537 211
533 212
538 213
530 214
540 215
522 216
513 217
523 218
518 219
528 220
527 221
520 222
519 223
519 224
518 225
507 226
518 227
515 228
495 229
489 230
499 231
497 232
495 233
507 234
504 235
503 236
494 237
489 238
487 239
485 240
493 241
504 242
514 243
512 244
511 245
500 246
503 247
491 248
491 249
488 250
491 251
496 252
509 253
517 254
510 255
505 256
504 257
511 258
515 259
522 260
523 261
510 262
512 263
516 264
512 265
525 266
520 267
526 268
525 269
535 270
549 271
543 272
548 273
547 274
546 275
548 276
550 277
561 278
570 279
573 280
565 281
573 282
578 283
576 284
571 285
585 286
605 287
580 288
580 289
595 290
611 291
597 292
583 293
590 294
603 295
606 296
605 297
613 298
643 299
651 300
646 301
646 302
648 303
663 304
662 305
659 306
652 307
654 308
654 309
657 310
655 311
657 312
661 313
659 314
652 315
649 316
647 317
650 318
657 319
656 320
652 321
654 322
661 323
661 324
662 325
656 326
664 327
664 328
661 329
665 330
666 331
665 332
674 333
688 334
688 335
686 336
687 337
687 338
688 339
691 340
693 341
694 342
692 343
698 344
695 345
697 346
699 347
692 348
684 349
691 350
706 351
684 352
689 353
695 354
691 355
691 356
689 357
686 358
685 359
689 360
676 361
678 362
690 363
695 364
686 365
681 366
683 367
687 368
681 369
678 370
672 371
663 372
663 373
669 374
676 375
684 376
680 377
674 378
666 379
663 380
664 381
664 382
668 383
675 384
675 385
666 386
667 387
676 388
674 389
667 390
670 391
662 392
660 393
665 394
660 395
662 396
660 397
661 398
657 399
655 400
653 401
650 402
653 403
652 404
651 405
650 406
649 407
650 408
650 409
649 410
647 411
649 412
647 413
644 414
641 415
641 416
641 417
641 418
640 419
639 420
639 421
639 422
640 423
640 424
640 425
639 426
639 427
639 428
639 429
639 430
639 431
639 432
639 433
639 434
639 435
639 436
639 437
639 438
639 439
639 440
639 441
639 442
639 443
639 444
639 445
639 446
639 447
639 448
639 449
639 450
639 451
639 452
639 453
639 454
639 455
639 456
639 457
639 458
639 459
639 460
639 461
639 462
639 463
639 464
639 465
639 466
639 467
639 468
639 469
640 470
639 471
639 472
639 473
639 474
639 475
639 476
639 477
639 478
639 479
639 480
639 481
639 482
640 483
640 484
639 485
639 486
639 487
639 488
639 489
640 490
640 491
640 492
639 493
639 494
639 495
639 496
639 497
639 498
639 499
639 500
639 501
639 502
639 503
639 504
639 505
639 506
639 507
639 508
639 509
639 510
639 511
639 512
639 513
639 514
640 515
639 516
639 517
639 518
639 519
639 520
639 521
639 522
639 523
639 524
639 525
639 526
639 527
639 528
639 529
639 530
639 531
639 532
639 533
639 534
639 535
639 536
639 537
639 538
639 539
639 540
639 541
639 542
639 543
639 544
639 545
639 546
639 547
639 548
639 549
639 550
639 551
639 552
639 553
639 554
639 555
639 556
639 557
639 558
639 559
639 560
639 561
639 562
639 563
639 564
639 565
639 566
639 567
639 568
639 569
639 570
639 571
639 572
639 573
639 574
639 575
639 576
639 577
639 578
639 579
639 580
639 581
639 582
639 583
639 584
639 585
639 586
639 587
639 588
639 589
639 590
639 591
639 592
639 593
639 594
639 595
639 596
639 597
639 598
639 599
639 600
639 601
639 602
639 603
639 604
639 605
639 606
639 607
639 608
639 609
640 610
639 611
639 612
639 613
639 614
639 615
639 616
639 617
639 618
639 619
639 620
639 621
639 622
639 623
639 624
639 625
639 626
639 627
639 628
639 629
639 630
640 631
639 632
639 633
639 634
639 635
639 636
639 637
639 638
639 639
639 640
639 641
639 642
639 643
639 644
639 645
639 646
642 647
640 648
639 649
640 650
639 651
640 652
640 653
641 654
640 655
639 656
639 657
639 658
639 659
639 660
639 661
639 662
642 663
640 664
639 665
640 666
640 667
639 668
640 669
639 670
643 671
640 672
639 673
639 674
642 675
640 676
640 677
640 678
641 679
640 680
639 681
639 682
641 683
640 684
642 685
641 686
642 687
641 688
641 689
641 690
643 691
644 692
641 693
641 694
640 695
644 696
641 697
641 698
641 699
643 700
642 701
640 702
640 703
641 704
641 705
640 706
641 707
642 708
642 709
641 710
645 711
645 712
643 713
643 714
643 715
651 716
651 717
648 718
646 719
