639 0
639 1
639 2
639 3
639 4
639 5
639 6
639 7
639 8
639 9
639 10
639 11
639 12
639 13
639 14
639 15
639 16
639 17
639 18
639 19
639 20
639 21
639 22
639 23
639 24
639 25
639 26
639 27
639 28
639 29
639 30
639 31
639 32
639 33
639 34
639 35
639 36
639 37
639 38
639 39
639 40
639 41
639 42
639 43
639 44
639 45
639 46
639 47
639 48
639 49
639 50
638 51
639 52
636 53
634 54
630 55
632 56
633 57
633 58
633 59
624 60
620 61
622 62
625 63
623 64
619 65
614 66
605 67
606 68
602 69
598 70
595 71
594 72
590 73
588 74
582 75
588 76
588 77
589 78
588 79
582 80
574 81
565 82
562 83
567 84
564 85
568 86
567 87
567 88
567 89
548 90
547 91
546 92
552 93
555 94
552 95
549 96
519 97
509 98
527 99
532 100
517 101
527 102
530 103
509 104
505 105
505 106
507 107
504 108
494 109
484 110
489 111
490 112
481 113
470 114
466 115
464 116
455 117
452 118
452 119
451 120
466 121
458 122
447 123
419 124
419 125
421 126
440 127
419 128
405 129
417 130
409 131
395 132
398 133
395 134
407 135
383 136
364 137
362 138
364 139
355 140
349 141
345 142
348 143
362 144
336 145
335 146
333 147
324 148
327 149
321 150
335 151
328 152
310 153
326 154
323 155
331 156
313 157
302 158
320 159
309 160
315 161
321 162
310 163
306 164
308 165
311 166
326 167
323 168
317 169
321 170
317 171
307 172
308 173
302 174
309 175
321 176
311 177
313 178
323 179
311 180
302 181
310 182
320 183
344 184
327 185
319 186
326 187
323 188
319 189
319 190
329 191
319 192
308 193
307 194
306 195
315 196
308 197
312 198
326 199
325 200
312 201
313 202
322 203
319 204
311 205
310 206
325 207
324 208
295 209
302 210
297 211
315 212
305 213
285 214
295 215
276 216
282 217
282 218
281 219
284 220
281 221
282 222
274 223
282 224
276 225
279 226
281 227
285 228
275 229
267 230
273 231
274 232
270 233
265 234
258 235
261 236
263 237
263 238
279 239
281 240
266 241
277 242
273 243
277 244
282 245
286 246
291 247
298 248
297 249
297 250
305 251
313 252
305 253
314 254
341 255
315 256
306 257
305 258
294 259
298 260
302 261
309 262
324 263
325 264
307 265
305 266
314 267
322 268
335 269
358 270
386 271
386 272
410 273
418 274
416 275
435 276
439 277
438 278
455 279
462 280
456 281
475 282
489 283
500 284
507 285
513 286
519 287
539 288
544 289
564 290
599 291
637 292
645 293
656 294
615 295
611 296
634 297
653 298
723 299
779 300
786 301
781 302
773 303
748 304
770 305
781 306
781 307
791 308
789 309
778 310
774 311
776 312
779 313
769 314
783 315
782 316
769 317
774 318
787 319
798 320
802 321
797 322
786 323
774 324
772 325
797 326
784 327
785 328
795 329
795 330
791 331
787 332
786 333
788 334
776 335
778 336
788 337
784 338
791 339
795 340
798 341
798 342
799 343
789 344
803 345
812 346
819 347
802 348
792 349
802 350
782 351
780 352
788 353
785 354
800 355
814 356
816 357
816 358
780 359
792 360
803 361
808 362
808 363
802 364
794 365
794 366
778 367
791 368
801 369
790 370
789 371
789 372
789 373
804 374
794 375
794 376
795 377
785 378
787 379
772 380
777 381
785 382
781 383
787 384
776 385
761 386
747 387
726 388
717 389
728 390
735 391
720 392
717 393
710 394
691 395
695 396
707 397
699 398
702 399
690 400
688 401
678 402
672 403
677 404
673 405
666 406
661 407
657 408
656 409
653 410
649 411
648 412
645 413
638 414
639 415
638 416
638 417
638 418
639 419
640 420
638 421
638 422
639 423
639 424
639 425
641 426
642 427
640 428
638 429
638 430
638 431
638 432
638 433
637 434
636 435
635 436
635 437
636 438
636 439
635 440
636 441
636 442
636 443
636 444
636 445
636 446
637 447
637 448
636 449
635 450
635 451
635 452
636 453
636 454
636 455
636 456
636 457
636 458
636 459
635 460
636 461
636 462
636 463
636 464
636 465
636 466
636 467
637 468
636 469
636 470
636 471
636 472
637 473
637 474
637 475
636 476
635 477
636 478
636 479
636 480
636 481
636 482
637 483
637 484
637 485
638 486
638 487
637 488
637 489
637 490
639 491
638 492
638 493
639 494
639 495
640 496
639 497
639 498
639 499
639 500
639 501
639 502
640 503
641 504
639 505
639 506
638 507
638 508
638 509
639 510
639 511
638 512
638 513
638 514
640 515
640 516
640 517
639 518
639 519
639 520
639 521
638 522
638 523
638 524
638 525
638 526
639 527
638 528
639 529
639 530
639 531
639 532
639 533
639 534
639 535
639 536
639 537
639 538
639 539
639 540
639 541
639 542
639 543
639 544
639 545
639 546
639 547
639 548
639 549
639 550
639 551
639 552
639 553
639 554
639 555
639 556
639 557
639 558
639 559
639 560
639 561
639 562
639 563
639 564
639 565
639 566
639 567
639 568
639 569
639 570
639 571
641 572
639 573
639 574
639 575
639 576
639 577
639 578
639 579
639 580
639 581
639 582
639 583
639 584
639 585
639 586
639 587
639 588
639 589
639 590
639 591
639 592
639 593
639 594
639 595
639 596
639 597
639 598
639 599
639 600
639 601
639 602
639 603
639 604
639 605
639 606
639 607
639 608
639 609
639 610
639 611
639 612
639 613
639 614
639 615
639 616
639 617
639 618
639 619
639 620
640 621
639 622
639 623
639 624
639 625
639 626
639 627
640 628
639 629
639 630
640 631
640 632
639 633
639 634
639 635
639 636
639 637
639 638
640 639
640 640
639 641
640 642
640 643
640 644
639 645
639 646
639 647
639 648
639 649
639 650
640 651
641 652
640 653
639 654
639 655
640 656
640 657
641 658
639 659
639 660
639 661
639 662
641 663
640 664
639 665
640 666
639 667
639 668
639 669
639 670
639 671
639 672
639 673
639 674
639 675
639 676
639 677
640 678
640 679
639 680
639 681
639 682
639 683
639 684
639 685
639 686
640 687
638 688
639 689
639 690
639 691
642 692
639 693
640 694
639 695
640 696
639 697
639 698
641 699
640 700
639 701
639 702
639 703
638 704
639 705
640 706
640 707
639 708
639 709
639 710
640 711
641 712
641 713
641 714
641 715
641 716
640 717
639 718
642 719
