639 0
639 1
639 2
639 3
639 4
639 5
639 6
639 7
639 8
639 9
639 10
639 11
639 12
639 13
639 14
639 15
639 16
639 17
639 18
639 19
639 20
639 21
639 22
639 23
639 24
639 25
639 26
639 27
639 28
639 29
639 30
639 31
639 32
639 33
639 34
639 35
639 36
639 37
639 38
640 39
639 40
639 41
639 42
639 43
639 44
639 45
639 46
639 47
639 48
639 49
639 50
638 51
638 52
637 53
636 54
633 55
634 56
639 57
640 58
634 59
630 60
628 61
626 62
625 63
625 64
622 65
613 66
605 67
596 68
592 69
595 70
598 71
602 72
596 73
584 74
578 75
582 76
581 77
574 78
575 79
569 80
557 81
546 82
546 83
548 84
551 85
546 86
541 87
551 88
536 89
532 90
532 91
539 92
538 93
523 94
517 95
496 96
472 97
469 98
478 99
474 100
468 101
462 102
455 103
456 104
438 105
445 106
444 107
455 108
449 109
432 110
434 111
429 112
433 113
436 114
434 115
427 116
414 117
402 118
409 119
436 120
427 121
436 122
422 123
398 124
391 125
401 126
405 127
405 128
382 129
374 130
359 131
366 132
363 133
356 134
381 135
357 136
342 137
343 138
339 139
338 140
338 141
326 142
326 143
316 144
299 145
308 146
298 147
294 148
294 149
293 150
300 151
286 152
287 153
295 154
299 155
288 156
290 157
285 158
297 159
269 160
261 161
265 162
281 163
276 164
253 165
257 166
282 167
268 168
260 169
261 170
258 171
263 172
256 173
256 174
258 175
262 176
254 177
264 178
257 179
259 180
250 181
252 182
261 183
287 184
259 185
251 186
242 187
249 188
258 189
263 190
298 191
274 192
269 193
263 194
263 195
263 196
273 197
284 198
290 199
314 200
282 201
280 202
291 203
293 204
299 205
294 206
291 207
298 208
281 209
275 210
288 211
301 212
287 213
278 214
301 215
285 216
280 217
280 218
282 219
289 220
284 221
286 222
301 223
291 224
278 225
293 226
298 227
300 228
293 229
288 230
297 231
306 232
291 233
281 234
280 235
292 236
305 237
307 238
313 239
333 240
319 241
309 242
316 243
321 244
315 245
312 246
293 247
295 248
295 249
298 250
308 251
317 252
317 253
314 254
315 255
311 256
305 257
307 258
295 259
304 260
311 261
318 262
319 263
308 264
313 265
310 266
325 267
343 268
351 269
356 270
358 271
367 272
382 273
391 274
406 275
409 276
412 277
427 278
431 279
439 280
438 281
438 282
436 283
444 284
445 285
451 286
458 287
457 288
454 289
464 290
476 291
479 292
492 293
507 294
502 295
508 296
512 297
525 298
590 299
625 300
628 301
636 302
637 303
645 304
639 305
636 306
645 307
654 308
650 309
651 310
654 311
654 312
657 313
661 314
661 315
652 316
655 317
659 318
661 319
671 320
669 321
666 322
662 323
662 324
661 325
666 326
672 327
669 328
676 329
674 330
674 331
671 332
670 333
668 334
673 335
675 336
674 337
672 338
675 339
682 340
682 341
673 342
674 343
673 344
676 345
676 346
678 347
678 348
681 349
674 350
677 351
679 352
680 353
677 354
679 355
687 356
678 357
672 358
675 359
682 360
678 361
686 362
687 363
681 364
675 365
671 366
679 367
688 368
683 369
675 370
680 371
680 372
678 373
676 374
677 375
673 376
675 377
675 378
675 379
681 380
676 381
670 382
666 383
672 384
670 385
669 386
662 387
663 388
658 389
654 390
653 391
660 392
657 393
655 394
648 395
648 396
652 397
653 398
654 399
651 400
646 401
650 402
653 403
653 404
653 405
655 406
653 407
646 408
648 409
650 410
653 411
655 412
650 413
644 414
646 415
647 416
646 417
652 418
647 419
643 420
642 421
643 422
646 423
645 424
641 425
645 426
646 427
646 428
646 429
644 430
644 431
645 432
645 433
646 434
645 435
643 436
643 437
643 438
644 439
650 440
646 441
645 442
644 443
643 444
647 445
648 446
646 447
648 448
647 449
646 450
649 451
653 452
652 453
648 454
647 455
642 456
642 457
643 458
646 459
647 460
648 461
649 462
648 463
645 464
645 465
648 466
650 467
651 468
648 469
647 470
645 471
645 472
642 473
645 474
645 475
643 476
643 477
641 478
643 479
644 480
642 481
646 482
644 483
640 484
638 485
640 486
641 487
645 488
643 489
641 490
641 491
641 492
642 493
640 494
643 495
643 496
643 497
642 498
638 499
637 500
638 501
638 502
640 503
641 504
638 505
639 506
638 507
642 508
642 509
638 510
638 511
640 512
639 513
640 514
641 515
639 516
642 517
642 518
641 519
641 520
639 521
639 522
639 523
639 524
639 525
638 526
639 527
640 528
638 529
638 530
639 531
638 532
638 533
638 534
638 535
638 536
638 537
638 538
637 539
638 540
639 541
638 542
639 543
638 544
638 545
638 546
639 547
639 548
639 549
639 550
639 551
639 552
639 553
639 554
639 555
640 556
640 557
639 558
640 559
640 560
640 561
641 562
640 563
639 564
639 565
640 566
641 567
642 568
640 569
639 570
639 571
640 572
641 573
639 574
639 575
640 576
640 577
642 578
642 579
641 580
641 581
642 582
641 583
642 584
639 585
641 586
640 587
639 588
639 589
640 590
642 591
641 592
639 593
640 594
640 595
640 596
640 597
640 598
641 599
640 600
639 601
640 602
640 603
640 604
639 605
639 606
639 607
639 608
639 609
639 610
639 611
639 612
639 613
639 614
639 615
639 616
639 617
639 618
639 619
639 620
639 621
639 622
639 623
640 624
640 625
640 626
640 627
640 628
640 629
640 630
640 631
640 632
640 633
640 634
640 635
640 636
640 637
640 638
640 639
640 640
640 641
640 642
640 643
640 644
640 645
640 646
640 647
640 648
640 649
641 650
640 651
640 652
640 653
640 654
641 655
640 656
641 657
641 658
641 659
641 660
640 661
641 662
641 663
640 664
641 665
640 666
641 667
641 668
641 669
640 670
640 671
639 672
640 673
640 674
640 675
640 676
640 677
640 678
640 679
641 680
640 681
641 682
641 683
640 684
640 685
640 686
641 687
642 688
641 689
641 690
641 691
640 692
640 693
640 694
640 695
639 696
640 697
639 698
639 699
640 700
640 701
640 702
640 703
640 704
641 705
641 706
640 707
640 708
641 709
640 710
640 711
642 712
641 713
641 714
640 715
640 716
640 717
641 718
641 719
