639 0
639 1
639 2
639 3
639 4
639 5
639 6
639 7
639 8
639 9
639 10
639 11
639 12
639 13
639 14
639 15
639 16
639 17
639 18
639 19
639 20
639 21
639 22
639 23
639 24
639 25
639 26
639 27
639 28
639 29
639 30
639 31
639 32
639 33
639 34
639 35
639 36
639 37
639 38
639 39
639 40
639 41
640 42
640 43
639 44
639 45
639 46
639 47
639 48
639 49
639 50
638 51
638 52
638 53
637 54
635 55
635 56
639 57
638 58
636 59
633 60
628 61
626 62
623 63
624 64
625 65
620 66
609 67
608 68
604 69
603 70
608 71
596 72
596 73
590 74
578 75
579 76
581 77
582 78
576 79
575 80
558 81
551 82
555 83
546 84
541 85
537 86
540 87
545 88
529 89
532 90
547 91
556 92
549 93
539 94
527 95
514 96
493 97
489 98
479 99
477 100
475 101
476 102
480 103
482 104
469 105
476 106
467 107
468 108
459 109
452 110
452 111
461 112
455 113
468 114
461 115
456 116
453 117
455 118
456 119
467 120
461 121
458 122
460 123
450 124
444 125
437 126
441 127
458 128
442 129
426 130
408 131
398 132
396 133
393 134
418 135
417 136
395 137
378 138
366 139
351 140
358 141
352 142
359 143
350 144
329 145
325 146
321 147
324 148
322 149
319 150
309 151
324 152
318 153
319 154
316 155
322 156
322 157
320 158
321 159
322 160
309 161
315 162
309 163
303 164
296 165
301 166
309 167
298 168
291 169
304 170
294 171
289 172
295 173
277 174
279 175
295 176
290 177
288 178
287 179
283 180
281 181
274 182
302 183
306 184
286 185
277 186
263 187
275 188
288 189
295 190
301 191
292 192
287 193
285 194
281 195
281 196
286 197
293 198
316 199
319 200
303 201
285 202
279 203
292 204
294 205
293 206
288 207
302 208
292 209
291 210
299 211
289 212
267 213
265 214
280 215
288 216
268 217
277 218
277 219
281 220
292 221
291 222
300 223
294 224
286 225
280 226
266 227
284 228
299 229
305 230
295 231
295 232
278 233
291 234
307 235
305 236
304 237
297 238
303 239
307 240
305 241
308 242
300 243
296 244
302 245
309 246
307 247
297 248
296 249
304 250
303 251
299 252
302 253
307 254
320 255
328 256
309 257
304 258
300 259
300 260
307 261
308 262
323 263
317 264
308 265
305 266
305 267
333 268
348 269
357 270
367 271
380 272
389 273
397 274
410 275
412 276
408 277
423 278
425 279
432 280
434 281
441 282
449 283
453 284
456 285
458 286
465 287
480 288
491 289
492 290
493 291
507 292
518 293
529 294
531 295
537 296
539 297
572 298
637 299
647 300
651 301
659 302
664 303
663 304
664 305
675 306
683 307
683 308
685 309
680 310
684 311
685 312
685 313
687 314
689 315
691 316
689 317
688 318
704 319
696 320
713 321
715 322
700 323
692 324
691 325
697 326
709 327
704 328
699 329
706 330
708 331
711 332
706 333
708 334
705 335
695 336
693 337
697 338
697 339
697 340
701 341
709 342
710 343
696 344
689 345
690 346
693 347
687 348
685 349
679 350
684 351
681 352
676 353
675 354
672 355
672 356
672 357
674 358
684 359
677 360
676 361
682 362
685 363
688 364
686 365
686 366
686 367
684 368
690 369
686 370
689 371
691 372
692 373
688 374
691 375
685 376
681 377
682 378
688 379
690 380
689 381
689 382
690 383
694 384
693 385
696 386
702 387
691 388
688 389
690 390
693 391
692 392
689 393
685 394
695 395
693 396
695 397
699 398
706 399
701 400
700 401
699 402
694 403
693 404
685 405
682 406
684 407
677 408
676 409
671 410
667 411
665 412
664 413
654 414
653 415
651 416
648 417
649 418
650 419
652 420
652 421
649 422
650 423
648 424
650 425
647 426
646 427
648 428
649 429
647 430
648 431
648 432
648 433
651 434
652 435
648 436
647 437
646 438
646 439
648 440
647 441
644 442
642 443
647 444
647 445
641 446
643 447
642 448
639 449
639 450
640 451
639 452
639 453
640 454
640 455
641 456
639 457
639 458
639 459
639 460
640 461
640 462
641 463
639 464
640 465
639 466
639 467
643 468
643 469
639 470
640 471
640 472
639 473
640 474
640 475
642 476
643 477
643 478
642 479
640 480
642 481
641 482
641 483
642 484
641 485
639 486
640 487
642 488
640 489
641 490
641 491
641 492
641 493
641 494
644 495
641 496
639 497
638 498
639 499
640 500
641 501
639 502
639 503
639 504
638 505
639 506
639 507
639 508
639 509
639 510
641 511
639 512
639 513
639 514
640 515
639 516
639 517
639 518
638 519
640 520
639 521
638 522
638 523
638 524
638 525
638 526
639 527
641 528
643 529
644 530
641 531
640 532
640 533
639 534
640 535
640 536
642 537
641 538
641 539
641 540
639 541
642 542
642 543
640 544
639 545
639 546
640 547
640 548
640 549
641 550
641 551
640 552
640 553
640 554
639 555
639 556
640 557
641 558
641 559
642 560
641 561
641 562
641 563
641 564
640 565
640 566
641 567
640 568
640 569
640 570
640 571
640 572
641 573
640 574
640 575
640 576
640 577
640 578
639 579
640 580
641 581
640 582
640 583
640 584
640 585
640 586
640 587
641 588
640 589
640 590
640 591
640 592
640 593
640 594
640 595
640 596
640 597
640 598
639 599
640 600
640 601
640 602
640 603
640 604
640 605
640 606
640 607
640 608
640 609
640 610
640 611
640 612
640 613
640 614
640 615
640 616
639 617
640 618
640 619
641 620
640 621
640 622
640 623
640 624
640 625
640 626
640 627
640 628
641 629
640 630
642 631
641 632
641 633
641 634
641 635
641 636
641 637
642 638
641 639
642 640
641 641
643 642
641 643
641 644
641 645
641 646
642 647
644 648
641 649
641 650
642 651
642 652
641 653
641 654
644 655
647 656
643 657
643 658
642 659
641 660
641 661
644 662
645 663
645 664
643 665
643 666
642 667
641 668
641 669
642 670
643 671
642 672
645 673
641 674
642 675
641 676
642 677
640 678
642 679
641 680
642 681
645 682
642 683
640 684
643 685
642 686
642 687
642 688
642 689
640 690
641 691
641 692
641 693
641 694
641 695
643 696
641 697
641 698
641 699
641 700
643 701
641 702
640 703
645 704
640 705
641 706
641 707
641 708
642 709
641 710
643 711
643 712
642 713
643 714
642 715
643 716
643 717
643 718
640 719
