639 0
639 1
639 2
639 3
639 4
639 5
639 6
639 7
639 8
639 9
639 10
639 11
639 12
639 13
639 14
639 15
639 16
639 17
639 18
639 19
639 20
640 21
640 22
640 23
639 24
640 25
640 26
640 27
640 28
641 29
640 30
640 31
640 32
641 33
641 34
640 35
640 36
640 37
639 38
640 39
640 40
640 41
640 42
640 43
640 44
641 45
641 46
642 47
640 48
641 49
640 50
639 51
639 52
639 53
637 54
633 55
632 56
635 57
636 58
631 59
624 60
618 61
622 62
620 63
616 64
617 65
611 66
599 67
594 68
587 69
588 70
592 71
587 72
593 73
582 74
574 75
573 76
573 77
572 78
564 79
561 80
549 81
550 82
550 83
552 84
548 85
543 86
543 87
531 88
521 89
516 90
507 91
517 92
510 93
504 94
498 95
464 96
447 97
437 98
434 99
436 100
429 101
423 102
425 103
428 104
416 105
422 106
423 107
405 108
403 109
398 110
408 111
394 112
391 113
384 114
388 115
387 116
389 117
384 118
381 119
398 120
383 121
384 122
366 123
356 124
353 125
334 126
352 127
347 128
326 129
319 130
318 131
324 132
324 133
320 134
315 135
324 136
301 137
292 138
271 139
255 140
272 141
246 142
253 143
227 144
231 145
221 146
209 147
220 148
226 149
219 150
209 151
204 152
206 153
206 154
212 155
205 156
205 157
209 158
219 159
209 160
212 161
211 162
200 163
182 164
190 165
192 166
195 167
198 168
182 169
184 170
182 171
187 172
181 173
185 174
188 175
198 176
199 177
184 178
185 179
185 180
185 181
186 182
182 183
191 184
181 185
166 186
166 187
167 188
179 189
187 190
202 191
193 192
180 193
166 194
172 195
164 196
168 197
163 198
193 199
179 200
154 201
154 202
153 203
149 204
156 205
171 206
192 207
188 208
176 209
192 210
201 211
199 212
204 213
210 214
221 215
208 216
217 217
223 218
224 219
250 220
250 221
254 222
246 223
256 224
254 225
265 226
276 227
276 228
284 229
279 230
275 231
269 232
286 233
279 234
282 235
285 236
296 237
303 238
304 239
307 240
303 241
296 242
289 243
294 244
292 245
286 246
287 247
296 248
301 249
303 250
302 251
291 252
290 253
301 254
294 255
300 256
301 257
309 258
309 259
303 260
301 261
301 262
300 263
296 264
295 265
305 266
307 267
328 268
342 269
356 270
380 271
387 272
394 273
396 274
398 275
404 276
398 277
411 278
422 279
431 280
428 281
438 282
438 283
441 284
447 285
458 286
462 287
474 288
481 289
486 290
500 291
501 292
504 293
518 294
537 295
532 296
549 297
558 298
634 299
658 300
650 301
657 302
669 303
672 304
667 305
674 306
683 307
693 308
685 309
680 310
682 311
687 312
689 313
694 314
694 315
695 316
698 317
700 318
708 319
704 320
708 321
706 322
701 323
705 324
701 325
695 326
706 327
709 328
705 329
703 330
703 331
705 332
703 333
706 334
709 335
707 336
707 337
710 338
710 339
705 340
701 341
695 342
696 343
697 344
690 345
689 346
688 347
681 348
684 349
684 350
683 351
677 352
676 353
676 354
676 355
678 356
677 357
675 358
677 359
685 360
682 361
686 362
690 363
685 364
682 365
684 366
690 367
689 368
688 369
697 370
696 371
693 372
689 373
688 374
692 375
689 376
685 377
683 378
680 379
688 380
697 381
692 382
699 383
696 384
694 385
689 386
692 387
694 388
699 389
697 390
702 391
687 392
691 393
697 394
701 395
703 396
707 397
708 398
706 399
698 400
701 401
694 402
692 403
696 404
691 405
688 406
684 407
673 408
671 409
668 410
669 411
667 412
661 413
655 414
657 415
655 416
650 417
650 418
651 419
651 420
653 421
650 422
650 423
653 424
648 425
647 426
650 427
649 428
647 429
647 430
651 431
650 432
651 433
653 434
647 435
645 436
646 437
645 438
649 439
648 440
644 441
645 442
644 443
644 444
640 445
638 446
641 447
642 448
640 449
642 450
641 451
639 452
640 453
640 454
639 455
640 456
640 457
639 458
640 459
639 460
639 461
639 462
643 463
642 464
639 465
640 466
641 467
641 468
642 469
642 470
644 471
641 472
641 473
642 474
640 475
641 476
641 477
638 478
640 479
641 480
641 481
641 482
639 483
640 484
640 485
639 486
640 487
639 488
638 489
639 490
639 491
642 492
645 493
642 494
642 495
641 496
639 497
639 498
639 499
639 500
640 501
639 502
638 503
638 504
638 505
639 506
639 507
639 508
639 509
639 510
640 511
640 512
640 513
639 514
638 515
638 516
640 517
639 518
639 519
639 520
638 521
638 522
639 523
639 524
640 525
642 526
639 527
638 528
638 529
639 530
640 531
640 532
638 533
639 534
640 535
640 536
640 537
640 538
642 539
643 540
642 541
642 542
642 543
643 544
642 545
641 546
640 547
640 548
642 549
642 550
642 551
641 552
640 553
641 554
641 555
641 556
641 557
641 558
641 559
643 560
642 561
641 562
640 563
640 564
640 565
641 566
641 567
641 568
640 569
641 570
640 571
641 572
639 573
639 574
639 575
639 576
639 577
640 578
640 579
640 580
640 581
640 582
641 583
640 584
640 585
640 586
640 587
640 588
640 589
640 590
640 591
640 592
640 593
640 594
640 595
640 596
640 597
640 598
640 599
640 600
640 601
640 602
640 603
640 604
640 605
640 606
640 607
640 608
640 609
640 610
640 611
640 612
640 613
639 614
640 615
640 616
640 617
640 618
640 619
640 620
640 621
640 622
640 623
640 624
640 625
640 626
640 627
641 628
641 629
641 630
641 631
641 632
641 633
641 634
641 635
641 636
641 637
642 638
642 639
641 640
642 641
642 642
641 643
642 644
641 645
642 646
642 647
641 648
641 649
641 650
642 651
641 652
642 653
642 654
642 655
641 656
641 657
641 658
641 659
641 660
641 661
640 662
641 663
643 664
640 665
641 666
640 667
640 668
640 669
642 670
642 671
641 672
640 673
639 674
638 675
639 676
639 677
639 678
638 679
640 680
638 681
639 682
638 683
637 684
639 685
638 686
639 687
639 688
640 689
640 690
640 691
640 692
638 693
639 694
638 695
643 696
641 697
641 698
640 699
638 700
639 701
639 702
641 703
640 704
640 705
640 706
641 707
641 708
642 709
642 710
643 711
641 712
641 713
640 714
641 715
641 716
641 717
640 718
640 719
