639 0
639 1
639 2
639 3
639 4
639 5
639 6
639 7
639 8
639 9
639 10
639 11
639 12
639 13
639 14
639 15
639 16
639 17
639 18
639 19
639 20
639 21
639 22
639 23
639 24
639 25
639 26
639 27
639 28
639 29
639 30
639 31
639 32
639 33
639 34
639 35
639 36
639 37
639 38
639 39
639 40
639 41
639 42
639 43
639 44
639 45
639 46
639 47
639 48
639 49
639 50
637 51
639 52
637 53
634 54
637 55
633 56
633 57
633 58
634 59
628 60
627 61
625 62
623 63
619 64
619 65
613 66
602 67
599 68
599 69
600 70
603 71
600 72
594 73
585 74
584 75
579 76
582 77
572 78
575 79
570 80
552 81
553 82
556 83
551 84
548 85
540 86
545 87
547 88
541 89
528 90
525 91
530 92
532 93
531 94
539 95
521 96
515 97
510 98
514 99
508 100
497 101
495 102
497 103
500 104
501 105
494 106
495 107
509 108
505 109
493 110
489 111
482 112
479 113
484 114
498 115
497 116
497 117
491 118
489 119
508 120
498 121
500 122
498 123
492 124
482 125
475 126
474 127
466 128
475 129
476 130
470 131
443 132
436 133
444 134
451 135
440 136
428 137
426 138
429 139
437 140
446 141
435 142
434 143
427 144
417 145
431 146
435 147
432 148
432 149
432 150
434 151
432 152
424 153
433 154
435 155
437 156
440 157
430 158
430 159
425 160
428 161
424 162
427 163
433 164
432 165
422 166
416 167
419 168
425 169
424 170
424 171
418 172
403 173
407 174
415 175
420 176
413 177
421 178
417 179
409 180
408 181
411 182
431 183
425 184
420 185
417 186
413 187
411 188
389 189
392 190
401 191
395 192
380 193
365 194
362 195
373 196
380 197
376 198
381 199
357 200
352 201
363 202
371 203
378 204
364 205
347 206
357 207
380 208
365 209
357 210
359 211
355 212
346 213
341 214
343 215
342 216
339 217
339 218
351 219
343 220
321 221
318 222
322 223
327 224
324 225
331 226
324 227
321 228
328 229
330 230
329 231
326 232
323 233
323 234
320 235
325 236
331 237
326 238
331 239
326 240
323 241
326 242
326 243
322 244
317 245
319 246
327 247
324 248
313 249
322 250
327 251
329 252
337 253
333 254
348 255
319 256
319 257
323 258
330 259
338 260
338 261
324 262
313 263
327 264
313 265
314 266
326 267
344 268
339 269
346 270
374 271
374 272
383 273
386 274
398 275
398 276
398 277
414 278
436 279
430 280
431 281
426 282
428 283
425 284
422 285
435 286
448 287
445 288
451 289
457 290
456 291
451 292
456 293
476 294
497 295
498 296
498 297
533 298
599 299
615 300
617 301
619 302
626 303
632 304
621 305
626 306
630 307
639 308
635 309
633 310
635 311
638 312
633 313
635 314
641 315
639 316
647 317
640 318
647 319
647 320
643 321
653 322
648 323
643 324
644 325
649 326
651 327
658 328
658 329
662 330
659 331
659 332
664 333
662 334
658 335
657 336
658 337
659 338
663 339
664 340
664 341
661 342
663 343
661 344
660 345
666 346
667 347
666 348
668 349
667 350
662 351
664 352
664 353
664 354
667 355
663 356
664 357
664 358
665 359
663 360
664 361
666 362
666 363
664 364
663 365
659 366
660 367
659 368
661 369
664 370
665 371
669 372
670 373
666 374
670 375
668 376
665 377
667 378
662 379
665 380
664 381
667 382
668 383
666 384
666 385
671 386
660 387
661 388
663 389
666 390
671 391
665 392
660 393
660 394
661 395
660 396
661 397
659 398
656 399
655 400
649 401
645 402
647 403
647 404
649 405
646 406
644 407
644 408
643 409
644 410
643 411
645 412
641 413
643 414
646 415
641 416
642 417
642 418
646 419
645 420
643 421
642 422
643 423
644 424
643 425
645 426
644 427
644 428
644 429
642 430
643 431
641 432
643 433
644 434
645 435
643 436
643 437
644 438
646 439
645 440
644 441
643 442
642 443
643 444
643 445
642 446
642 447
643 448
640 449
642 450
642 451
643 452
643 453
644 454
647 455
642 456
642 457
643 458
643 459
646 460
648 461
648 462
644 463
647 464
646 465
648 466
651 467
653 468
648 469
645 470
648 471
649 472
647 473
646 474
647 475
647 476
643 477
642 478
642 479
643 480
644 481
644 482
643 483
642 484
641 485
640 486
643 487
644 488
648 489
649 490
644 491
644 492
642 493
640 494
644 495
642 496
639 497
641 498
642 499
640 500
640 501
639 502
640 503
641 504
641 505
640 506
639 507
639 508
639 509
639 510
640 511
640 512
640 513
639 514
640 515
641 516
640 517
640 518
641 519
639 520
639 521
640 522
639 523
641 524
640 525
639 526
639 527
638 528
639 529
639 530
639 531
639 532
639 533
639 534
639 535
639 536
639 537
639 538
639 539
639 540
640 541
640 542
641 543
641 544
640 545
640 546
641 547
642 548
641 549
640 550
640 551
642 552
640 553
639 554
639 555
639 556
641 557
641 558
640 559
642 560
640 561
639 562
640 563
640 564
640 565
641 566
641 567
640 568
640 569
642 570
640 571
639 572
639 573
639 574
640 575
641 576
641 577
642 578
641 579
640 580
640 581
641 582
641 583
640 584
641 585
641 586
641 587
641 588
641 589
640 590
639 591
640 592
639 593
641 594
642 595
640 596
640 597
640 598
639 599
642 600
641 601
640 602
640 603
640 604
640 605
639 606
640 607
640 608
640 609
640 610
639 611
640 612
639 613
639 614
639 615
639 616
639 617
640 618
640 619
639 620
639 621
640 622
641 623
640 624
640 625
639 626
640 627
641 628
640 629
640 630
641 631
640 632
640 633
640 634
640 635
641 636
640 637
640 638
641 639
641 640
641 641
640 642
641 643
641 644
641 645
640 646
640 647
640 648
640 649
640 650
640 651
641 652
642 653
641 654
640 655
642 656
640 657
640 658
641 659
640 660
640 661
640 662
641 663
640 664
640 665
640 666
639 667
639 668
639 669
639 670
639 671
638 672
639 673
639 674
639 675
638 676
638 677
637 678
635 679
638 680
637 681
637 682
638 683
637 684
637 685
639 686
639 687
639 688
639 689
639 690
639 691
638 692
638 693
639 694
639 695
639 696
639 697
639 698
640 699
639 700
640 701
640 702
641 703
640 704
639 705
641 706
640 707
640 708
640 709
640 710
639 711
639 712
640 713
639 714
640 715
641 716
640 717
639 718
640 719
