639 0
639 1
639 2
639 3
639 4
639 5
639 6
639 7
639 8
639 9
639 10
639 11
639 12
639 13
639 14
639 15
639 16
639 17
639 18
639 19
639 20
639 21
639 22
639 23
639 24
639 25
639 26
639 27
639 28
639 29
639 30
639 31
639 32
639 33
639 34
639 35
639 36
639 37
639 38
639 39
639 40
639 41
639 42
639 43
639 44
639 45
639 46
639 47
639 48
639 49
639 50
639 51
639 52
639 53
639 54
639 55
639 56
639 57
639 58
639 59
639 60
639 61
639 62
639 63
639 64
639 65
639 66
639 67
639 68
639 69
639 70
639 71
639 72
639 73
639 74
639 75
639 76
639 77
639 78
639 79
639 80
639 81
639 82
639 83
639 84
639 85
639 86
639 87
639 88
639 89
639 90
639 91
640 92
641 93
642 94
642 95
645 96
652 97
659 98
661 99
668 100
669 101
667 102
666 103
670 104
686 105
694 106
693 107
694 108
701 109
704 110
713 111
714 112
717 113
713 114
720 115
732 116
738 117
743 118
747 119
749 120
758 121
764 122
771 123
771 124
769 125
772 126
785 127
787 128
787 129
789 130
804 131
813 132
815 133
814 134
821 135
835 136
847 137
867 138
868 139
868 140
874 141
877 142
877 143
877 144
880 145
882 146
888 147
893 148
894 149
894 150
896 151
900 152
902 153
906 154
908 155
911 156
911 157
912 158
914 159
918 160
919 161
919 162
926 163
936 164
936 165
936 166
939 167
944 168
945 169
947 170
948 171
948 172
951 173
955 174
962 175
965 176
979 177
992 178
998 179
1007 180
1010 181
1011 182
1010 183
1012 184
1015 185
1015 186
1016 187
1017 188
1022 189
1026 190
1025 191
1026 192
1038 193
1049 194
1054 195
1056 196
1056 197
1056 198
1066 199
1076 200
1090 201
1105 202
1102 203
1117 204
1122 205
1124 206
1128 207
1128 208
1139 209
1142 210
1151 211
1155 212
1156 213
1156 214
1166 215
1171 216
1171 217
1174 218
1172 219
1175 220
1172 221
1179 222
1186 223
1185 224
1191 225
1190 226
1197 227
1198 228
1202 229
1205 230
1204 231
1202 232
1216 233
1217 234
1218 235
1220 236
1224 237
1235 238
1230 239
1229 240
1227 241
1230 242
1223 243
1228 244
1140 245
1111 246
1229 247
1193 248
1165 249
1158 250
1272 251
1167 252
1027 255
805 256
859 260
973 261
953 262
1232 263
1004 266
1263 275
1263 279
1216 287
1269 304
1 305
5 306
119 307
120 308
142 309
42 310
43 311
82 312
53 313
32 314
60 315
51 316
43 317
70 318
84 319
73 320
68 321
69 322
71 323
95 324
88 325
74 326
75 327
62 328
64 329
65 330
68 331
70 332
72 333
75 334
77 335
80 336
84 337
87 338
91 339
96 340
151 341
175 342
179 343
186 344
193 345
198 346
200 347
205 348
206 349
209 350
211 351
214 352
214 353
216 354
217 355
219 356
220 357
223 358
225 359
227 360
232 361
237 362
246 363
250 364
254 365
256 366
258 367
263 368
265 369
266 370
266 371
271 372
283 373
287 374
291 375
289 376
294 377
300 378
300 379
305 380
307 381
306 382
306 383
311 384
311 385
320 386
315 387
313 388
315 389
329 390
329 391
329 392
330 393
331 394
333 395
336 396
338 397
337 398
337 399
340 400
343 401
345 402
347 403
347 404
347 405
348 406
354 407
356 408
355 409
358 410
357 411
358 412
361 413
364 414
364 415
367 416
366 417
368 418
371 419
373 420
376 421
377 422
379 423
380 424
379 425
385 426
419 427
431 428
437 429
449 430
456 431
459 432
464 433
465 434
481 435
480 436
493 437
510 438
522 439
526 440
522 441
527 442
538 443
552 444
553 445
564 446
558 447
571 448
567 449
567 450
571 451
573 452
581 453
582 454
572 455
578 456
585 457
578 458
574 459
575 460
574 461
577 462
581 463
588 464
592 465
593 466
597 467
591 468
592 469
593 470
596 471
588 472
596 473
598 474
598 475
602 476
602 477
605 478
600 479
603 480
604 481
603 482
600 483
599 484
602 485
603 486
602 487
600 488
601 489
602 490
605 491
604 492
603 493
602 494
603 495
604 496
603 497
603 498
603 499
604 500
606 501
606 502
606 503
608 504
610 505
609 506
611 507
611 508
613 509
615 510
616 511
616 512
614 513
616 514
617 515
616 516
614 517
614 518
613 519
615 520
616 521
615 522
616 523
616 524
618 525
618 526
619 527
621 528
620 529
618 530
617 531
618 532
617 533
620 534
622 535
622 536
622 537
622 538
621 539
621 540
621 541
622 542
622 543
621 544
623 545
624 546
625 547
626 548
627 549
627 550
626 551
626 552
626 553
627 554
627 555
630 556
633 557
634 558
633 559
635 560
634 561
635 562
636 563
635 564
635 565
637 566
637 567
637 568
637 569
637 570
637 571
637 572
637 573
637 574
635 575
635 576
638 577
636 578
636 579
637 580
637 581
637 582
637 583
636 584
635 585
636 586
637 587
637 588
637 589
637 590
634 591
637 592
638 593
638 594
638 595
638 596
637 597
637 598
634 599
638 600
638 601
638 602
638 603
637 604
637 605
638 606
638 607
637 608
638 609
639 610
639 611
638 612
638 613
639 614
638 615
637 616
638 617
637 618
637 619
636 620
637 621
637 622
637 623
637 624
637 625
636 626
633 627
631 628
633 629
636 630
634 631
634 632
630 633
634 634
638 635
638 636
637 637
637 638
636 639
637 640
637 641
637 642
633 643
633 644
637 645
638 646
636 647
636 648
636 649
636 650
637 651
636 652
636 653
636 654
636 655
633 656
634 657
635 658
633 659
634 660
633 661
633 662
629 663
629 664
632 665
629 666
629 667
626 668
624 669
625 670
623 671
623 672
626 673
624 674
624 675
622 676
624 677
624 678
617 679
616 680
623 681
621 682
620 683
622 684
619 685
619 686
625 687
628 688
628 689
621 690
612 691
617 692
622 693
621 694
620 695
615 696
614 697
615 698
613 699
611 700
610 701
613 702
612 703
614 704
611 705
600 706
598 707
613 708
612 709
605 710
596 711
587 712
597 713
603 714
595 715
598 716
599 717
604 718
612 719
