643 0
645 1
645 2
644 3
642 4
641 5
640 6
645 7
642 8
640 9
640 10
641 11
641 12
642 13
641 14
642 15
643 16
641 17
642 18
641 19
643 20
642 21
641 22
641 23
641 24
641 25
643 26
643 27
642 28
640 29
642 30
644 31
645 32
646 33
646 34
646 35
642 36
640 37
643 38
649 39
643 40
642 41
640 42
640 43
640 44
641 45
642 46
645 47
642 48
640 49
640 50
640 51
641 52
642 53
641 54
643 55
644 56
642 57
642 58
640 59
642 60
642 61
640 62
644 63
641 64
640 65
640 66
640 67
640 68
641 69
640 70
640 71
640 72
639 73
639 74
641 75
640 76
640 77
640 78
641 79
640 80
640 81
640 82
640 83
640 84
641 85
640 86
640 87
640 88
640 89
642 90
642 91
641 92
641 93
641 94
643 95
641 96
641 97
642 98
642 99
641 100
641 101
642 102
643 103
643 104
641 105
641 106
641 107
640 108
641 109
641 110
641 111
642 112
641 113
642 114
642 115
642 116
642 117
642 118
644 119
642 120
641 121
642 122
641 123
641 124
642 125
642 126
644 127
642 128
642 129
642 130
643 131
645 132
646 133
645 134
645 135
642 136
642 137
643 138
643 139
643 140
643 141
641 142
642 143
642 144
641 145
642 146
643 147
643 148
642 149
642 150
644 151
643 152
643 153
644 154
643 155
644 156
644 157
643 158
643 159
644 160
643 161
644 162
644 163
644 164
643 165
643 166
644 167
644 168
643 169
646 170
647 171
647 172
645 173
644 174
644 175
645 176
645 177
647 178
646 179
646 180
645 181
644 182
645 183
643 184
644 185
646 186
645 187
645 188
647 189
645 190
644 191
642 192
640 193
640 194
643 195
644 196
642 197
642 198
642 199
642 200
639 201
641 202
640 203
640 204
639 205
637 206
637 207
641 208
639 209
638 210
639 211
639 212
638 213
637 214
638 215
639 216
638 217
637 218
637 219
637 220
637 221
637 222
637 223
639 224
637 225
637 226
637 227
637 228
637 229
637 230
638 231
639 232
638 233
637 234
637 235
637 236
636 237
636 238
636 239
635 240
636 241
637 242
637 243
636 244
632 245
631 246
633 247
633 248
636 249
630 250
624 251
625 252
632 253
634 254
634 255
633 256
634 257
628 258
625 259
630 260
629 261
626 262
625 263
625 264
630 265
629 266
630 267
629 268
628 269
626 270
624 271
623 272
629 273
628 274
626 275
621 276
614 277
616 278
604 279
609 280
616 281
613 282
609 283
609 284
607 285
605 286
597 287
606 288
605 289
597 290
587 291
591 292
595 293
594 294
589 295
582 296
591 297
587 298
588 299
583 300
578 301
584 302
590 303
587 304
581 305
577 306
579 307
585 308
574 309
580 310
562 311
561 312
561 313
559 314
556 315
562 316
563 317
560 318
554 319
570 320
547 321
526 322
539 323
547 324
551 325
546 326
545 327
538 328
542 329
541 330
544 331
539 332
530 333
518 334
528 335
528 336
521 337
496 338
497 339
516 340
525 341
513 342
511 343
518 344
511 345
520 346
510 347
503 348
507 349
515 350
516 351
520 352
520 353
519 354
521 355
520 356
516 357
513 358
524 359
531 360
515 361
508 362
512 363
525 364
526 365
525 366
529 367
519 368
515 369
514 370
532 371
538 372
545 373
541 374
539 375
544 376
535 377
516 378
513 379
521 380
526 381
506 382
499 383
532 384
527 385
525 386
519 387
519 388
503 389
487 390
474 391
494 392
494 393
505 394
486 395
489 396
503 397
491 398
497 399
506 400
509 401
520 402
521 403
504 404
486 405
490 406
500 407
517 408
501 409
494 410
480 411
477 412
494 413
506 414
514 415
522 416
507 417
496 418
489 419
493 420
498 421
508 422
508 423
524 424
514 425
506 426
512 427
510 428
524 429
531 430
527 431
506 432
482 433
503 434
512 435
532 436
539 437
526 438
536 439
549 440
543 441
546 442
553 443
542 444
539 445
537 446
541 447
548 448
541 449
561 450
555 451
549 452
552 453
556 454
579 455
577 456
562 457
567 458
574 459
568 460
567 461
574 462
591 463
595 464
584 465
583 466
592 467
599 468
608 469
628 470
645 471
647 472
651 473
659 474
660 475
663 476
663 477
659 478
666 479
677 480
673 481
672 482
670 483
673 484
669 485
660 486
663 487
664 488
663 489
669 490
672 491
668 492
672 493
669 494
675 495
678 496
672 497
680 498
682 499
685 500
683 501
677 502
681 503
677 504
675 505
685 506
690 507
688 508
692 509
687 510
692 511
689 512
690 513
687 514
695 515
698 516
700 517
688 518
689 519
703 520
697 521
697 522
696 523
695 524
693 525
689 526
676 527
687 528
695 529
700 530
696 531
697 532
693 533
679 534
674 535
680 536
691 537
696 538
689 539
689 540
689 541
695 542
702 543
688 544
694 545
692 546
683 547
679 548
684 549
690 550
697 551
699 552
697 553
687 554
690 555
681 556
681 557
682 558
686 559
699 560
692 561
692 562
686 563
675 564
672 565
674 566
670 567
667 568
660 569
666 570
670 571
669 572
659 573
659 574
666 575
654 576
655 577
653 578
648 579
646 580
644 581
644 582
642 583
645 584
641 585
640 586
639 587
639 588
639 589
639 590
639 591
639 592
639 593
639 594
639 595
639 596
639 597
639 598
639 599
639 600
639 601
639 602
639 603
639 604
639 605
639 606
639 607
639 608
639 609
639 610
639 611
639 612
639 613
639 614
639 615
639 616
639 617
639 618
639 619
639 620
639 621
639 622
639 623
639 624
639 625
639 626
639 627
639 628
639 629
639 630
639 631
639 632
639 633
639 634
639 635
639 636
639 637
639 638
639 639
639 640
639 641
639 642
639 643
639 644
639 645
639 646
639 647
639 648
639 649
639 650
639 651
639 652
639 653
639 654
639 655
639 656
639 657
639 658
639 659
639 660
639 661
639 662
639 663
639 664
639 665
639 666
639 667
639 668
639 669
639 670
639 671
639 672
639 673
639 674
639 675
639 676
639 677
639 678
639 679
639 680
639 681
639 682
639 683
639 684
639 685
639 686
639 687
639 688
639 689
639 690
639 691
639 692
639 693
639 694
639 695
639 696
639 697
639 698
639 699
639 700
639 701
639 702
639 703
639 704
639 705
639 706
639 707
639 708
639 709
639 710
639 711
639 712
639 713
639 714
639 715
639 716
639 717
639 718
639 719
