643 0
643 1
643 2
643 3
644 4
644 5
646 6
647 7
646 8
646 9
644 10
647 11
647 12
648 13
646 14
646 15
646 16
646 17
646 18
648 19
649 20
649 21
647 22
648 23
649 24
648 25
650 26
648 27
647 28
648 29
646 30
648 31
647 32
646 33
647 34
648 35
648 36
647 37
650 38
654 39
652 40
652 41
652 42
651 43
651 44
652 45
653 46
653 47
655 48
653 49
653 50
653 51
652 52
654 53
653 54
658 55
658 56
655 57
655 58
656 59
654 60
652 61
655 62
653 63
655 64
653 65
651 66
652 67
646 68
637 69
640 70
643 71
647 72
648 73
638 74
632 75
632 76
630 77
631 78
636 79
629 80
620 81
605 82
599 83
602 84
603 85
613 86
612 87
610 88
612 89
609 90
593 91
597 92
598 93
599 94
592 95
577 96
560 97
551 98
571 99
572 100
549 101
540 102
549 103
550 104
552 105
560 106
550 107
526 108
542 109
552 110
559 111
540 112
549 113
553 114
536 115
524 116
520 117
510 118
519 119
546 120
535 121
516 122
500 123
506 124
513 125
516 126
517 127
531 128
521 129
491 130
464 131
458 132
475 133
474 134
479 135
480 136
459 137
461 138
463 139
449 140
436 141
437 142
453 143
461 144
430 145
419 146
431 147
439 148
439 149
417 150
423 151
454 152
431 153
422 154
416 155
414 156
431 157
427 158
437 159
467 160
449 161
452 162
459 163
457 164
433 165
408 166
423 167
433 168
416 169
436 170
427 171
429 172
444 173
439 174
458 175
469 176
445 177
443 178
440 179
427 180
426 181
430 182
440 183
437 184
445 185
452 186
442 187
430 188
431 189
440 190
457 191
425 192
409 193
411 194
410 195
430 196
432 197
436 198
443 199
457 200
429 201
426 202
433 203
437 204
434 205
430 206
431 207
430 208
409 209
416 210
417 211
413 212
419 213
406 214
411 215
418 216
400 217
407 218
419 219
403 220
403 221
408 222
426 223
409 224
404 225
407 226
421 227
431 228
414 229
394 230
407 231
418 232
402 233
405 234
403 235
418 236
421 237
437 238
468 239
448 240
437 241
435 242
407 243
407 244
428 245
434 246
459 247
475 248
437 249
439 250
433 251
447 252
461 253
449 254
450 255
459 256
423 257
425 258
452 259
467 260
477 261
454 262
458 263
472 264
448 265
462 266
475 267
458 268
456 269
468 270
505 271
490 272
482 273
511 274
531 275
537 276
519 277
507 278
524 279
527 280
516 281
524 282
525 283
538 284
536 285
523 286
540 287
548 288
552 289
551 290
551 291
569 292
570 293
576 294
583 295
597 296
609 297
614 298
630 299
652 300
650 301
650 302
651 303
660 304
658 305
658 306
652 307
655 308
662 309
665 310
666 311
662 312
664 313
682 314
689 315
674 316
664 317
678 318
696 319
686 320
685 321
679 322
686 323
685 324
676 325
675 326
690 327
698 328
692 329
686 330
682 331
686 332
684 333
683 334
683 335
686 336
684 337
679 338
681 339
680 340
685 341
694 342
699 343
694 344
688 345
692 346
704 347
706 348
710 349
709 350
704 351
715 352
708 353
710 354
708 355
707 356
703 357
707 358
717 359
711 360
701 361
702 362
715 363
721 364
706 365
699 366
701 367
704 368
704 369
702 370
711 371
715 372
709 373
706 374
708 375
709 376
721 377
718 378
717 379
711 380
709 381
717 382
715 383
718 384
709 385
704 386
704 387
710 388
705 389
714 390
717 391
689 392
694 393
700 394
690 395
693 396
691 397
682 398
677 399
672 400
668 401
667 402
663 403
658 404
661 405
658 406
656 407
647 408
646 409
650 410
650 411
649 412
644 413
640 414
640 415
640 416
639 417
639 418
640 419
639 420
639 421
640 422
640 423
639 424
640 425
639 426
639 427
639 428
639 429
639 430
639 431
639 432
639 433
639 434
639 435
639 436
639 437
639 438
639 439
639 440
639 441
639 442
639 443
639 444
639 445
639 446
639 447
639 448
639 449
639 450
639 451
639 452
639 453
639 454
639 455
639 456
639 457
639 458
639 459
639 460
639 461
639 462
639 463
639 464
639 465
639 466
639 467
639 468
639 469
639 470
639 471
639 472
639 473
639 474
639 475
639 476
639 477
639 478
639 479
639 480
639 481
639 482
639 483
639 484
639 485
639 486
639 487
639 488
639 489
639 490
639 491
639 492
639 493
639 494
639 495
639 496
639 497
639 498
639 499
639 500
639 501
639 502
639 503
639 504
639 505
639 506
639 507
639 508
639 509
639 510
639 511
639 512
639 513
639 514
639 515
639 516
639 517
639 518
639 519
639 520
639 521
639 522
639 523
639 524
639 525
639 526
639 527
639 528
639 529
639 530
639 531
639 532
639 533
639 534
639 535
639 536
639 537
639 538
639 539
639 540
639 541
639 542
639 543
639 544
639 545
639 546
639 547
639 548
639 549
639 550
639 551
639 552
639 553
639 554
639 555
639 556
639 557
639 558
639 559
639 560
639 561
639 562
639 563
639 564
639 565
639 566
639 567
639 568
639 569
639 570
639 571
639 572
639 573
639 574
639 575
639 576
639 577
639 578
639 579
639 580
639 581
639 582
639 583
639 584
639 585
639 586
639 587
639 588
639 589
639 590
639 591
639 592
639 593
639 594
641 595
641 596
640 597
639 598
642 599
641 600
641 601
642 602
642 603
642 604
640 605
639 606
639 607
643 608
640 609
640 610
642 611
642 612
641 613
643 614
643 615
645 616
642 617
642 618
642 619
641 620
641 621
643 622
647 623
642 624
640 625
640 626
642 627
643 628
644 629
641 630
644 631
641 632
640 633
641 634
643 635
641 636
642 637
642 638
644 639
644 640
642 641
644 642
643 643
641 644
641 645
642 646
645 647
645 648
643 649
643 650
643 651
642 652
641 653
640 654
642 655
644 656
643 657
644 658
641 659
641 660
642 661
642 662
641 663
646 664
642 665
642 666
640 667
639 668
642 669
641 670
641 671
639 672
641 673
640 674
642 675
642 676
642 677
643 678
641 679
641 680
641 681
641 682
642 683
644 684
644 685
645 686
646 687
642 688
642 689
644 690
643 691
644 692
641 693
643 694
644 695
646 696
642 697
642 698
643 699
641 700
641 701
643 702
643 703
644 704
645 705
643 706
642 707
642 708
642 709
644 710
645 711
641 712
641 713
641 714
644 715
643 716
643 717
642 718
644 719
