641 0
642 1
642 2
642 3
640 4
641 5
643 6
644 7
640 8
640 9
639 10
640 11
640 12
641 13
640 14
640 15
642 16
641 17
640 18
641 19
639 20
640 21
641 22
641 23
641 24
639 25
641 26
640 27
639 28
640 29
639 30
643 31
641 32
639 33
640 34
641 35
640 36
640 37
640 38
641 39
641 40
640 41
639 42
639 43
639 44
639 45
639 46
639 47
640 48
640 49
639 50
639 51
640 52
639 53
639 54
639 55
639 56
639 57
639 58
639 59
639 60
639 61
639 62
639 63
639 64
639 65
639 66
639 67
639 68
639 69
639 70
639 71
639 72
639 73
639 74
639 75
639 76
639 77
639 78
639 79
639 80
639 81
639 82
639 83
639 84
639 85
639 86
639 87
639 88
639 89
639 90
639 91
639 92
639 93
639 94
639 95
639 96
639 97
639 98
639 99
639 100
639 101
639 102
639 103
639 104
639 105
639 106
639 107
639 108
639 109
639 110
639 111
639 112
639 113
639 114
639 115
639 116
639 117
639 118
639 119
639 120
639 121
639 122
639 123
639 124
639 125
639 126
639 127
639 128
639 129
639 130
639 131
639 132
639 133
639 134
639 135
639 136
639 137
639 138
639 139
639 140
639 141
639 142
639 143
639 144
639 145
639 146
639 147
639 148
639 149
639 150
639 151
639 152
639 153
639 154
639 155
639 156
639 157
639 158
639 159
639 160
639 161
639 162
639 163
639 164
639 165
639 166
639 167
639 168
639 169
639 170
639 171
639 172
639 173
639 174
639 175
639 176
639 177
639 178
639 179
639 180
639 181
639 182
639 183
639 184
639 185
639 186
639 187
639 188
639 189
639 190
639 191
639 192
639 193
639 194
639 195
639 196
639 197
639 198
639 199
639 200
639 201
639 202
639 203
639 204
639 205
639 206
639 207
639 208
639 209
639 210
639 211
639 212
639 213
639 214
640 215
639 216
639 217
639 218
639 219
639 220
639 221
639 222
639 223
639 224
640 225
640 226
640 227
639 228
640 229
640 230
641 231
641 232
641 233
641 234
641 235
641 236
640 237
640 238
640 239
642 240
642 241
641 242
641 243
642 244
642 245
639 246
639 247
640 248
640 249
643 250
644 251
643 252
644 253
641 254
642 255
643 256
642 257
642 258
644 259
643 260
641 261
642 262
637 263
638 264
642 265
642 266
643 267
642 268
640 269
643 270
640 271
643 272
642 273
639 274
640 275
641 276
639 277
639 278
632 279
639 280
641 281
640 282
638 283
639 284
638 285
640 286
633 287
636 288
642 289
641 290
636 291
639 292
641 293
643 294
637 295
637 296
644 297
639 298
639 299
644 300
636 301
638 302
636 303
630 304
626 305
622 306
628 307
632 308
633 309
632 310
623 311
624 312
629 313
629 314
620 315
618 316
620 317
619 318
612 319
616 320
619 321
621 322
622 323
618 324
618 325
615 326
600 327
595 328
603 329
611 330
611 331
604 332
609 333
605 334
593 335
601 336
603 337
601 338
606 339
606 340
602 341
607 342
597 343
599 344
602 345
602 346
602 347
592 348
585 349
591 350
595 351
605 352
610 353
595 354
585 355
586 356
592 357
593 358
590 359
588 360
588 361
585 362
591 363
598 364
593 365
592 366
584 367
585 368
587 369
583 370
588 371
584 372
579 373
578 374
579 375
570 376
586 377
582 378
583 379
589 380
591 381
580 382
570 383
562 384
559 385
581 386
590 387
590 388
567 389
552 390
546 391
572 392
577 393
572 394
562 395
549 396
550 397
550 398
549 399
560 400
564 401
564 402
528 403
517 404
536 405
540 406
558 407
567 408
559 409
559 410
555 411
560 412
570 413
560 414
556 415
565 416
561 417
551 418
555 419
556 420
559 421
558 422
557 423
552 424
554 425
550 426
544 427
547 428
553 429
553 430
548 431
566 432
554 433
561 434
569 435
568 436
561 437
557 438
560 439
564 440
567 441
568 442
575 443
584 444
575 445
573 446
568 447
576 448
583 449
576 450
576 451
577 452
574 453
572 454
580 455
583 456
591 457
595 458
594 459
588 460
590 461
602 462
602 463
615 464
604 465
600 466
597 467
608 468
614 469
626 470
628 471
627 472
626 473
633 474
631 475
631 476
634 477
634 478
640 479
633 480
638 481
637 482
638 483
642 484
637 485
642 486
654 487
645 488
635 489
637 490
636 491
640 492
642 493
649 494
654 495
654 496
649 497
646 498
648 499
649 500
653 501
651 502
653 503
647 504
644 505
648 506
645 507
652 508
662 509
671 510
666 511
663 512
658 513
658 514
654 515
653 516
663 517
660 518
662 519
661 520
657 521
657 522
659 523
661 524
658 525
653 526
651 527
652 528
657 529
664 530
669 531
662 532
662 533
659 534
662 535
675 536
673 537
672 538
669 539
662 540
664 541
670 542
675 543
664 544
666 545
674 546
675 547
666 548
662 549
665 550
671 551
666 552
661 553
664 554
671 555
675 556
674 557
675 558
671 559
665 560
660 561
660 562
664 563
663 564
660 565
663 566
662 567
657 568
651 569
651 570
649 571
652 572
649 573
644 574
643 575
646 576
643 577
643 578
642 579
642 580
642 581
642 582
644 583
643 584
640 585
640 586
641 587
640 588
639 589
639 590
640 591
640 592
640 593
640 594
640 595
640 596
640 597
640 598
640 599
640 600
640 601
640 602
640 603
640 604
640 605
640 606
640 607
641 608
641 609
640 610
640 611
640 612
640 613
640 614
640 615
640 616
640 617
640 618
640 619
639 620
639 621
640 622
640 623
640 624
640 625
640 626
640 627
641 628
641 629
641 630
640 631
641 632
640 633
640 634
640 635
640 636
640 637
640 638
640 639
639 640
639 641
639 642
639 643
639 644
639 645
639 646
639 647
639 648
639 649
639 650
639 651
639 652
639 653
639 654
639 655
639 656
639 657
639 658
639 659
639 660
639 661
639 662
639 663
639 664
639 665
639 666
639 667
639 668
639 669
639 670
639 671
639 672
639 673
639 674
639 675
639 676
639 677
639 678
639 679
639 680
639 681
639 682
639 683
639 684
640 685
640 686
639 687
639 688
639 689
639 690
640 691
640 692
640 693
639 694
639 695
640 696
639 697
640 698
640 699
640 700
640 701
640 702
640 703
640 704
640 705
640 706
640 707
640 708
640 709
641 710
640 711
640 712
640 713
640 714
640 715
640 716
640 717
641 718
640 719
