639 0
639 1
639 2
639 3
639 4
639 5
639 6
639 7
639 8
639 9
639 10
639 11
639 12
639 13
639 14
639 15
639 16
639 17
639 18
640 19
640 20
640 21
640 22
640 23
640 24
641 25
641 26
640 27
640 28
640 29
640 30
640 31
641 32
641 33
640 34
640 35
640 36
640 37
640 38
640 39
641 40
641 41
641 42
641 43
641 44
641 45
641 46
642 47
641 48
642 49
641 50
639 51
639 52
639 53
638 54
636 55
634 56
633 57
631 58
632 59
626 60
621 61
622 62
625 63
621 64
622 65
620 66
606 67
598 68
602 69
600 70
602 71
598 72
596 73
588 74
585 75
576 76
571 77
572 78
568 79
560 80
550 81
545 82
540 83
535 84
535 85
531 86
533 87
526 88
514 89
502 90
506 91
508 92
503 93
497 94
498 95
463 96
447 97
433 98
442 99
445 100
429 101
427 102
435 103
440 104
428 105
418 106
421 107
425 108
403 109
399 110
408 111
397 112
394 113
399 114
398 115
392 116
391 117
381 118
397 119
401 120
384 121
387 122
373 123
353 124
350 125
351 126
361 127
366 128
355 129
347 130
328 131
322 132
319 133
321 134
329 135
319 136
307 137
294 138
285 139
274 140
268 141
241 142
228 143
221 144
215 145
224 146
210 147
206 148
207 149
189 150
197 151
205 152
204 153
206 154
186 155
184 156
200 157
198 158
215 159
200 160
188 161
193 162
195 163
200 164
192 165
196 166
202 167
196 168
192 169
197 170
190 171
191 172
189 173
184 174
206 175
208 176
193 177
198 178
188 179
176 180
163 181
174 182
202 183
191 184
175 185
177 186
172 187
172 188
163 189
169 190
173 191
167 192
150 193
150 194
152 195
156 196
176 197
169 198
199 199
198 200
179 201
202 202
181 203
176 204
175 205
193 206
207 207
206 208
199 209
208 210
203 211
214 212
233 213
242 214
257 215
267 216
260 217
260 218
255 219
262 220
270 221
289 222
283 223
275 224
270 225
277 226
279 227
289 228
289 229
305 230
297 231
303 232
306 233
295 234
303 235
313 236
322 237
313 238
300 239
296 240
301 241
304 242
303 243
299 244
296 245
296 246
304 247
300 248
303 249
300 250
304 251
297 252
307 253
307 254
302 255
296 256
305 257
309 258
316 259
304 260
297 261
305 262
317 263
316 264
301 265
305 266
308 267
313 268
328 269
347 270
360 271
376 272
388 273
398 274
411 275
424 276
425 277
432 278
436 279
447 280
453 281
459 282
458 283
462 284
467 285
469 286
479 287
477 288
487 289
499 290
507 291
515 292
519 293
522 294
531 295
544 296
543 297
564 298
620 299
664 300
674 301
682 302
680 303
683 304
694 305
700 306
696 307
693 308
696 309
691 310
695 311
705 312
704 313
699 314
690 315
691 316
690 317
696 318
708 319
708 320
702 321
701 322
713 323
712 324
714 325
713 326
714 327
706 328
706 329
704 330
705 331
714 332
709 333
698 334
705 335
696 336
697 337
694 338
689 339
691 340
691 341
690 342
694 343
690 344
682 345
684 346
685 347
681 348
680 349
679 350
682 351
693 352
695 353
693 354
695 355
695 356
695 357
691 358
698 359
691 360
692 361
698 362
705 363
702 364
700 365
693 366
701 367
707 368
706 369
713 370
711 371
709 372
704 373
702 374
691 375
693 376
697 377
690 378
690 379
691 380
694 381
701 382
706 383
708 384
703 385
699 386
703 387
700 388
698 389
702 390
709 391
707 392
706 393
711 394
721 395
717 396
708 397
704 398
705 399
702 400
700 401
692 402
698 403
699 404
690 405
688 406
685 407
682 408
676 409
672 410
667 411
663 412
656 413
652 414
646 415
646 416
648 417
648 418
649 419
649 420
648 421
647 422
648 423
649 424
648 425
648 426
647 427
643 428
642 429
643 430
647 431
645 432
641 433
640 434
640 435
640 436
639 437
639 438
640 439
642 440
641 441
640 442
639 443
639 444
640 445
639 446
640 447
642 448
640 449
639 450
639 451
641 452
642 453
640 454
643 455
639 456
639 457
639 458
641 459
642 460
643 461
642 462
642 463
642 464
641 465
640 466
642 467
644 468
645 469
646 470
642 471
644 472
640 473
638 474
639 475
640 476
640 477
642 478
641 479
642 480
641 481
642 482
641 483
641 484
641 485
640 486
644 487
641 488
641 489
643 490
642 491
640 492
639 493
639 494
639 495
641 496
640 497
639 498
639 499
638 500
637 501
639 502
640 503
639 504
639 505
638 506
638 507
638 508
638 509
638 510
639 511
639 512
638 513
638 514
639 515
638 516
639 517
640 518
638 519
638 520
638 521
638 522
639 523
639 524
638 525
638 526
639 527
639 528
639 529
639 530
640 531
641 532
639 533
640 534
642 535
645 536
643 537
642 538
642 539
642 540
641 541
642 542
642 543
641 544
641 545
642 546
640 547
640 548
640 549
641 550
641 551
641 552
640 553
640 554
640 555
639 556
639 557
640 558
640 559
639 560
639 561
639 562
639 563
639 564
639 565
640 566
641 567
639 568
639 569
639 570
639 571
639 572
639 573
640 574
640 575
640 576
640 577
640 578
639 579
639 580
639 581
640 582
640 583
640 584
640 585
640 586
640 587
640 588
639 589
639 590
640 591
639 592
639 593
640 594
640 595
640 596
639 597
639 598
640 599
640 600
640 601
640 602
640 603
640 604
640 605
640 606
640 607
640 608
640 609
640 610
640 611
639 612
640 613
640 614
640 615
640 616
640 617
640 618
640 619
641 620
640 621
640 622
640 623
640 624
640 625
640 626
640 627
641 628
640 629
641 630
641 631
640 632
641 633
641 634
641 635
641 636
641 637
641 638
641 639
641 640
641 641
641 642
641 643
641 644
641 645
641 646
641 647
641 648
641 649
643 650
642 651
641 652
641 653
641 654
641 655
641 656
641 657
641 658
641 659
641 660
640 661
640 662
640 663
640 664
640 665
640 666
641 667
641 668
640 669
639 670
640 671
643 672
640 673
641 674
641 675
639 676
640 677
639 678
639 679
639 680
639 681
639 682
640 683
639 684
641 685
639 686
640 687
640 688
639 689
639 690
641 691
640 692
638 693
639 694
639 695
640 696
640 697
640 698
639 699
641 700
642 701
640 702
640 703
642 704
641 705
641 706
640 707
640 708
640 709
641 710
642 711
645 712
641 713
640 714
641 715
641 716
643 717
641 718
640 719
