642 0
642 1
644 2
645 3
643 4
641 5
642 6
645 7
642 8
641 9
644 10
642 11
641 12
642 13
644 14
644 15
644 16
643 17
641 18
642 19
640 20
641 21
641 22
642 23
644 24
641 25
642 26
642 27
642 28
642 29
641 30
642 31
642 32
643 33
645 34
643 35
643 36
642 37
642 38
642 39
643 40
641 41
644 42
644 43
642 44
640 45
640 46
644 47
644 48
644 49
642 50
640 51
641 52
645 53
649 54
652 55
648 56
644 57
646 58
649 59
652 60
651 61
647 62
647 63
644 64
640 65
642 66
644 67
641 68
646 69
641 70
640 71
640 72
639 73
639 74
639 75
639 76
639 77
639 78
639 79
639 80
639 81
639 82
639 83
639 84
639 85
639 86
639 87
640 88
639 89
639 90
639 91
639 92
639 93
639 94
639 95
640 96
640 97
640 98
639 99
639 100
639 101
640 102
642 103
641 104
640 105
639 106
640 107
641 108
641 109
641 110
641 111
641 112
640 113
640 114
640 115
640 116
640 117
640 118
642 119
640 120
640 121
641 122
641 123
642 124
643 125
642 126
644 127
643 128
642 129
642 130
643 131
643 132
641 133
642 134
642 135
642 136
641 137
641 138
641 139
641 140
640 141
640 142
641 143
641 144
640 145
640 146
640 147
641 148
640 149
641 150
641 151
641 152
640 153
640 154
640 155
641 156
642 157
641 158
641 159
643 160
641 161
642 162
641 163
641 164
642 165
641 166
642 167
642 168
642 169
643 170
643 171
643 172
644 173
643 174
643 175
642 176
642 177
642 178
643 179
644 180
643 181
642 182
642 183
643 184
642 185
643 186
644 187
644 188
644 189
644 190
645 191
643 192
643 193
645 194
643 195
643 196
642 197
642 198
645 199
644 200
645 201
645 202
646 203
646 204
646 205
644 206
644 207
644 208
644 209
645 210
645 211
643 212
643 213
643 214
645 215
646 216
644 217
646 218
647 219
645 220
646 221
645 222
646 223
644 224
643 225
643 226
644 227
643 228
642 229
643 230
643 231
643 232
641 233
641 234
639 235
640 236
640 237
637 238
635 239
636 240
637 241
636 242
637 243
634 244
632 245
630 246
628 247
626 248
631 249
628 250
619 251
621 252
626 253
627 254
621 255
619 256
619 257
614 258
618 259
622 260
624 261
616 262
608 263
599 264
600 265
597 266
611 267
614 268
602 269
601 270
592 271
584 272
587 273
591 274
597 275
597 276
592 277
577 278
564 279
562 280
558 281
560 282
565 283
559 284
550 285
552 286
547 287
560 288
573 289
567 290
547 291
540 292
553 293
551 294
540 295
549 296
553 297
545 298
538 299
534 300
532 301
543 302
549 303
544 304
522 305
502 306
499 307
494 308
491 309
471 310
478 311
477 312
467 313
470 314
470 315
468 316
470 317
465 318
479 319
471 320
458 321
450 322
451 323
462 324
464 325
458 326
466 327
439 328
432 329
444 330
444 331
440 332
437 333
429 334
447 335
450 336
438 337
431 338
439 339
428 340
433 341
428 342
441 343
453 344
452 345
462 346
468 347
442 348
422 349
428 350
461 351
450 352
412 353
397 354
394 355
401 356
409 357
425 358
446 359
442 360
429 361
441 362
417 363
407 364
412 365
413 366
426 367
415 368
387 369
396 370
394 371
408 372
437 373
417 374
415 375
429 376
388 377
389 378
406 379
410 380
407 381
413 382
416 383
411 384
405 385
422 386
440 387
439 388
422 389
432 390
458 391
439 392
430 393
442 394
449 395
440 396
449 397
434 398
436 399
450 400
448 401
454 402
447 403
437 404
446 405
446 406
462 407
454 408
425 409
426 410
436 411
432 412
432 413
433 414
449 415
466 416
440 417
420 418
404 419
406 420
438 421
435 422
451 423
451 424
427 425
418 426
416 427
438 428
471 429
461 430
456 431
450 432
437 433
454 434
468 435
473 436
474 437
490 438
488 439
491 440
484 441
474 442
494 443
530 444
521 445
518 446
537 447
530 448
536 449
543 450
554 451
555 452
552 453
542 454
555 455
559 456
552 457
550 458
549 459
540 460
552 461
583 462
594 463
581 464
579 465
584 466
598 467
592 468
618 469
647 470
650 471
671 472
661 473
674 474
685 475
675 476
677 477
700 478
700 479
702 480
710 481
712 482
709 483
704 484
704 485
706 486
710 487
700 488
706 489
705 490
705 491
706 492
713 493
714 494
708 495
715 496
717 497
716 498
715 499
711 500
724 501
729 502
725 503
725 504
732 505
726 506
720 507
728 508
729 509
731 510
722 511
716 512
731 513
725 514
724 515
734 516
740 517
737 518
735 519
728 520
735 521
740 522
741 523
744 524
735 525
733 526
723 527
728 528
733 529
739 530
741 531
740 532
738 533
737 534
718 535
719 536
738 537
738 538
734 539
728 540
736 541
738 542
736 543
733 544
734 545
735 546
736 547
743 548
740 549
745 550
741 551
742 552
736 553
732 554
739 555
738 556
741 557
737 558
740 559
733 560
738 561
739 562
737 563
731 564
724 565
720 566
719 567
704 568
705 569
702 570
703 571
697 572
689 573
685 574
683 575
674 576
675 577
673 578
665 579
664 580
662 581
655 582
652 583
650 584
646 585
642 586
639 587
639 588
639 589
639 590
640 591
639 592
639 593
639 594
640 595
640 596
639 597
639 598
639 599
639 600
639 601
639 602
639 603
639 604
639 605
639 606
639 607
639 608
639 609
639 610
639 611
639 612
639 613
639 614
639 615
639 616
639 617
639 618
639 619
639 620
639 621
639 622
639 623
639 624
639 625
639 626
639 627
639 628
639 629
639 630
639 631
639 632
639 633
639 634
639 635
639 636
639 637
639 638
639 639
639 640
639 641
639 642
639 643
639 644
639 645
639 646
639 647
639 648
639 649
639 650
639 651
639 652
639 653
639 654
639 655
639 656
639 657
639 658
639 659
639 660
639 661
639 662
639 663
639 664
639 665
639 666
639 667
639 668
639 669
639 670
639 671
639 672
639 673
639 674
639 675
639 676
639 677
639 678
639 679
639 680
639 681
639 682
639 683
639 684
639 685
639 686
639 687
639 688
639 689
639 690
639 691
639 692
639 693
639 694
639 695
639 696
639 697
639 698
639 699
639 700
639 701
639 702
639 703
639 704
639 705
639 706
639 707
639 708
639 709
639 710
639 711
639 712
639 713
639 714
639 715
639 716
639 717
639 718
639 719
