640 0
640 1
640 2
639 3
639 4
639 5
639 6
639 7
639 8
639 9
639 10
639 11
639 12
639 13
639 14
639 15
639 16
639 17
640 18
639 19
639 20
639 21
639 22
640 23
639 24
639 25
639 26
639 27
640 28
639 29
639 30
640 31
640 32
639 33
639 34
639 35
640 36
640 37
639 38
639 39
640 40
639 41
640 42
640 43
639 44
640 45
639 46
641 47
640 48
639 49
639 50
640 51
641 52
640 53
640 54
640 55
640 56
641 57
643 58
642 59
639 60
641 61
641 62
640 63
642 64
641 65
638 66
635 67
640 68
641 69
638 70
636 71
637 72
637 73
636 74
634 75
638 76
636 77
632 78
629 79
625 80
627 81
623 82
622 83
630 84
631 85
639 86
635 87
626 88
636 89
634 90
640 91
638 92
633 93
630 94
627 95
628 96
631 97
626 98
631 99
634 100
635 101
634 102
619 103
620 104
624 105
623 106
623 107
626 108
628 109
625 110
614 111
618 112
619 113
614 114
608 115
615 116
607 117
603 118
605 119
603 120
603 121
603 122
618 123
612 124
599 125
604 126
609 127
609 128
602 129
603 130
600 131
602 132
603 133
599 134
592 135
600 136
602 137
597 138
593 139
586 140
586 141
585 142
585 143
577 144
581 145
585 146
582 147
579 148
581 149
577 150
573 151
561 152
567 153
573 154
578 155
570 156
570 157
573 158
574 159
563 160
566 161
576 162
582 163
583 164
568 165
561 166
560 167
574 168
569 169
573 170
574 171
581 172
587 173
592 174
583 175
586 176
585 177
576 178
567 179
569 180
565 181
551 182
555 183
546 184
547 185
546 186
531 187
537 188
550 189
534 190
533 191
527 192
527 193
534 194
532 195
517 196
524 197
528 198
533 199
525 200
508 201
512 202
512 203
525 204
525 205
517 206
516 207
512 208
506 209
516 210
531 211
524 212
511 213
498 214
501 215
487 216
492 217
507 218
508 219
507 220
494 221
498 222
514 223
497 224
492 225
504 226
499 227
496 228
506 229
496 230
500 231
504 232
501 233
523 234
529 235
517 236
497 237
483 238
515 239
521 240
514 241
502 242
502 243
506 244
506 245
511 246
519 247
519 248
503 249
498 250
507 251
506 252
504 253
514 254
523 255
521 256
510 257
496 258
506 259
517 260
526 261
530 262
521 263
522 264
509 265
512 266
521 267
527 268
535 269
532 270
530 271
520 272
516 273
524 274
533 275
533 276
539 277
528 278
534 279
542 280
551 281
565 282
553 283
555 284
561 285
567 286
573 287
571 288
574 289
585 290
581 291
581 292
576 293
586 294
597 295
601 296
610 297
613 298
647 299
653 300
656 301
651 302
647 303
662 304
664 305
667 306
669 307
663 308
660 309
657 310
665 311
671 312
673 313
669 314
659 315
664 316
663 317
670 318
677 319
672 320
675 321
677 322
669 323
667 324
668 325
679 326
676 327
680 328
674 329
667 330
672 331
678 332
683 333
680 334
676 335
674 336
674 337
676 338
681 339
685 340
682 341
673 342
680 343
680 344
668 345
660 346
667 347
679 348
688 349
691 350
684 351
671 352
675 353
686 354
688 355
684 356
682 357
678 358
676 359
677 360
676 361
676 362
692 363
690 364
682 365
682 366
688 367
689 368
687 369
676 370
678 371
682 372
681 373
682 374
689 375
696 376
704 377
708 378
689 379
677 380
683 381
685 382
687 383
687 384
687 385
684 386
680 387
688 388
678 389
684 390
696 391
682 392
695 393
687 394
678 395
682 396
682 397
684 398
673 399
676 400
673 401
669 402
667 403
657 404
657 405
660 406
658 407
651 408
647 409
647 410
644 411
646 412
640 413
640 414
640 415
639 416
639 417
639 418
639 419
639 420
639 421
639 422
639 423
639 424
639 425
639 426
639 427
639 428
639 429
639 430
639 431
639 432
639 433
639 434
639 435
639 436
639 437
639 438
639 439
640 440
639 441
639 442
639 443
639 444
639 445
639 446
639 447
639 448
639 449
639 450
639 451
640 452
640 453
639 454
640 455
639 456
639 457
639 458
640 459
640 460
640 461
639 462
640 463
640 464
640 465
639 466
640 467
640 468
639 469
639 470
639 471
639 472
639 473
639 474
639 475
640 476
639 477
639 478
640 479
639 480
639 481
639 482
639 483
641 484
640 485
639 486
639 487
640 488
639 489
640 490
640 491
639 492
639 493
639 494
639 495
639 496
639 497
639 498
639 499
639 500
639 501
639 502
639 503
639 504
639 505
639 506
639 507
639 508
639 509
639 510
639 511
639 512
639 513
639 514
639 515
639 516
639 517
639 518
640 519
640 520
640 521
640 522
639 523
640 524
640 525
640 526
640 527
639 528
639 529
639 530
639 531
639 532
639 533
639 534
639 535
639 536
639 537
639 538
639 539
639 540
639 541
639 542
639 543
639 544
639 545
639 546
639 547
639 548
639 549
639 550
639 551
639 552
639 553
639 554
639 555
639 556
640 557
639 558
640 559
639 560
639 561
639 562
639 563
639 564
639 565
639 566
639 567
639 568
639 569
640 570
640 571
639 572
639 573
640 574
640 575
639 576
639 577
640 578
640 579
640 580
640 581
640 582
639 583
640 584
640 585
640 586
639 587
640 588
639 589
640 590
640 591
639 592
640 593
640 594
639 595
639 596
640 597
640 598
640 599
639 600
639 601
639 602
639 603
639 604
639 605
639 606
639 607
639 608
639 609
639 610
639 611
639 612
639 613
639 614
639 615
639 616
639 617
639 618
639 619
639 620
639 621
640 622
640 623
640 624
640 625
640 626
640 627
640 628
640 629
640 630
640 631
639 632
640 633
640 634
640 635
640 636
640 637
640 638
639 639
640 640
640 641
640 642
640 643
640 644
640 645
640 646
640 647
640 648
640 649
640 650
640 651
640 652
640 653
640 654
640 655
641 656
640 657
641 658
640 659
640 660
640 661
640 662
641 663
640 664
640 665
640 666
640 667
640 668
641 669
641 670
642 671
640 672
640 673
640 674
640 675
641 676
640 677
641 678
642 679
640 680
641 681
641 682
641 683
641 684
642 685
642 686
642 687
641 688
641 689
642 690
642 691
641 692
641 693
641 694
641 695
641 696
640 697
640 698
641 699
642 700
642 701
642 702
641 703
641 704
642 705
642 706
642 707
642 708
643 709
642 710
641 711
642 712
642 713
643 714
643 715
642 716
642 717
641 718
640 719
