699 0
698 1
719 2
734 3
738 4
739 5
748 6
745 7
738 8
735 9
736 10
746 11
756 12
749 13
742 14
738 15
738 16
738 17
734 18
740 19
745 20
739 21
729 22
726 23
725 24
726 25
732 26
727 27
724 28
721 29
724 30
718 31
716 32
716 33
705 34
706 35
693 36
689 37
693 38
696 39
686 40
693 41
695 42
682 43
676 44
678 45
678 46
681 47
677 48
683 49
681 50
675 51
677 52
681 53
679 54
668 55
671 56
658 57
661 58
666 59
672 60
669 61
667 62
663 63
655 64
653 65
655 66
651 67
654 68
650 69
649 70
644 71
642 72
640 73
640 74
640 75
640 76
640 77
639 78
640 79
641 80
640 81
640 82
640 83
640 84
640 85
640 86
641 87
642 88
641 89
642 90
643 91
642 92
640 93
640 94
642 95
644 96
644 97
645 98
645 99
646 100
649 101
652 102
654 103
655 104
655 105
653 106
653 107
653 108
657 109
659 110
658 111
659 112
660 113
659 114
661 115
659 116
659 117
659 118
663 119
663 120
658 121
658 122
657 123
659 124
659 125
655 126
658 127
655 128
654 129
658 130
659 131
660 132
661 133
660 134
659 135
663 136
661 137
665 138
672 139
672 140
672 141
672 142
668 143
670 144
673 145
671 146
673 147
673 148
673 149
677 150
679 151
679 152
682 153
679 154
680 155
676 156
677 157
681 158
680 159
686 160
682 161
682 162
683 163
681 164
681 165
679 166
682 167
685 168
682 169
680 170
683 171
685 172
687 173
686 174
684 175
677 176
678 177
676 178
678 179
684 180
681 181
675 182
672 183
673 184
677 185
674 186
672 187
671 188
676 189
682 190
680 191
682 192
687 193
689 194
687 195
686 196
680 197
679 198
682 199
677 200
681 201
680 202
685 203
687 204
683 205
682 206
682 207
694 208
694 209
689 210
688 211
686 212
692 213
699 214
704 215
707 216
698 217
691 218
690 219
688 220
693 221
691 222
681 223
692 224
681 225
678 226
682 227
688 228
683 229
679 230
678 231
674 232
675 233
673 234
677 235
677 236
679 237
677 238
680 239
670 240
668 241
667 242
668 243
667 244
667 245
667 246
672 247
656 248
657 249
657 250
660 251
655 252
657 253
653 254
651 255
648 256
651 257
651 258
650 259
646 260
645 261
642 262
641 263
627 264
633 265
627 266
618 267
619 268
620 269
616 270
610 271
597 272
608 273
610 274
611 275
606 276
602 277
587 278
582 279
580 280
576 281
568 282
566 283
563 284
554 285
555 286
553 287
572 288
561 289
552 290
552 291
538 292
529 293
534 294
555 295
550 296
551 297
562 298
545 299
544 300
541 301
556 302
565 303
547 304
553 305
530 306
507 307
501 308
506 309
512 310
508 311
513 312
506 313
502 314
505 315
503 316
491 317
506 318
509 319
508 320
493 321
490 322
509 323
508 324
493 325
480 326
486 327
486 328
485 329
490 330
493 331
479 332
466 333
462 334
471 335
470 336
470 337
470 338
459 339
451 340
444 341
438 342
439 343
454 344
456 345
459 346
459 347
455 348
463 349
465 350
469 351
483 352
452 353
445 354
456 355
458 356
463 357
473 358
490 359
483 360
468 361
466 362
469 363
471 364
471 365
463 366
473 367
474 368
446 369
448 370
435 371
435 372
444 373
463 374
472 375
483 376
469 377
484 378
492 379
480 380
472 381
464 382
476 383
465 384
481 385
491 386
489 387
483 388
480 389
472 390
469 391
480 392
474 393
462 394
462 395
459 396
463 397
452 398
477 399
465 400
457 401
459 402
478 403
470 404
456 405
455 406
471 407
479 408
480 409
488 410
496 411
488 412
472 413
481 414
489 415
479 416
468 417
462 418
465 419
483 420
476 421
462 422
476 423
460 424
458 425
459 426
464 427
470 428
467 429
462 430
490 431
480 432
450 433
445 434
475 435
489 436
494 437
498 438
503 439
504 440
487 441
496 442
508 443
511 444
514 445
523 446
527 447
541 448
538 449
547 450
534 451
536 452
541 453
544 454
557 455
563 456
557 457
565 458
567 459
572 460
568 461
577 462
595 463
582 464
597 465
612 466
614 467
615 468
618 469
625 470
645 471
682 472
690 473
699 474
694 475
695 476
686 477
689 478
690 479
693 480
702 481
702 482
701 483
696 484
686 485
689 486
690 487
695 488
697 489
702 490
703 491
702 492
695 493
699 494
702 495
694 496
710 497
714 498
713 499
703 500
707 501
705 502
710 503
707 504
705 505
690 506
693 507
701 508
695 509
706 510
710 511
709 512
712 513
710 514
707 515
710 516
711 517
714 518
710 519
715 520
713 521
713 522
711 523
714 524
714 525
702 526
691 527
706 528
715 529
713 530
708 531
711 532
713 533
712 534
709 535
708 536
714 537
717 538
713 539
711 540
715 541
717 542
714 543
722 544
713 545
711 546
710 547
708 548
707 549
711 550
713 551
713 552
711 553
712 554
714 555
715 556
717 557
723 558
725 559
723 560
726 561
725 562
726 563
727 564
727 565
725 566
732 567
722 568
722 569
719 570
718 571
708 572
707 573
705 574
697 575
693 576
683 577
679 578
676 579
674 580
672 581
665 582
659 583
657 584
652 585
647 586
644 587
641 588
641 589
639 590
641 591
639 592
639 593
640 594
641 595
639 596
639 597
639 598
639 599
639 600
639 601
639 602
639 603
639 604
639 605
639 606
639 607
639 608
639 609
639 610
639 611
639 612
639 613
639 614
639 615
640 616
639 617
640 618
639 619
639 620
639 621
640 622
640 623
640 624
639 625
640 626
640 627
640 628
640 629
640 630
640 631
641 632
640 633
641 634
641 635
641 636
641 637
641 638
641 639
640 640
641 641
641 642
641 643
641 644
641 645
641 646
641 647
641 648
641 649
641 650
641 651
641 652
641 653
641 654
641 655
641 656
641 657
641 658
641 659
641 660
641 661
641 662
641 663
641 664
641 665
641 666
641 667
641 668
641 669
640 670
641 671
641 672
641 673
641 674
640 675
640 676
640 677
640 678
640 679
640 680
640 681
640 682
640 683
641 684
641 685
640 686
640 687
640 688
640 689
640 690
640 691
640 692
640 693
640 694
640 695
640 696
640 697
640 698
640 699
640 700
640 701
639 702
639 703
639 704
640 705
640 706
639 707
640 708
640 709
640 710
641 711
640 712
640 713
641 714
641 715
640 716
642 717
641 718
640 719
