691 0
703 1
703 2
705 3
715 4
721 5
723 6
722 7
702 8
690 9
694 10
705 11
705 12
704 13
714 14
718 15
706 16
700 17
703 18
714 19
714 20
709 21
702 22
696 23
701 24
706 25
716 26
720 27
713 28
698 29
693 30
700 31
693 32
691 33
696 34
702 35
706 36
703 37
700 38
693 39
691 40
686 41
687 42
679 43
676 44
674 45
675 46
676 47
675 48
674 49
672 50
666 51
662 52
669 53
668 54
670 55
666 56
665 57
662 58
657 59
659 60
674 61
662 62
661 63
652 64
653 65
652 66
650 67
652 68
651 69
645 70
644 71
642 72
641 73
640 74
639 75
639 76
640 77
639 78
640 79
640 80
640 81
640 82
640 83
640 84
640 85
639 86
639 87
640 88
639 89
641 90
640 91
639 92
640 93
641 94
642 95
641 96
639 97
639 98
640 99
639 100
641 101
642 102
647 103
644 104
643 105
645 106
647 107
647 108
645 109
647 110
652 111
649 112
650 113
653 114
652 115
653 116
654 117
653 118
651 119
650 120
652 121
650 122
650 123
651 124
651 125
651 126
648 127
649 128
648 129
649 130
649 131
648 132
650 133
653 134
655 135
652 136
653 137
652 138
652 139
650 140
649 141
649 142
652 143
652 144
652 145
653 146
654 147
652 148
653 149
657 150
661 151
658 152
657 153
655 154
655 155
657 156
657 157
658 158
657 159
658 160
656 161
654 162
653 163
657 164
657 165
658 166
659 167
655 168
650 169
652 170
652 171
654 172
653 173
652 174
653 175
649 176
646 177
647 178
649 179
647 180
649 181
649 182
650 183
649 184
647 185
650 186
648 187
652 188
653 189
649 190
652 191
651 192
650 193
650 194
649 195
648 196
647 197
648 198
650 199
653 200
651 201
649 202
648 203
647 204
647 205
646 206
647 207
647 208
647 209
648 210
649 211
650 212
651 213
648 214
647 215
650 216
651 217
652 218
651 219
648 220
647 221
646 222
649 223
650 224
646 225
645 226
646 227
647 228
647 229
646 230
647 231
648 232
647 233
646 234
645 235
646 236
646 237
645 238
648 239
645 240
643 241
643 242
641 243
637 244
634 245
634 246
640 247
637 248
638 249
629 250
622 251
625 252
631 253
631 254
623 255
628 256
624 257
622 258
614 259
610 260
607 261
611 262
602 263
596 264
596 265
596 266
599 267
601 268
601 269
597 270
584 271
583 272
576 273
576 274
584 275
579 276
574 277
569 278
551 279
545 280
541 281
524 282
522 283
518 284
520 285
521 286
513 287
517 288
497 289
521 290
519 291
506 292
481 293
487 294
525 295
506 296
491 297
486 298
486 299
494 300
505 301
499 302
504 303
519 304
502 305
479 306
465 307
468 308
452 309
451 310
469 311
475 312
457 313
433 314
409 315
412 316
425 317
421 318
452 319
432 320
396 321
419 322
434 323
425 324
394 325
381 326
415 327
394 328
389 329
387 330
376 331
381 332
376 333
381 334
409 335
422 336
424 337
432 338
425 339
424 340
417 341
395 342
405 343
415 344
393 345
408 346
403 347
397 348
385 349
385 350
405 351
432 352
389 353
390 354
365 355
364 356
406 357
398 358
429 359
418 360
435 361
430 362
388 363
386 364
396 365
385 366
389 367
416 368
378 369
374 370
388 371
409 372
422 373
402 374
406 375
397 376
397 377
414 378
403 379
402 380
394 381
387 382
396 383
369 384
364 385
376 386
390 387
385 388
374 389
373 390
379 391
377 392
383 393
375 394
395 395
373 396
352 397
343 398
356 399
377 400
386 401
391 402
379 403
366 404
374 405
374 406
397 407
375 408
368 409
361 410
349 411
365 412
371 413
352 414
393 415
383 416
363 417
353 418
349 419
348 420
355 421
362 422
370 423
381 424
354 425
350 426
343 427
341 428
345 429
349 430
355 431
374 432
342 433
344 434
351 435
359 436
391 437
398 438
406 439
426 440
420 441
419 442
426 443
431 444
425 445
433 446
441 447
436 448
435 449
444 450
446 451
446 452
442 453
448 454
457 455
455 456
460 457
461 458
465 459
467 460
481 461
482 462
478 463
485 464
483 465
487 466
490 467
492 468
503 469
514 470
543 471
585 472
596 473
603 474
612 475
616 476
613 477
613 478
618 479
620 480
620 481
627 482
625 483
624 484
623 485
625 486
625 487
630 488
628 489
624 490
624 491
624 492
628 493
629 494
631 495
635 496
635 497
641 498
640 499
636 500
635 501
636 502
640 503
637 504
634 505
635 506
638 507
638 508
637 509
638 510
647 511
645 512
641 513
641 514
643 515
646 516
648 517
648 518
650 519
650 520
648 521
654 522
652 523
655 524
653 525
647 526
652 527
651 528
653 529
655 530
653 531
653 532
655 533
659 534
661 535
653 536
654 537
654 538
657 539
656 540
657 541
661 542
663 543
664 544
663 545
660 546
660 547
659 548
659 549
656 550
656 551
658 552
657 553
653 554
657 555
662 556
658 557
657 558
666 559
665 560
657 561
653 562
655 563
662 564
664 565
662 566
660 567
654 568
654 569
662 570
659 571
656 572
656 573
656 574
650 575
650 576
646 577
649 578
649 579
647 580
648 581
643 582
643 583
642 584
640 585
639 586
639 587
639 588
639 589
639 590
639 591
639 592
639 593
639 594
639 595
639 596
639 597
639 598
639 599
639 600
639 601
639 602
639 603
639 604
639 605
639 606
639 607
639 608
639 609
639 610
639 611
639 612
639 613
639 614
639 615
639 616
639 617
639 618
639 619
639 620
640 621
640 622
639 623
640 624
640 625
640 626
640 627
640 628
640 629
640 630
641 631
640 632
640 633
640 634
640 635
640 636
640 637
640 638
640 639
640 640
640 641
641 642
640 643
640 644
640 645
640 646
640 647
641 648
641 649
641 650
641 651
641 652
641 653
641 654
641 655
641 656
641 657
641 658
641 659
641 660
641 661
641 662
641 663
641 664
641 665
641 666
641 667
640 668
641 669
641 670
641 671
641 672
640 673
640 674
640 675
640 676
641 677
641 678
640 679
640 680
640 681
640 682
640 683
641 684
640 685
640 686
640 687
640 688
640 689
640 690
640 691
640 692
640 693
640 694
640 695
640 696
640 697
640 698
640 699
640 700
640 701
639 702
639 703
639 704
639 705
639 706
640 707
640 708
640 709
640 710
640 711
640 712
640 713
640 714
640 715
640 716
640 717
640 718
639 719
