716 0
721 1
732 2
734 3
735 4
743 5
754 6
742 7
740 8
750 9
746 10
757 11
746 12
744 13
743 14
750 15
753 16
763 17
762 18
769 19
761 20
737 21
733 22
730 23
729 24
724 25
735 26
732 27
735 28
734 29
727 30
717 31
726 32
735 33
724 34
719 35
715 36
711 37
715 38
714 39
712 40
712 41
702 42
694 43
703 44
699 45
699 46
683 47
693 48
691 49
692 50
688 51
689 52
689 53
684 54
688 55
683 56
677 57
673 58
669 59
669 60
674 61
671 62
663 63
655 64
654 65
651 66
654 67
650 68
647 69
639 70
640 71
640 72
639 73
639 74
639 75
639 76
639 77
639 78
639 79
639 80
639 81
640 82
640 83
639 84
640 85
639 86
639 87
640 88
641 89
641 90
640 91
639 92
639 93
639 94
638 95
638 96
640 97
642 98
641 99
640 100
639 101
642 102
644 103
642 104
643 105
641 106
642 107
643 108
642 109
640 110
644 111
643 112
642 113
643 114
642 115
642 116
644 117
645 118
643 119
641 120
640 121
642 122
640 123
641 124
641 125
640 126
640 127
638 128
638 129
640 130
640 131
639 132
639 133
640 134
641 135
637 136
639 137
640 138
642 139
640 140
640 141
639 142
639 143
643 144
641 145
640 146
641 147
642 148
643 149
645 150
645 151
646 152
647 153
647 154
644 155
643 156
644 157
646 158
648 159
646 160
646 161
648 162
647 163
645 164
646 165
647 166
647 167
648 168
651 169
653 170
647 171
646 172
649 173
651 174
649 175
648 176
647 177
645 178
646 179
649 180
651 181
652 182
651 183
647 184
652 185
650 186
645 187
646 188
647 189
643 190
645 191
646 192
647 193
646 194
643 195
640 196
644 197
644 198
642 199
645 200
643 201
644 202
644 203
646 204
643 205
643 206
642 207
644 208
643 209
641 210
641 211
640 212
642 213
646 214
645 215
649 216
648 217
648 218
648 219
645 220
643 221
645 222
648 223
642 224
641 225
641 226
639 227
642 228
643 229
647 230
645 231
645 232
641 233
641 234
641 235
639 236
634 237
633 238
634 239
631 240
629 241
625 242
623 243
620 244
619 245
615 246
618 247
624 248
622 249
612 250
600 251
600 252
608 253
604 254
602 255
606 256
601 257
597 258
599 259
595 260
597 261
587 262
569 263
574 264
570 265
573 266
577 267
581 268
579 269
587 270
585 271
581 272
581 273
581 274
590 275
596 276
595 277
585 278
586 279
583 280
581 281
578 282
585 283
581 284
589 285
585 286
578 287
589 288
588 289
585 290
579 291
576 292
576 293
570 294
569 295
581 296
579 297
575 298
561 299
564 300
567 301
566 302
567 303
577 304
580 305
581 306
576 307
570 308
570 309
564 310
568 311
571 312
564 313
566 314
563 315
566 316
567 317
563 318
569 319
578 320
567 321
561 322
570 323
580 324
582 325
571 326
565 327
556 328
555 329
565 330
571 331
563 332
553 333
562 334
575 335
575 336
572 337
576 338
575 339
571 340
569 341
559 342
562 343
567 344
562 345
566 346
560 347
558 348
559 349
550 350
551 351
566 352
559 353
554 354
551 355
551 356
561 357
569 358
569 359
568 360
557 361
556 362
553 363
552 364
561 365
567 366
570 367
580 368
567 369
573 370
575 371
587 372
595 373
590 374
588 375
594 376
588 377
592 378
600 379
608 380
602 381
595 382
599 383
607 384
606 385
613 386
604 387
603 388
603 389
605 390
611 391
617 392
614 393
620 394
611 395
616 396
623 397
607 398
613 399
626 400
610 401
608 402
628 403
629 404
627 405
621 406
630 407
631 408
622 409
629 410
627 411
624 412
633 413
640 414
650 415
641 416
632 417
638 418
644 419
655 420
654 421
656 422
664 423
658 424
643 425
658 426
668 427
669 428
665 429
668 430
674 431
676 432
667 433
662 434
660 435
669 436
686 437
702 438
700 439
700 440
691 441
688 442
696 443
698 444
703 445
707 446
699 447
704 448
704 449
692 450
692 451
700 452
716 453
727 454
730 455
718 456
713 457
720 458
716 459
718 460
730 461
729 462
728 463
722 464
741 465
752 466
760 467
757 468
744 469
752 470
750 471
757 472
760 473
753 474
755 475
762 476
758 477
769 478
749 479
748 480
774 481
776 482
768 483
756 484
760 485
771 486
756 487
760 488
775 489
771 490
773 491
777 492
772 493
774 494
764 495
760 496
771 497
773 498
771 499
773 500
775 501
774 502
766 503
773 504
776 505
777 506
775 507
771 508
780 509
780 510
772 511
768 512
775 513
773 514
779 515
781 516
782 517
782 518
775 519
777 520
784 521
785 522
782 523
778 524
779 525
778 526
762 527
759 528
777 529
779 530
778 531
783 532
783 533
780 534
773 535
777 536
792 537
795 538
788 539
784 540
792 541
796 542
786 543
791 544
806 545
804 546
796 547
793 548
796 549
802 550
786 551
795 552
805 553
803 554
791 555
780 556
785 557
784 558
767 559
759 560
748 561
736 562
734 563
728 564
727 565
723 566
721 567
705 568
712 569
706 570
701 571
695 572
689 573
687 574
679 575
669 576
664 577
661 578
659 579
661 580
655 581
646 582
644 583
639 584
639 585
636 586
632 587
628 588
629 589
631 590
633 591
634 592
634 593
632 594
632 595
632 596
633 597
634 598
634 599
634 600
634 601
635 602
635 603
635 604
635 605
635 606
635 607
635 608
636 609
635 610
636 611
636 612
637 613
637 614
636 615
636 616
637 617
637 618
637 619
636 620
638 621
638 622
638 623
638 624
638 625
638 626
638 627
637 628
637 629
638 630
638 631
638 632
638 633
638 634
637 635
638 636
638 637
638 638
638 639
638 640
639 641
639 642
639 643
639 644
639 645
639 646
639 647
639 648
639 649
639 650
639 651
639 652
639 653
639 654
639 655
639 656
639 657
639 658
639 659
639 660
639 661
639 662
639 663
639 664
639 665
639 666
639 667
639 668
639 669
639 670
639 671
639 672
639 673
639 674
639 675
639 676
639 677
639 678
639 679
639 680
639 681
639 682
639 683
639 684
639 685
639 686
639 687
639 688
639 689
639 690
639 691
639 692
639 693
639 694
638 695
639 696
638 697
638 698
639 699
639 700
638 701
638 702
638 703
638 704
638 705
638 706
638 707
638 708
638 709
638 710
638 711
638 712
638 713
638 714
637 715
637 716
638 717
638 718
638 719
