639 0
639 1
639 2
639 3
639 4
639 5
639 6
639 7
639 8
639 9
639 10
639 11
639 12
639 13
639 14
639 15
639 16
639 17
639 18
639 19
639 20
639 21
639 22
639 23
639 24
639 25
639 26
639 27
639 28
639 29
639 30
639 31
639 32
639 33
639 34
639 35
639 36
639 37
639 38
639 39
639 40
639 41
639 42
639 43
639 44
639 45
639 46
639 47
639 48
639 49
639 50
639 51
639 52
639 53
639 54
639 55
639 56
639 57
639 58
639 59
639 60
639 61
639 62
639 63
639 64
639 65
639 66
639 67
639 68
639 69
639 70
639 71
639 72
639 73
639 74
639 75
639 76
639 77
639 78
639 79
639 80
639 81
639 82
639 83
639 84
639 85
639 86
639 87
639 88
639 89
639 90
639 91
639 92
639 93
641 94
641 95
645 96
648 97
654 98
664 99
671 100
673 101
672 102
669 103
672 104
684 105
693 106
694 107
699 108
701 109
705 110
713 111
717 112
724 113
724 114
728 115
727 116
733 117
738 118
747 119
749 120
755 121
762 122
768 123
770 124
769 125
771 126
780 127
788 128
788 129
790 130
795 131
805 132
815 133
817 134
821 135
831 136
846 137
863 138
869 139
871 140
874 141
873 142
876 143
875 144
878 145
882 146
889 147
892 148
893 149
896 150
899 151
899 152
902 153
906 154
909 155
909 156
913 157
913 158
915 159
916 160
916 161
921 162
926 163
934 164
936 165
937 166
941 167
943 168
945 169
948 170
949 171
950 172
951 173
954 174
959 175
966 176
976 177
994 178
1002 179
1003 180
1007 181
1009 182
1012 183
1012 184
1015 185
1015 186
1016 187
1017 188
1022 189
1024 190
1025 191
1025 192
1033 193
1047 194
1055 195
1054 196
1054 197
1056 198
1066 199
1071 200
1090 201
1105 202
1106 203
1114 204
1119 205
1125 206
1129 207
1130 208
1137 209
1144 210
1152 211
1153 212
1153 213
1156 214
1165 215
1167 216
1168 217
1173 218
1167 219
1176 220
1176 221
1175 222
1186 223
1182 224
1189 225
1191 226
1193 227
1199 228
1199 229
1206 230
1205 231
1207 232
1211 233
1211 234
1218 235
1228 236
1232 237
1227 238
1216 239
1219 240
1247 241
1247 242
1252 243
1260 244
1257 245
1241 246
1224 247
1164 248
1161 249
1000 250
1034 252
847 255
856 262
856 263
931 264
1256 265
1136 266
858 267
1045 268
1107 269
1044 270
1144 271
1076 272
1256 274
1258 277
954 281
1216 282
1226 287
1214 291
1215 292
319 304
1 305
3 306
4 307
61 308
94 309
126 310
177 311
145 312
89 313
84 314
37 315
51 316
63 317
61 318
71 319
96 320
67 321
70 322
86 323
115 324
108 325
81 326
89 327
68 328
70 329
72 330
67 331
69 332
72 333
76 334
77 335
79 336
84 337
87 338
89 339
95 340
132 341
172 342
181 343
192 344
193 345
195 346
200 347
204 348
205 349
209 350
210 351
211 352
214 353
216 354
218 355
219 356
220 357
222 358
227 359
226 360
229 361
237 362
243 363
249 364
252 365
255 366
258 367
261 368
265 369
267 370
268 371
269 372
277 373
282 374
287 375
289 376
294 377
296 378
300 379
304 380
308 381
305 382
310 383
311 384
312 385
320 386
316 387
317 388
317 389
324 390
325 391
325 392
326 393
331 394
331 395
332 396
335 397
338 398
339 399
334 400
341 401
344 402
343 403
343 404
342 405
341 406
343 407
350 408
352 409
358 410
358 411
355 412
356 413
359 414
362 415
364 416
368 417
370 418
366 419
369 420
372 421
373 422
373 423
376 424
382 425
399 426
418 427
423 428
437 429
448 430
442 431
448 432
465 433
467 434
473 435
484 436
503 437
504 438
500 439
517 440
526 441
532 442
541 443
548 444
552 445
562 446
563 447
571 448
575 449
573 450
573 451
580 452
581 453
576 454
573 455
576 456
584 457
574 458
563 459
568 460
570 461
576 462
581 463
592 464
595 465
594 466
592 467
589 468
588 469
596 470
596 471
595 472
589 473
590 474
599 475
602 476
603 477
602 478
600 479
601 480
603 481
603 482
600 483
599 484
600 485
598 486
598 487
599 488
600 489
602 490
602 491
600 492
602 493
603 494
603 495
604 496
602 497
604 498
605 499
606 500
606 501
608 502
609 503
612 504
611 505
609 506
609 507
610 508
611 509
611 510
610 511
613 512
615 513
615 514
614 515
614 516
617 517
615 518
614 519
615 520
617 521
617 522
617 523
618 524
618 525
619 526
619 527
616 528
617 529
616 530
617 531
620 532
619 533
620 534
622 535
620 536
623 537
624 538
622 539
620 540
620 541
622 542
623 543
624 544
622 545
624 546
625 547
624 548
625 549
627 550
628 551
626 552
626 553
628 554
630 555
630 556
632 557
634 558
634 559
635 560
634 561
635 562
636 563
634 564
637 565
637 566
637 567
636 568
636 569
637 570
635 571
636 572
636 573
637 574
635 575
636 576
637 577
637 578
636 579
636 580
637 581
636 582
637 583
637 584
637 585
637 586
638 587
638 588
637 589
636 590
636 591
636 592
637 593
637 594
637 595
638 596
638 597
638 598
638 599
636 600
638 601
638 602
637 603
637 604
638 605
639 606
638 607
637 608
636 609
637 610
637 611
637 612
637 613
638 614
635 615
637 616
638 617
638 618
639 619
636 620
637 621
636 622
638 623
637 624
637 625
636 626
635 627
633 628
634 629
633 630
634 631
636 632
635 633
636 634
637 635
637 636
636 637
637 638
636 639
638 640
636 641
636 642
636 643
635 644
635 645
637 646
636 647
636 648
636 649
636 650
635 651
636 652
637 653
633 654
631 655
634 656
634 657
632 658
632 659
633 660
633 661
630 662
628 663
627 664
624 665
628 666
628 667
627 668
625 669
623 670
620 671
618 672
627 673
626 674
627 675
624 676
625 677
625 678
621 679
626 680
626 681
624 682
617 683
614 684
615 685
616 686
613 687
615 688
620 689
621 690
614 691
612 692
616 693
615 694
611 695
617 696
618 697
617 698
616 699
611 700
611 701
614 702
611 703
607 704
607 705
603 706
595 707
595 708
600 709
603 710
598 711
583 712
593 713
596 714
589 715
590 716
590 717
602 718
607 719
