702 0
709 1
716 2
723 3
729 4
730 5
740 6
748 7
725 8
732 9
738 10
732 11
732 12
736 13
743 14
738 15
721 16
727 17
734 18
739 19
742 20
744 21
731 22
723 23
720 24
723 25
725 26
728 27
724 28
703 29
700 30
713 31
718 32
715 33
714 34
716 35
712 36
704 37
703 38
697 39
697 40
692 41
690 42
688 43
681 44
680 45
682 46
683 47
684 48
689 49
683 50
676 51
676 52
677 53
683 54
688 55
682 56
672 57
666 58
659 59
665 60
671 61
669 62
661 63
656 64
655 65
653 66
649 67
648 68
645 69
640 70
639 71
640 72
639 73
640 74
639 75
639 76
639 77
639 78
641 79
640 80
640 81
640 82
643 83
643 84
644 85
645 86
644 87
646 88
646 89
647 90
648 91
648 92
650 93
651 94
651 95
652 96
651 97
652 98
652 99
647 100
645 101
644 102
648 103
649 104
647 105
645 106
644 107
648 108
646 109
646 110
649 111
650 112
648 113
649 114
650 115
651 116
652 117
650 118
655 119
657 120
660 121
655 122
652 123
653 124
655 125
654 126
652 127
653 128
655 129
652 130
654 131
653 132
652 133
656 134
653 135
650 136
652 137
654 138
657 139
655 140
652 141
652 142
653 143
656 144
656 145
659 146
656 147
652 148
652 149
654 150
655 151
661 152
662 153
659 154
660 155
660 156
661 157
662 158
659 159
660 160
661 161
662 162
662 163
661 164
660 165
660 166
659 167
664 168
659 169
659 170
660 171
663 172
665 173
666 174
664 175
669 176
669 177
672 178
674 179
676 180
675 181
671 182
668 183
665 184
675 185
679 186
676 187
682 188
684 189
680 190
675 191
679 192
681 193
684 194
684 195
684 196
687 197
679 198
674 199
673 200
684 201
683 202
680 203
677 204
676 205
675 206
667 207
673 208
678 209
677 210
675 211
672 212
670 213
666 214
663 215
664 216
661 217
660 218
663 219
665 220
662 221
663 222
662 223
660 224
659 225
659 226
660 227
661 228
661 229
658 230
660 231
661 232
663 233
657 234
661 235
656 236
657 237
651 238
649 239
654 240
653 241
649 242
645 243
639 244
638 245
636 246
633 247
632 248
632 249
626 250
626 251
622 252
622 253
628 254
623 255
630 256
628 257
619 258
620 259
623 260
618 261
613 262
614 263
610 264
615 265
612 266
615 267
611 268
607 269
611 270
605 271
602 272
606 273
619 274
618 275
613 276
610 277
609 278
609 279
604 280
612 281
616 282
613 283
617 284
613 285
607 286
606 287
610 288
610 289
613 290
616 291
609 292
601 293
606 294
612 295
598 296
594 297
594 298
598 299
600 300
598 301
598 302
595 303
598 304
602 305
597 306
590 307
591 308
590 309
596 310
599 311
594 312
588 313
586 314
585 315
591 316
591 317
592 318
591 319
587 320
587 321
590 322
585 323
584 324
580 325
580 326
579 327
580 328
581 329
582 330
586 331
586 332
583 333
588 334
591 335
587 336
577 337
577 338
584 339
581 340
582 341
579 342
582 343
580 344
584 345
598 346
579 347
576 348
582 349
584 350
586 351
584 352
582 353
579 354
577 355
581 356
579 357
580 358
581 359
583 360
581 361
584 362
574 363
573 364
579 365
582 366
584 367
583 368
576 369
581 370
577 371
578 372
589 373
589 374
589 375
581 376
575 377
580 378
588 379
597 380
589 381
574 382
589 383
594 384
588 385
587 386
590 387
595 388
590 389
598 390
606 391
601 392
594 393
603 394
604 395
609 396
602 397
592 398
595 399
606 400
601 401
608 402
600 403
604 404
606 405
602 406
610 407
609 408
608 409
609 410
608 411
612 412
610 413
606 414
620 415
616 416
608 417
608 418
615 419
614 420
616 421
613 422
618 423
616 424
624 425
620 426
609 427
614 428
616 429
613 430
616 431
619 432
616 433
623 434
624 435
626 436
639 437
654 438
647 439
650 440
652 441
653 442
646 443
648 444
653 445
663 446
674 447
674 448
674 449
680 450
673 451
675 452
675 453
683 454
688 455
678 456
672 457
667 458
679 459
686 460
698 461
693 462
686 463
693 464
692 465
696 466
706 467
720 468
715 469
715 470
715 471
703 472
718 473
729 474
726 475
731 476
736 477
724 478
712 479
721 480
732 481
733 482
729 483
730 484
732 485
735 486
729 487
725 488
740 489
737 490
732 491
730 492
736 493
747 494
740 495
730 496
736 497
742 498
741 499
743 500
741 501
742 502
737 503
733 504
739 505
734 506
730 507
733 508
732 509
741 510
747 511
747 512
743 513
733 514
730 515
740 516
750 517
751 518
738 519
734 520
740 521
738 522
739 523
742 524
743 525
748 526
740 527
732 528
740 529
743 530
744 531
744 532
742 533
744 534
738 535
746 536
752 537
749 538
755 539
752 540
748 541
745 542
741 543
746 544
756 545
762 546
758 547
753 548
754 549
761 550
759 551
756 552
755 553
750 554
745 555
748 556
748 557
753 558
746 559
756 560
759 561
744 562
744 563
749 564
733 565
728 566
719 567
715 568
710 569
706 570
707 571
704 572
691 573
689 574
695 575
682 576
677 577
672 578
670 579
667 580
657 581
657 582
652 583
653 584
646 585
643 586
642 587
640 588
640 589
639 590
641 591
639 592
640 593
641 594
641 595
639 596
639 597
639 598
639 599
639 600
639 601
639 602
639 603
639 604
639 605
639 606
639 607
639 608
639 609
639 610
639 611
639 612
639 613
640 614
639 615
639 616
639 617
639 618
639 619
639 620
639 621
639 622
639 623
639 624
639 625
639 626
639 627
639 628
639 629
639 630
639 631
640 632
639 633
639 634
639 635
639 636
639 637
639 638
639 639
640 640
639 641
640 642
640 643
640 644
640 645
640 646
640 647
640 648
640 649
640 650
640 651
640 652
640 653
640 654
640 655
640 656
640 657
640 658
640 659
640 660
640 661
640 662
640 663
640 664
640 665
640 666
640 667
640 668
640 669
640 670
640 671
639 672
639 673
639 674
640 675
640 676
640 677
639 678
640 679
639 680
639 681
639 682
639 683
639 684
639 685
639 686
639 687
639 688
639 689
639 690
639 691
639 692
639 693
639 694
639 695
639 696
639 697
639 698
638 699
638 700
638 701
638 702
639 703
639 704
639 705
639 706
639 707
639 708
639 709
639 710
639 711
640 712
641 713
639 714
639 715
641 716
642 717
640 718
639 719
