727 0
721 1
734 2
746 3
762 4
750 5
748 6
744 7
760 8
771 9
759 10
750 11
752 12
763 13
751 14
736 15
745 16
734 17
742 18
747 19
745 20
736 21
733 22
723 23
718 24
733 25
743 26
729 27
723 28
720 29
707 30
707 31
702 32
712 33
717 34
721 35
707 36
694 37
694 38
707 39
706 40
702 41
706 42
697 43
681 44
684 45
680 46
683 47
683 48
682 49
677 50
678 51
680 52
677 53
674 54
679 55
679 56
677 57
674 58
673 59
667 60
663 61
660 62
658 63
657 64
658 65
654 66
649 67
646 68
644 69
641 70
639 71
639 72
639 73
639 74
639 75
639 76
639 77
639 78
639 79
639 80
640 81
639 82
639 83
639 84
640 85
640 86
639 87
639 88
638 89
639 90
638 91
639 92
639 93
639 94
639 95
637 96
639 97
640 98
642 99
641 100
639 101
640 102
643 103
642 104
644 105
643 106
643 107
643 108
643 109
642 110
646 111
649 112
643 113
644 114
643 115
644 116
643 117
638 118
639 119
642 120
640 121
643 122
639 123
639 124
638 125
639 126
641 127
641 128
638 129
638 130
641 131
643 132
644 133
643 134
641 135
643 136
641 137
644 138
644 139
643 140
642 141
643 142
644 143
643 144
644 145
645 146
645 147
645 148
646 149
647 150
646 151
648 152
646 153
645 154
645 155
645 156
644 157
643 158
647 159
647 160
649 161
648 162
647 163
648 164
647 165
646 166
645 167
644 168
646 169
644 170
644 171
643 172
643 173
642 174
645 175
645 176
644 177
643 178
644 179
646 180
645 181
645 182
647 183
642 184
642 185
643 186
646 187
647 188
644 189
643 190
644 191
644 192
645 193
646 194
645 195
644 196
641 197
643 198
646 199
646 200
642 201
642 202
642 203
644 204
646 205
648 206
648 207
649 208
648 209
648 210
649 211
648 212
648 213
649 214
649 215
650 216
650 217
651 218
649 219
651 220
652 221
651 222
651 223
648 224
646 225
649 226
650 227
647 228
645 229
646 230
644 231
644 232
641 233
640 234
643 235
644 236
634 237
635 238
629 239
630 240
626 241
622 242
624 243
626 244
623 245
622 246
614 247
620 248
616 249
608 250
598 251
597 252
606 253
605 254
604 255
607 256
609 257
607 258
603 259
612 260
611 261
600 262
594 263
584 264
579 265
587 266
599 267
595 268
590 269
583 270
585 271
576 272
579 273
590 274
593 275
594 276
604 277
595 278
586 279
589 280
585 281
589 282
601 283
599 284
583 285
574 286
575 287
586 288
583 289
578 290
573 291
570 292
570 293
572 294
585 295
582 296
567 297
566 298
573 299
578 300
580 301
574 302
579 303
580 304
579 305
572 306
568 307
577 308
578 309
567 310
562 311
558 312
559 313
562 314
565 315
563 316
568 317
568 318
579 319
562 320
552 321
550 322
556 323
575 324
572 325
577 326
579 327
562 328
560 329
564 330
571 331
568 332
569 333
561 334
558 335
553 336
559 337
569 338
564 339
554 340
545 341
546 342
555 343
556 344
561 345
563 346
557 347
552 348
546 349
544 350
555 351
564 352
562 353
559 354
551 355
557 356
561 357
561 358
568 359
562 360
562 361
566 362
560 363
553 364
549 365
554 366
571 367
567 368
563 369
566 370
565 371
561 372
565 373
573 374
583 375
577 376
572 377
578 378
586 379
592 380
586 381
582 382
601 383
606 384
595 385
600 386
596 387
603 388
604 389
604 390
618 391
611 392
609 393
619 394
621 395
626 396
626 397
616 398
628 399
602 400
601 401
618 402
619 403
617 404
613 405
616 406
627 407
625 408
627 409
631 410
634 411
653 412
656 413
654 414
656 415
662 416
659 417
659 418
665 419
663 420
663 421
663 422
667 423
671 424
676 425
675 426
683 427
697 428
692 429
689 430
695 431
680 432
681 433
679 434
683 435
686 436
693 437
721 438
715 439
702 440
712 441
717 442
717 443
716 444
719 445
725 446
717 447
721 448
719 449
717 450
719 451
728 452
727 453
736 454
740 455
746 456
748 457
745 458
745 459
743 460
755 461
761 462
753 463
753 464
759 465
764 466
768 467
772 468
773 469
775 470
766 471
766 472
773 473
772 474
774 475
778 476
781 477
780 478
768 479
773 480
779 481
781 482
781 483
776 484
771 485
775 486
771 487
773 488
777 489
780 490
778 491
776 492
779 493
780 494
777 495
775 496
778 497
775 498
770 499
769 500
772 501
780 502
780 503
782 504
780 505
773 506
780 507
781 508
777 509
778 510
778 511
775 512
777 513
782 514
783 515
784 516
780 517
781 518
779 519
784 520
786 521
787 522
788 523
784 524
782 525
785 526
786 527
788 528
786 529
787 530
790 531
793 532
791 533
793 534
795 535
794 536
800 537
803 538
806 539
805 540
798 541
801 542
805 543
808 544
808 545
805 546
806 547
802 548
807 549
811 550
808 551
802 552
803 553
808 554
811 555
806 556
794 557
786 558
775 559
765 560
759 561
755 562
751 563
746 564
736 565
730 566
724 567
713 568
707 569
707 570
704 571
695 572
693 573
689 574
681 575
674 576
672 577
666 578
660 579
661 580
655 581
646 582
639 583
637 584
637 585
634 586
626 587
628 588
628 589
628 590
629 591
631 592
627 593
628 594
629 595
630 596
631 597
633 598
632 599
634 600
634 601
634 602
635 603
634 604
634 605
634 606
635 607
635 608
633 609
633 610
634 611
636 612
634 613
633 614
634 615
634 616
635 617
636 618
637 619
637 620
637 621
637 622
637 623
637 624
638 625
637 626
637 627
637 628
637 629
638 630
638 631
637 632
638 633
638 634
637 635
637 636
638 637
638 638
638 639
638 640
639 641
639 642
639 643
639 644
639 645
639 646
639 647
639 648
639 649
639 650
639 651
639 652
639 653
639 654
639 655
639 656
639 657
639 658
639 659
639 660
639 661
639 662
639 663
639 664
639 665
639 666
639 667
639 668
639 669
639 670
639 671
639 672
639 673
639 674
639 675
639 676
639 677
639 678
639 679
639 680
639 681
639 682
639 683
639 684
639 685
639 686
639 687
639 688
639 689
639 690
639 691
639 692
638 693
638 694
638 695
638 696
638 697
638 698
638 699
638 700
637 701
638 702
638 703
638 704
637 705
637 706
637 707
637 708
638 709
637 710
637 711
637 712
637 713
637 714
637 715
638 716
637 717
637 718
637 719
