688 0
694 1
699 2
706 3
704 4
706 5
702 6
713 7
714 8
705 9
705 10
710 11
712 12
715 13
711 14
704 15
691 16
694 17
706 18
700 19
705 20
704 21
688 22
679 23
696 24
694 25
696 26
696 27
693 28
695 29
705 30
702 31
697 32
696 33
701 34
697 35
685 36
675 37
684 38
694 39
686 40
684 41
679 42
681 43
682 44
674 45
675 46
678 47
677 48
670 49
668 50
667 51
671 52
680 53
676 54
674 55
666 56
671 57
668 58
666 59
663 60
655 61
655 62
653 63
650 64
654 65
646 66
643 67
642 68
646 69
641 70
639 71
639 72
639 73
639 74
639 75
639 76
639 77
639 78
639 79
639 80
639 81
639 82
640 83
639 84
639 85
638 86
639 87
639 88
640 89
640 90
639 91
639 92
639 93
638 94
639 95
639 96
640 97
640 98
641 99
640 100
640 101
641 102
641 103
641 104
640 105
641 106
640 107
641 108
642 109
642 110
641 111
642 112
642 113
642 114
640 115
639 116
641 117
642 118
643 119
641 120
643 121
640 122
639 123
641 124
640 125
639 126
644 127
640 128
638 129
639 130
637 131
636 132
636 133
637 134
637 135
638 136
639 137
639 138
640 139
639 140
638 141
637 142
636 143
641 144
640 145
639 146
638 147
640 148
641 149
641 150
641 151
640 152
640 153
641 154
640 155
641 156
643 157
643 158
643 159
644 160
644 161
645 162
646 163
647 164
647 165
646 166
644 167
642 168
641 169
643 170
645 171
645 172
643 173
642 174
643 175
642 176
643 177
642 178
639 179
641 180
642 181
641 182
643 183
642 184
644 185
644 186
643 187
641 188
641 189
641 190
639 191
640 192
638 193
640 194
641 195
641 196
640 197
640 198
640 199
640 200
640 201
639 202
642 203
643 204
642 205
641 206
640 207
637 208
640 209
642 210
642 211
641 212
638 213
637 214
637 215
639 216
639 217
639 218
641 219
641 220
640 221
636 222
637 223
636 224
637 225
639 226
638 227
638 228
639 229
638 230
640 231
637 232
639 233
639 234
636 235
631 236
633 237
629 238
627 239
629 240
628 241
626 242
618 243
617 244
615 245
618 246
620 247
613 248
616 249
616 250
612 251
612 252
613 253
614 254
611 255
617 256
613 257
599 258
598 259
603 260
597 261
584 262
580 263
593 264
586 265
585 266
581 267
585 268
585 269
580 270
578 271
567 272
577 273
585 274
578 275
592 276
600 277
594 278
583 279
575 280
588 281
592 282
592 283
589 284
588 285
579 286
587 287
577 288
587 289
600 290
593 291
583 292
574 293
581 294
588 295
583 296
569 297
564 298
563 299
568 300
568 301
567 302
570 303
569 304
555 305
557 306
550 307
553 308
561 309
562 310
562 311
561 312
556 313
555 314
557 315
563 316
571 317
565 318
570 319
562 320
552 321
562 322
558 323
570 324
563 325
548 326
551 327
560 328
563 329
560 330
567 331
560 332
547 333
550 334
561 335
572 336
566 337
561 338
561 339
551 340
546 341
552 342
563 343
564 344
554 345
552 346
551 347
561 348
558 349
553 350
564 351
560 352
563 353
567 354
566 355
559 356
558 357
565 358
577 359
571 360
566 361
571 362
565 363
568 364
567 365
568 366
575 367
569 368
564 369
568 370
571 371
569 372
568 373
579 374
591 375
580 376
577 377
579 378
579 379
585 380
599 381
597 382
604 383
604 384
604 385
618 386
610 387
600 388
600 389
601 390
621 391
618 392
606 393
604 394
612 395
622 396
619 397
614 398
619 399
621 400
622 401
626 402
627 403
628 404
630 405
633 406
642 407
648 408
632 409
651 410
647 411
638 412
637 413
639 414
656 415
642 416
641 417
641 418
639 419
656 420
657 421
649 422
656 423
656 424
661 425
670 426
670 427
665 428
674 429
682 430
677 431
688 432
682 433
669 434
686 435
681 436
684 437
688 438
691 439
690 440
709 441
704 442
698 443
703 444
711 445
718 446
709 447
712 448
711 449
713 450
710 451
711 452
716 453
725 454
713 455
694 456
711 457
723 458
720 459
718 460
726 461
737 462
731 463
724 464
736 465
755 466
756 467
754 468
750 469
751 470
740 471
748 472
759 473
759 474
757 475
756 476
761 477
765 478
752 479
755 480
772 481
767 482
765 483
759 484
757 485
762 486
756 487
758 488
769 489
767 490
765 491
770 492
765 493
768 494
759 495
773 496
774 497
761 498
758 499
759 500
765 501
767 502
760 503
764 504
765 505
759 506
758 507
767 508
770 509
781 510
768 511
774 512
774 513
773 514
778 515
776 516
780 517
782 518
764 519
765 520
772 521
777 522
775 523
780 524
778 525
781 526
780 527
766 528
778 529
779 530
785 531
783 532
784 533
787 534
789 535
787 536
793 537
792 538
790 539
787 540
782 541
790 542
791 543
788 544
800 545
800 546
799 547
801 548
805 549
811 550
791 551
790 552
801 553
793 554
791 555
780 556
772 557
777 558
755 559
750 560
746 561
737 562
743 563
734 564
726 565
724 566
705 567
698 568
710 569
707 570
693 571
685 572
684 573
683 574
677 575
667 576
670 577
666 578
661 579
655 580
652 581
647 582
641 583
641 584
637 585
636 586
633 587
632 588
632 589
633 590
633 591
632 592
629 593
631 594
635 595
635 596
634 597
634 598
634 599
634 600
636 601
638 602
636 603
637 604
636 605
636 606
636 607
636 608
636 609
636 610
636 611
637 612
638 613
638 614
636 615
637 616
637 617
637 618
637 619
637 620
637 621
638 622
638 623
638 624
638 625
638 626
638 627
638 628
638 629
638 630
638 631
638 632
638 633
638 634
638 635
638 636
638 637
638 638
638 639
638 640
638 641
638 642
638 643
639 644
639 645
639 646
639 647
639 648
639 649
639 650
639 651
639 652
639 653
639 654
639 655
639 656
639 657
639 658
639 659
639 660
639 661
639 662
639 663
639 664
639 665
639 666
639 667
639 668
639 669
639 670
639 671
639 672
639 673
639 674
639 675
639 676
639 677
639 678
639 679
639 680
639 681
639 682
639 683
639 684
639 685
639 686
639 687
639 688
639 689
639 690
638 691
638 692
639 693
639 694
639 695
639 696
639 697
638 698
639 699
639 700
639 701
638 702
638 703
638 704
638 705
638 706
638 707
638 708
638 709
638 710
638 711
638 712
638 713
638 714
638 715
638 716
638 717
638 718
638 719
