670 0
670 1
666 2
655 3
661 4
665 5
661 6
662 7
658 8
656 9
658 10
663 11
661 12
655 13
650 14
660 15
662 16
659 17
661 18
665 19
666 20
665 21
651 22
656 23
655 24
651 25
652 26
652 27
659 28
656 29
650 30
654 31
658 32
652 33
655 34
656 35
651 36
652 37
649 38
660 39
663 40
654 41
650 42
648 43
649 44
655 45
655 46
662 47
656 48
654 49
654 50
648 51
655 52
660 53
656 54
655 55
651 56
652 57
656 58
650 59
646 60
646 61
643 62
651 63
648 64
642 65
644 66
646 67
641 68
639 69
639 70
640 71
639 72
639 73
639 74
639 75
639 76
639 77
639 78
639 79
639 80
639 81
639 82
640 83
639 84
639 85
639 86
639 87
639 88
640 89
640 90
639 91
640 92
639 93
638 94
639 95
639 96
640 97
640 98
639 99
639 100
639 101
640 102
639 103
640 104
639 105
640 106
639 107
639 108
640 109
639 110
639 111
638 112
639 113
639 114
639 115
639 116
639 117
640 118
640 119
639 120
639 121
639 122
640 123
640 124
639 125
639 126
638 127
639 128
639 129
638 130
639 131
639 132
638 133
639 134
639 135
639 136
638 137
639 138
638 139
638 140
640 141
641 142
641 143
639 144
639 145
641 146
641 147
640 148
642 149
643 150
642 151
640 152
641 153
643 154
643 155
642 156
642 157
643 158
643 159
643 160
645 161
646 162
644 163
645 164
644 165
646 166
648 167
648 168
644 169
645 170
645 171
646 172
647 173
648 174
648 175
645 176
645 177
644 178
642 179
641 180
645 181
646 182
644 183
643 184
644 185
642 186
642 187
643 188
643 189
643 190
642 191
642 192
642 193
642 194
643 195
643 196
644 197
644 198
644 199
643 200
645 201
646 202
643 203
642 204
644 205
641 206
640 207
642 208
642 209
641 210
640 211
640 212
640 213
642 214
642 215
641 216
642 217
643 218
641 219
641 220
644 221
646 222
647 223
643 224
640 225
638 226
638 227
640 228
639 229
638 230
638 231
638 232
638 233
638 234
639 235
639 236
636 237
634 238
632 239
634 240
630 241
624 242
629 243
630 244
629 245
627 246
632 247
629 248
629 249
619 250
617 251
624 252
627 253
630 254
627 255
615 256
621 257
619 258
617 259
617 260
615 261
613 262
604 263
605 264
611 265
606 266
602 267
600 268
599 269
600 270
595 271
604 272
604 273
609 274
614 275
619 276
615 277
616 278
604 279
602 280
613 281
617 282
608 283
608 284
607 285
609 286
608 287
610 288
616 289
618 290
615 291
614 292
615 293
616 294
613 295
615 296
613 297
606 298
600 299
592 300
591 301
604 302
601 303
608 304
606 305
602 306
600 307
602 308
608 309
608 310
604 311
597 312
596 313
592 314
596 315
597 316
596 317
599 318
600 319
594 320
585 321
582 322
591 323
598 324
601 325
600 326
598 327
586 328
588 329
595 330
596 331
588 332
590 333
592 334
594 335
595 336
595 337
590 338
592 339
597 340
594 341
579 342
572 343
584 344
585 345
583 346
589 347
588 348
581 349
582 350
590 351
584 352
579 353
581 354
590 355
592 356
592 357
590 358
590 359
588 360
579 361
577 362
585 363
588 364
589 365
584 366
591 367
591 368
582 369
590 370
598 371
601 372
603 373
596 374
593 375
605 376
601 377
601 378
602 379
607 380
605 381
610 382
616 383
613 384
612 385
614 386
614 387
614 388
610 389
612 390
617 391
618 392
608 393
612 394
620 395
622 396
632 397
625 398
625 399
631 400
628 401
626 402
626 403
620 404
626 405
628 406
634 407
629 408
633 409
631 410
626 411
620 412
622 413
624 414
634 415
633 416
645 417
634 418
624 419
624 420
633 421
644 422
653 423
655 424
646 425
653 426
655 427
651 428
643 429
643 430
665 431
643 432
655 433
657 434
666 435
673 436
670 437
667 438
669 439
686 440
685 441
680 442
674 443
671 444
669 445
679 446
691 447
680 448
669 449
671 450
669 451
680 452
691 453
699 454
689 455
685 456
680 457
696 458
699 459
707 460
718 461
723 462
715 463
702 464
714 465
716 466
728 467
727 468
719 469
725 470
719 471
718 472
732 473
739 474
753 475
742 476
730 477
734 478
732 479
737 480
741 481
754 482
747 483
735 484
733 485
736 486
735 487
737 488
749 489
738 490
738 491
732 492
733 493
751 494
742 495
744 496
754 497
740 498
729 499
727 500
729 501
735 502
739 503
739 504
735 505
727 506
742 507
752 508
757 509
751 510
740 511
721 512
725 513
719 514
730 515
733 516
746 517
756 518
737 519
739 520
741 521
737 522
741 523
747 524
752 525
745 526
729 527
742 528
745 529
758 530
756 531
762 532
753 533
748 534
741 535
717 536
739 537
749 538
752 539
752 540
731 541
737 542
746 543
742 544
748 545
742 546
748 547
741 548
739 549
755 550
739 551
734 552
757 553
765 554
747 555
736 556
733 557
739 558
732 559
715 560
714 561
702 562
689 563
690 564
685 565
684 566
684 567
672 568
668 569
668 570
662 571
661 572
650 573
643 574
648 575
644 576
645 577
640 578
638 579
642 580
637 581
637 582
631 583
633 584
632 585
629 586
626 587
626 588
626 589
625 590
627 591
627 592
627 593
627 594
627 595
629 596
628 597
630 598
630 599
630 600
630 601
632 602
635 603
634 604
633 605
632 606
634 607
634 608
634 609
634 610
633 611
633 612
634 613
634 614
633 615
632 616
632 617
633 618
633 619
634 620
636 621
637 622
637 623
637 624
636 625
636 626
637 627
638 628
637 629
638 630
638 631
638 632
638 633
638 634
638 635
638 636
638 637
638 638
638 639
637 640
638 641
638 642
638 643
639 644
639 645
639 646
639 647
639 648
639 649
639 650
639 651
639 652
639 653
639 654
639 655
639 656
639 657
639 658
639 659
639 660
639 661
639 662
639 663
639 664
639 665
639 666
639 667
639 668
639 669
639 670
639 671
639 672
639 673
639 674
639 675
639 676
639 677
639 678
639 679
639 680
639 681
639 682
639 683
639 684
639 685
639 686
639 687
639 688
639 689
639 690
639 691
639 692
639 693
639 694
638 695
638 696
638 697
638 698
638 699
638 700
638 701
638 702
638 703
638 704
638 705
638 706
638 707
638 708
638 709
637 710
638 711
638 712
637 713
636 714
638 715
639 716
638 717
638 718
638 719
