712 0
711 1
721 2
737 3
734 4
735 5
743 6
738 7
710 8
732 9
732 10
716 11
722 12
737 13
753 14
750 15
740 16
725 17
726 18
743 19
752 20
740 21
719 22
715 23
725 24
723 25
715 26
723 27
718 28
706 29
709 30
720 31
704 32
709 33
702 34
697 35
696 36
694 37
690 38
691 39
692 40
690 41
696 42
691 43
685 44
684 45
687 46
689 47
681 48
681 49
674 50
673 51
678 52
677 53
682 54
683 55
677 56
679 57
674 58
667 59
667 60
671 61
665 62
659 63
658 64
654 65
650 66
646 67
647 68
648 69
644 70
640 71
639 72
639 73
639 74
639 75
639 76
639 77
639 78
639 79
639 80
640 81
640 82
640 83
641 84
640 85
639 86
639 87
639 88
639 89
640 90
640 91
637 92
637 93
637 94
638 95
638 96
637 97
639 98
639 99
640 100
640 101
640 102
639 103
643 104
640 105
639 106
639 107
641 108
642 109
641 110
642 111
642 112
640 113
639 114
641 115
640 116
641 117
640 118
641 119
640 120
640 121
640 122
638 123
640 124
639 125
637 126
636 127
639 128
639 129
638 130
636 131
636 132
638 133
638 134
636 135
638 136
638 137
639 138
638 139
638 140
638 141
639 142
640 143
641 144
639 145
639 146
640 147
641 148
644 149
644 150
642 151
642 152
643 153
645 154
644 155
645 156
645 157
643 158
641 159
642 160
643 161
642 162
643 163
645 164
645 165
645 166
645 167
646 168
644 169
648 170
649 171
644 172
642 173
643 174
644 175
645 176
644 177
642 178
640 179
640 180
643 181
644 182
644 183
645 184
645 185
641 186
639 187
639 188
640 189
640 190
643 191
645 192
644 193
642 194
642 195
641 196
640 197
641 198
640 199
644 200
642 201
641 202
639 203
638 204
637 205
637 206
638 207
640 208
640 209
639 210
639 211
639 212
641 213
640 214
641 215
641 216
644 217
644 218
645 219
644 220
646 221
644 222
645 223
645 224
646 225
645 226
644 227
643 228
642 229
643 230
643 231
642 232
641 233
641 234
638 235
636 236
631 237
631 238
627 239
627 240
628 241
628 242
622 243
618 244
620 245
620 246
618 247
619 248
614 249
600 250
586 251
592 252
602 253
592 254
593 255
596 256
590 257
583 258
579 259
580 260
580 261
574 262
563 263
548 264
546 265
547 266
548 267
550 268
568 269
567 270
564 271
570 272
566 273
567 274
567 275
568 276
561 277
563 278
555 279
567 280
570 281
563 282
561 283
560 284
562 285
555 286
558 287
562 288
563 289
563 290
560 291
548 292
544 293
557 294
560 295
558 296
550 297
538 298
538 299
543 300
543 301
554 302
564 303
566 304
554 305
537 306
530 307
531 308
533 309
534 310
545 311
546 312
532 313
519 314
532 315
551 316
542 317
532 318
538 319
547 320
535 321
534 322
531 323
541 324
537 325
542 326
541 327
538 328
527 329
534 330
532 331
531 332
535 333
531 334
537 335
543 336
540 337
539 338
532 339
537 340
536 341
538 342
550 343
546 344
537 345
540 346
540 347
531 348
528 349
528 350
543 351
557 352
537 353
536 354
539 355
533 356
529 357
534 358
551 359
551 360
548 361
547 362
551 363
549 364
560 365
553 366
555 367
562 368
564 369
558 370
555 371
558 372
561 373
568 374
585 375
578 376
567 377
575 378
578 379
576 380
575 381
576 382
577 383
582 384
577 385
573 386
575 387
584 388
588 389
583 390
582 391
590 392
586 393
593 394
592 395
587 396
594 397
588 398
590 399
595 400
590 401
591 402
587 403
589 404
591 405
591 406
592 407
585 408
599 409
612 410
599 411
595 412
610 413
598 414
601 415
604 416
603 417
600 418
606 419
600 420
604 421
607 422
611 423
614 424
610 425
621 426
634 427
643 428
639 429
622 430
620 431
627 432
621 433
614 434
630 435
641 436
649 437
666 438
666 439
672 440
668 441
671 442
669 443
667 444
668 445
662 446
676 447
677 448
685 449
682 450
693 451
689 452
700 453
708 454
708 455
694 456
711 457
704 458
704 459
712 460
724 461
733 462
719 463
728 464
728 465
729 466
734 467
745 468
747 469
740 470
720 471
719 472
722 473
721 474
740 475
743 476
743 477
737 478
727 479
737 480
749 481
741 482
750 483
747 484
742 485
744 486
740 487
731 488
748 489
755 490
752 491
750 492
755 493
757 494
737 495
746 496
757 497
757 498
746 499
735 500
736 501
750 502
744 503
752 504
753 505
740 506
729 507
733 508
745 509
754 510
738 511
727 512
743 513
748 514
755 515
751 516
749 517
743 518
721 519
724 520
748 521
753 522
749 523
738 524
739 525
751 526
729 527
743 528
758 529
770 530
759 531
751 532
749 533
740 534
741 535
728 536
759 537
757 538
756 539
757 540
760 541
761 542
750 543
747 544
761 545
758 546
769 547
770 548
766 549
765 550
748 551
765 552
775 553
763 554
757 555
741 556
742 557
759 558
745 559
733 560
730 561
715 562
703 563
711 564
713 565
705 566
696 567
697 568
693 569
678 570
672 571
677 572
680 573
674 574
671 575
653 576
654 577
654 578
649 579
647 580
644 581
642 582
642 583
639 584
634 585
629 586
627 587
627 588
627 589
626 590
627 591
629 592
627 593
628 594
628 595
632 596
632 597
633 598
632 599
633 600
634 601
635 602
635 603
634 604
635 605
635 606
635 607
633 608
633 609
634 610
634 611
635 612
633 613
635 614
635 615
636 616
637 617
637 618
637 619
637 620
638 621
638 622
637 623
638 624
638 625
637 626
637 627
637 628
637 629
637 630
638 631
638 632
638 633
637 634
638 635
638 636
637 637
639 638
639 639
639 640
639 641
639 642
639 643
639 644
639 645
639 646
639 647
639 648
639 649
639 650
639 651
639 652
639 653
639 654
639 655
639 656
639 657
639 658
639 659
639 660
639 661
639 662
639 663
639 664
639 665
639 666
639 667
639 668
639 669
639 670
639 671
639 672
639 673
638 674
639 675
639 676
639 677
639 678
639 679
639 680
639 681
639 682
639 683
639 684
639 685
639 686
639 687
639 688
639 689
639 690
639 691
639 692
639 693
639 694
639 695
638 696
638 697
638 698
638 699
637 700
638 701
638 702
638 703
638 704
638 705
637 706
637 707
638 708
638 709
638 710
637 711
637 712
637 713
637 714
637 715
636 716
637 717
637 718
637 719
