713 0
723 1
744 2
746 3
748 4
757 5
759 6
746 7
741 8
742 9
739 10
756 11
762 12
765 13
751 14
738 15
754 16
755 17
754 18
751 19
761 20
757 21
746 22
733 23
742 24
733 25
738 26
748 27
736 28
736 29
723 30
720 31
726 32
735 33
728 34
718 35
715 36
708 37
706 38
706 39
702 40
699 41
696 42
695 43
696 44
696 45
695 46
693 47
695 48
699 49
692 50
686 51
681 52
682 53
682 54
683 55
683 56
683 57
679 58
673 59
671 60
669 61
671 62
667 63
656 64
659 65
656 66
653 67
651 68
652 69
649 70
645 71
642 72
640 73
640 74
640 75
640 76
640 77
640 78
640 79
640 80
640 81
641 82
641 83
640 84
640 85
640 86
641 87
642 88
640 89
641 90
641 91
642 92
641 93
643 94
644 95
642 96
641 97
640 98
642 99
643 100
643 101
645 102
652 103
652 104
652 105
648 106
649 107
657 108
660 109
660 110
661 111
663 112
662 113
663 114
662 115
660 116
662 117
661 118
665 119
663 120
663 121
661 122
658 123
657 124
656 125
656 126
662 127
662 128
658 129
657 130
656 131
655 132
656 133
654 134
654 135
658 136
659 137
659 138
664 139
664 140
666 141
663 142
665 143
665 144
669 145
675 146
675 147
673 148
672 149
675 150
674 151
673 152
680 153
683 154
684 155
678 156
681 157
679 158
679 159
683 160
682 161
678 162
680 163
680 164
679 165
679 166
681 167
683 168
677 169
674 170
677 171
681 172
685 173
681 174
673 175
673 176
670 177
672 178
672 179
670 180
674 181
673 182
671 183
676 184
669 185
669 186
667 187
669 188
669 189
671 190
671 191
673 192
680 193
679 194
676 195
676 196
676 197
676 198
680 199
678 200
679 201
681 202
677 203
678 204
681 205
689 206
691 207
686 208
685 209
688 210
686 211
682 212
685 213
686 214
694 215
688 216
687 217
682 218
684 219
685 220
686 221
683 222
676 223
676 224
670 225
672 226
675 227
670 228
663 229
665 230
675 231
665 232
660 233
663 234
665 235
669 236
667 237
656 238
657 239
654 240
657 241
656 242
654 243
652 244
649 245
644 246
642 247
641 248
636 249
631 250
627 251
629 252
630 253
625 254
620 255
610 256
610 257
621 258
620 259
620 260
622 261
608 262
595 263
594 264
578 265
579 266
581 267
590 268
591 269
584 270
567 271
577 272
566 273
561 274
579 275
577 276
567 277
563 278
543 279
523 280
516 281
526 282
528 283
520 284
499 285
492 286
502 287
510 288
519 289
515 290
511 291
494 292
496 293
501 294
502 295
504 296
485 297
476 298
451 299
446 300
466 301
478 302
489 303
483 304
452 305
433 306
420 307
412 308
434 309
448 310
449 311
446 312
408 313
408 314
415 315
414 316
422 317
401 318
425 319
397 320
377 321
388 322
392 323
371 324
362 325
352 326
374 327
368 328
345 329
365 330
364 331
364 332
343 333
325 334
370 335
393 336
353 337
353 338
352 339
355 340
345 341
326 342
343 343
365 344
357 345
389 346
376 347
355 348
344 349
349 350
398 351
351 352
341 353
351 354
341 355
338 356
343 357
347 358
360 359
356 360
333 361
352 362
344 363
324 364
346 365
346 366
354 367
369 368
333 369
342 370
347 371
347 372
359 373
360 374
387 375
370 376
337 377
354 378
354 379
345 380
333 381
320 382
327 383
336 384
331 385
339 386
325 387
337 388
345 389
338 390
344 391
350 392
316 393
339 394
328 395
345 396
359 397
341 398
341 399
345 400
325 401
349 402
341 403
337 404
338 405
332 406
375 407
374 408
338 409
348 410
356 411
333 412
333 413
338 414
366 415
375 416
342 417
336 418
326 419
331 420
334 421
333 422
345 423
337 424
317 425
330 426
337 427
340 428
328 429
347 430
386 431
384 432
351 433
346 434
359 435
371 436
363 437
379 438
410 439
415 440
411 441
427 442
441 443
442 444
441 445
436 446
471 447
476 448
464 449
463 450
463 451
477 452
484 453
499 454
500 455
500 456
498 457
519 458
515 459
506 460
505 461
499 462
526 463
541 464
536 465
547 466
555 467
552 468
559 469
596 470
609 471
648 472
649 473
654 474
670 475
677 476
678 477
688 478
686 479
675 480
683 481
693 482
696 483
686 484
677 485
678 486
676 487
681 488
687 489
690 490
685 491
681 492
682 493
695 494
696 495
696 496
700 497
704 498
702 499
700 500
704 501
708 502
706 503
703 504
713 505
706 506
704 507
709 508
705 509
715 510
713 511
707 512
706 513
704 514
713 515
714 516
711 517
710 518
707 519
712 520
714 521
714 522
710 523
708 524
710 525
711 526
704 527
701 528
702 529
709 530
708 531
709 532
705 533
706 534
706 535
707 536
711 537
706 538
703 539
711 540
709 541
694 542
694 543
695 544
700 545
698 546
694 547
695 548
695 549
699 550
691 551
693 552
700 553
698 554
694 555
706 556
706 557
711 558
709 559
706 560
713 561
714 562
724 563
729 564
727 565
728 566
723 567
713 568
710 569
704 570
691 571
692 572
697 573
688 574
681 575
676 576
674 577
672 578
668 579
667 580
667 581
661 582
654 583
649 584
652 585
647 586
644 587
640 588
639 589
639 590
639 591
640 592
639 593
640 594
640 595
640 596
639 597
640 598
639 599
639 600
639 601
639 602
639 603
639 604
639 605
639 606
639 607
639 608
639 609
639 610
639 611
639 612
639 613
639 614
640 615
640 616
640 617
640 618
640 619
640 620
640 621
641 622
641 623
641 624
641 625
641 626
641 627
641 628
641 629
641 630
642 631
641 632
642 633
641 634
642 635
641 636
641 637
641 638
642 639
642 640
642 641
642 642
642 643
642 644
642 645
642 646
642 647
642 648
642 649
642 650
642 651
642 652
642 653
642 654
642 655
642 656
642 657
642 658
642 659
643 660
642 661
642 662
642 663
642 664
642 665
642 666
642 667
642 668
641 669
642 670
641 671
642 672
641 673
641 674
641 675
641 676
641 677
641 678
641 679
641 680
641 681
640 682
640 683
641 684
641 685
640 686
640 687
641 688
641 689
640 690
640 691
641 692
640 693
640 694
640 695
640 696
640 697
640 698
640 699
640 700
640 701
640 702
640 703
640 704
640 705
640 706
640 707
640 708
640 709
641 710
640 711
641 712
641 713
640 714
640 715
640 716
640 717
640 718
641 719
