683 0
683 1
689 2
693 3
695 4
695 5
703 6
701 7
698 8
687 9
681 10
686 11
696 12
704 13
704 14
696 15
695 16
687 17
683 18
689 19
696 20
704 21
696 22
691 23
694 24
696 25
687 26
678 27
684 28
683 29
685 30
681 31
685 32
676 33
673 34
671 35
670 36
667 37
665 38
665 39
662 40
669 41
676 42
672 43
658 44
658 45
654 46
654 47
662 48
664 49
660 50
653 51
656 52
653 53
654 54
660 55
661 56
653 57
648 58
652 59
650 60
649 61
651 62
662 63
651 64
651 65
649 66
648 67
651 68
649 69
644 70
645 71
647 72
646 73
647 74
651 75
650 76
651 77
653 78
655 79
650 80
647 81
650 82
649 83
649 84
648 85
652 86
652 87
652 88
648 89
649 90
652 91
649 92
648 93
647 94
649 95
649 96
648 97
649 98
648 99
649 100
649 101
651 102
655 103
654 104
652 105
651 106
651 107
651 108
653 109
650 110
652 111
651 112
651 113
653 114
654 115
657 116
658 117
657 118
658 119
656 120
659 121
659 122
661 123
656 124
658 125
659 126
661 127
661 128
660 129
661 130
659 131
656 132
654 133
656 134
656 135
654 136
656 137
656 138
655 139
655 140
654 141
656 142
659 143
655 144
657 145
657 146
656 147
654 148
647 149
646 150
647 151
648 152
649 153
651 154
652 155
654 156
654 157
655 158
655 159
654 160
651 161
650 162
653 163
653 164
653 165
650 166
653 167
653 168
650 169
652 170
653 171
654 172
654 173
661 174
664 175
655 176
654 177
653 178
654 179
655 180
654 181
654 182
655 183
655 184
657 185
660 186
663 187
666 188
664 189
661 190
659 191
661 192
663 193
666 194
670 195
665 196
660 197
659 198
660 199
664 200
664 201
664 202
665 203
661 204
660 205
660 206
662 207
662 208
664 209
666 210
663 211
659 212
657 213
661 214
664 215
662 216
661 217
657 218
655 219
653 220
653 221
656 222
661 223
658 224
651 225
648 226
651 227
649 228
649 229
646 230
647 231
648 232
649 233
648 234
649 235
644 236
647 237
643 238
636 239
639 240
640 241
645 242
646 243
640 244
633 245
628 246
619 247
623 248
614 249
608 250
607 251
605 252
610 253
611 254
604 255
617 256
606 257
606 258
610 259
602 260
605 261
599 262
584 263
575 264
589 265
577 266
575 267
577 268
577 269
571 270
570 271
569 272
567 273
556 274
561 275
556 276
552 277
524 278
506 279
518 280
520 281
515 282
500 283
504 284
509 285
487 286
474 287
486 288
494 289
491 290
481 291
473 292
475 293
465 294
485 295
507 296
482 297
471 298
466 299
458 300
453 301
466 302
474 303
476 304
445 305
441 306
433 307
419 308
416 309
404 310
429 311
430 312
394 313
393 314
392 315
392 316
401 317
398 318
416 319
405 320
379 321
384 322
390 323
411 324
397 325
387 326
394 327
387 328
370 329
386 330
399 331
380 332
377 333
377 334
393 335
386 336
369 337
397 338
401 339
377 340
365 341
349 342
386 343
389 344
363 345
361 346
372 347
380 348
357 349
370 350
393 351
396 352
381 353
374 354
369 355
366 356
362 357
365 358
406 359
401 360
368 361
369 362
373 363
384 364
399 365
414 366
430 367
406 368
368 369
362 370
362 371
366 372
401 373
387 374
399 375
383 376
373 377
378 378
386 379
398 380
402 381
388 382
369 383
386 384
376 385
360 386
370 387
383 388
379 389
385 390
397 391
374 392
369 393
396 394
383 395
379 396
379 397
374 398
373 399
398 400
375 401
389 402
377 403
367 404
383 405
386 406
415 407
413 408
402 409
407 410
399 411
406 412
402 413
411 414
424 415
412 416
395 417
404 418
402 419
408 420
404 421
403 422
407 423
415 424
409 425
400 426
400 427
414 428
423 429
414 430
411 431
432 432
423 433
420 434
418 435
436 436
434 437
444 438
445 439
435 440
439 441
449 442
452 443
451 444
455 445
455 446
468 447
473 448
466 449
465 450
460 451
467 452
463 453
466 454
489 455
487 456
483 457
479 458
479 459
483 460
484 461
488 462
503 463
502 464
509 465
511 466
517 467
516 468
526 469
555 470
594 471
606 472
609 473
611 474
613 475
617 476
632 477
642 478
641 479
650 480
651 481
652 482
647 483
642 484
646 485
644 486
644 487
649 488
653 489
666 490
665 491
659 492
662 493
663 494
673 495
678 496
676 497
683 498
679 499
681 500
692 501
698 502
694 503
681 504
678 505
677 506
686 507
682 508
685 509
689 510
696 511
691 512
696 513
693 514
685 515
694 516
697 517
701 518
701 519
692 520
696 521
692 522
693 523
701 524
705 525
698 526
693 527
688 528
697 529
701 530
704 531
707 532
703 533
702 534
694 535
703 536
711 537
704 538
709 539
712 540
704 541
702 542
697 543
700 544
703 545
698 546
695 547
697 548
701 549
701 550
699 551
701 552
706 553
713 554
700 555
690 556
698 557
710 558
707 559
703 560
705 561
698 562
706 563
710 564
713 565
713 566
718 567
698 568
690 569
689 570
689 571
684 572
682 573
681 574
676 575
669 576
667 577
666 578
668 579
659 580
651 581
652 582
650 583
651 584
644 585
642 586
641 587
639 588
639 589
639 590
640 591
639 592
639 593
639 594
639 595
639 596
639 597
639 598
639 599
639 600
639 601
639 602
639 603
639 604
639 605
639 606
639 607
639 608
639 609
639 610
639 611
639 612
639 613
639 614
639 615
639 616
639 617
639 618
639 619
639 620
639 621
639 622
639 623
639 624
639 625
639 626
639 627
639 628
639 629
639 630
639 631
639 632
639 633
639 634
639 635
639 636
639 637
639 638
639 639
639 640
639 641
639 642
639 643
639 644
639 645
639 646
639 647
639 648
639 649
639 650
639 651
639 652
639 653
639 654
639 655
639 656
639 657
639 658
639 659
639 660
639 661
639 662
639 663
639 664
639 665
639 666
639 667
639 668
639 669
639 670
639 671
639 672
639 673
639 674
639 675
639 676
639 677
639 678
639 679
639 680
639 681
639 682
639 683
639 684
639 685
639 686
639 687
639 688
639 689
639 690
639 691
639 692
639 693
639 694
639 695
639 696
639 697
639 698
639 699
639 700
639 701
639 702
639 703
639 704
639 705
639 706
639 707
639 708
639 709
639 710
639 711
639 712
639 713
639 714
639 715
639 716
639 717
639 718
639 719
