729 0
734 1
742 2
749 3
759 4
762 5
769 6
769 7
766 8
784 9
767 10
763 11
771 12
775 13
768 14
754 15
747 16
750 17
747 18
750 19
756 20
743 21
729 22
717 23
744 24
739 25
736 26
736 27
730 28
719 29
718 30
717 31
723 32
723 33
733 34
726 35
714 36
707 37
709 38
717 39
712 40
714 41
709 42
702 43
703 44
692 45
697 46
692 47
692 48
686 49
689 50
687 51
686 52
685 53
690 54
685 55
680 56
674 57
669 58
671 59
674 60
670 61
670 62
667 63
668 64
657 65
655 66
656 67
655 68
648 69
645 70
643 71
639 72
639 73
639 74
639 75
639 76
639 77
638 78
641 79
640 80
639 81
639 82
640 83
639 84
639 85
641 86
642 87
642 88
642 89
641 90
640 91
641 92
641 93
641 94
641 95
640 96
640 97
642 98
641 99
641 100
641 101
642 102
642 103
643 104
642 105
639 106
640 107
641 108
639 109
641 110
642 111
642 112
641 113
638 114
638 115
638 116
638 117
638 118
638 119
637 120
637 121
637 122
638 123
638 124
637 125
637 126
637 127
639 128
638 129
638 130
638 131
639 132
640 133
641 134
639 135
638 136
637 137
636 138
637 139
637 140
637 141
636 142
636 143
636 144
636 145
636 146
635 147
635 148
636 149
636 150
636 151
636 152
636 153
635 154
635 155
635 156
637 157
638 158
639 159
637 160
637 161
636 162
635 163
636 164
637 165
637 166
637 167
635 168
635 169
635 170
635 171
635 172
635 173
635 174
635 175
635 176
636 177
635 178
633 179
633 180
633 181
635 182
637 183
636 184
637 185
637 186
635 187
636 188
638 189
638 190
638 191
639 192
638 193
637 194
637 195
638 196
640 197
641 198
641 199
640 200
639 201
639 202
640 203
640 204
641 205
642 206
641 207
640 208
640 209
641 210
640 211
639 212
639 213
639 214
640 215
640 216
637 217
637 218
639 219
639 220
638 221
637 222
639 223
639 224
637 225
635 226
634 227
633 228
633 229
633 230
635 231
635 232
633 233
632 234
634 235
634 236
629 237
625 238
622 239
622 240
623 241
621 242
621 243
623 244
612 245
615 246
617 247
608 248
617 249
618 250
610 251
604 252
609 253
613 254
609 255
605 256
602 257
598 258
591 259
597 260
596 261
590 262
581 263
587 264
580 265
573 266
573 267
579 268
587 269
585 270
574 271
573 272
565 273
552 274
567 275
565 276
545 277
543 278
542 279
538 280
537 281
522 282
519 283
515 284
524 285
533 286
534 287
553 288
544 289
545 290
537 291
538 292
537 293
542 294
546 295
545 296
545 297
540 298
526 299
527 300
533 301
541 302
545 303
553 304
537 305
533 306
524 307
518 308
517 309
517 310
539 311
537 312
515 313
521 314
527 315
523 316
516 317
517 318
534 319
527 320
532 321
524 322
510 323
509 324
515 325
516 326
523 327
523 328
516 329
519 330
512 331
510 332
505 333
507 334
522 335
519 336
509 337
507 338
509 339
519 340
520 341
514 342
514 343
518 344
512 345
505 346
509 347
510 348
510 349
507 350
515 351
514 352
509 353
510 354
505 355
501 356
510 357
512 358
509 359
510 360
500 361
505 362
512 363
511 364
512 365
502 366
516 367
523 368
514 369
512 370
513 371
512 372
510 373
519 374
519 375
523 376
511 377
513 378
517 379
520 380
518 381
517 382
519 383
516 384
514 385
515 386
523 387
523 388
522 389
521 390
525 391
520 392
525 393
530 394
526 395
522 396
518 397
517 398
533 399
531 400
527 401
532 402
532 403
531 404
534 405
534 406
540 407
540 408
525 409
536 410
533 411
538 412
537 413
533 414
535 415
531 416
528 417
534 418
534 419
542 420
539 421
540 422
548 423
537 424
528 425
534 426
537 427
543 428
545 429
542 430
551 431
545 432
541 433
548 434
542 435
544 436
554 437
549 438
559 439
570 440
563 441
573 442
588 443
593 444
588 445
586 446
591 447
594 448
597 449
611 450
608 451
607 452
608 453
607 454
616 455
617 456
614 457
621 458
623 459
622 460
622 461
627 462
629 463
630 464
630 465
636 466
636 467
638 468
640 469
648 470
655 471
657 472
657 473
657 474
657 475
657 476
658 477
659 478
659 479
658 480
658 481
659 482
659 483
660 484
658 485
659 486
659 487
661 488
661 489
662 490
662 491
663 492
663 493
664 494
666 495
663 496
663 497
665 498
665 499
665 500
666 501
667 502
667 503
666 504
666 505
665 506
668 507
669 508
671 509
670 510
669 511
668 512
668 513
670 514
672 515
671 516
671 517
672 518
673 519
672 520
671 521
671 522
671 523
675 524
675 525
676 526
676 527
678 528
678 529
681 530
682 531
682 532
683 533
683 534
682 535
684 536
685 537
685 538
683 539
684 540
684 541
685 542
685 543
687 544
686 545
688 546
689 547
689 548
687 549
684 550
683 551
683 552
681 553
681 554
678 555
675 556
671 557
667 558
663 559
660 560
653 561
644 562
643 563
642 564
638 565
637 566
637 567
637 568
636 569
637 570
638 571
638 572
638 573
637 574
638 575
637 576
636 577
637 578
635 579
634 580
634 581
634 582
634 583
635 584
634 585
633 586
634 587
634 588
634 589
635 590
636 591
635 592
635 593
635 594
636 595
637 596
637 597
638 598
638 599
637 600
637 601
637 602
637 603
637 604
637 605
637 606
637 607
638 608
638 609
637 610
637 611
637 612
637 613
638 614
638 615
637 616
638 617
637 618
638 619
638 620
638 621
637 622
637 623
638 624
637 625
637 626
637 627
637 628
638 629
638 630
637 631
637 632
637 633
638 634
638 635
638 636
639 637
639 638
639 639
639 640
639 641
639 642
639 643
639 644
639 645
639 646
639 647
639 648
639 649
639 650
639 651
639 652
639 653
639 654
639 655
639 656
639 657
639 658
639 659
639 660
639 661
639 662
639 663
639 664
639 665
639 666
639 667
638 668
639 669
638 670
638 671
638 672
637 673
638 674
637 675
637 676
636 677
636 678
636 679
637 680
637 681
637 682
637 683
636 684
636 685
636 686
636 687
636 688
636 689
636 690
636 691
636 692
637 693
637 694
637 695
636 696
637 697
637 698
636 699
635 700
637 701
637 702
635 703
635 704
635 705
634 706
636 707
633 708
633 709
633 710
631 711
632 712
631 713
630 714
631 715
633 716
635 717
635 718
636 719
