736 0
754 1
760 2
775 3
778 4
775 5
789 6
778 7
785 8
788 9
788 10
792 11
800 12
782 13
786 14
780 15
782 16
784 17
783 18
796 19
786 20
777 21
767 22
745 23
764 24
760 25
762 26
772 27
766 28
759 29
752 30
736 31
733 32
745 33
746 34
739 35
734 36
729 37
724 38
723 39
727 40
720 41
711 42
716 43
717 44
719 45
718 46
702 47
714 48
711 49
704 50
702 51
701 52
705 53
697 54
695 55
703 56
695 57
684 58
679 59
681 60
680 61
675 62
672 63
660 64
663 65
661 66
658 67
656 68
652 69
645 70
646 71
642 72
640 73
641 74
641 75
642 76
641 77
641 78
642 79
642 80
642 81
643 82
643 83
644 84
644 85
642 86
644 87
646 88
646 89
650 90
655 91
654 92
653 93
653 94
655 95
657 96
655 97
655 98
655 99
659 100
660 101
663 102
662 103
668 104
668 105
667 106
658 107
661 108
659 109
652 110
654 111
656 112
653 113
654 114
653 115
658 116
663 117
661 118
664 119
662 120
657 121
665 122
664 123
657 124
660 125
662 126
662 127
665 128
664 129
661 130
663 131
663 132
662 133
658 134
662 135
663 136
658 137
660 138
662 139
664 140
659 141
660 142
661 143
660 144
662 145
664 146
663 147
661 148
660 149
661 150
664 151
662 152
664 153
664 154
664 155
663 156
664 157
664 158
667 159
671 160
669 161
669 162
668 163
668 164
670 165
675 166
674 167
671 168
674 169
674 170
674 171
675 172
677 173
679 174
684 175
678 176
681 177
680 178
682 179
684 180
686 181
688 182
688 183
682 184
689 185
690 186
690 187
688 188
683 189
686 190
686 191
692 192
701 193
698 194
696 195
692 196
692 197
686 198
685 199
679 200
677 201
678 202
682 203
682 204
675 205
674 206
676 207
680 208
680 209
678 210
675 211
676 212
680 213
681 214
680 215
680 216
681 217
674 218
671 219
672 220
673 221
668 222
667 223
665 224
665 225
663 226
662 227
664 228
664 229
666 230
664 231
663 232
663 233
664 234
666 235
659 236
654 237
652 238
656 239
656 240
656 241
651 242
645 243
639 244
638 245
639 246
639 247
639 248
636 249
631 250
622 251
610 252
609 253
611 254
616 255
616 256
606 257
597 258
596 259
616 260
609 261
607 262
597 263
584 264
568 265
571 266
578 267
581 268
576 269
574 270
580 271
573 272
559 273
567 274
561 275
547 276
543 277
532 278
523 279
513 280
515 281
504 282
499 283
492 284
487 285
465 286
469 287
480 288
463 289
472 290
469 291
468 292
452 293
417 294
460 295
470 296
442 297
443 298
438 299
448 300
458 301
454 302
459 303
445 304
424 305
408 306
400 307
392 308
397 309
405 310
418 311
411 312
358 313
359 314
362 315
366 316
377 317
364 318
374 319
384 320
339 321
339 322
335 323
340 324
364 325
352 326
369 327
354 328
346 329
354 330
365 331
352 332
359 333
327 334
342 335
323 336
329 337
361 338
333 339
307 340
309 341
321 342
341 343
334 344
323 345
326 346
325 347
337 348
332 349
320 350
333 351
339 352
321 353
317 354
313 355
318 356
320 357
327 358
348 359
358 360
323 361
316 362
311 363
316 364
341 365
344 366
356 367
357 368
327 369
331 370
330 371
330 372
338 373
335 374
347 375
349 376
331 377
342 378
350 379
354 380
330 381
328 382
354 383
349 384
327 385
330 386
331 387
341 388
347 389
333 390
365 391
366 392
339 393
346 394
355 395
373 396
380 397
368 398
397 399
387 400
366 401
352 402
352 403
351 404
360 405
345 406
367 407
374 408
367 409
363 410
365 411
383 412
371 413
370 414
366 415
368 416
350 417
357 418
374 419
373 420
373 421
367 422
377 423
383 424
366 425
377 426
384 427
396 428
381 429
376 430
387 431
409 432
379 433
379 434
397 435
419 436
437 437
451 438
456 439
483 440
462 441
474 442
470 443
482 444
497 445
520 446
522 447
518 448
526 449
525 450
519 451
514 452
532 453
540 454
550 455
537 456
538 457
544 458
557 459
566 460
566 461
567 462
581 463
572 464
583 465
592 466
614 467
634 468
624 469
642 470
673 471
682 472
706 473
710 474
709 475
709 476
712 477
713 478
709 479
712 480
714 481
716 482
720 483
725 484
721 485
725 486
727 487
728 488
732 489
731 490
728 491
726 492
731 493
734 494
736 495
739 496
737 497
737 498
735 499
736 500
736 501
740 502
739 503
734 504
736 505
733 506
729 507
731 508
732 509
733 510
736 511
731 512
734 513
741 514
740 515
738 516
739 517
740 518
736 519
735 520
739 521
735 522
737 523
744 524
746 525
745 526
744 527
735 528
745 529
747 530
746 531
745 532
740 533
740 534
738 535
747 536
749 537
747 538
748 539
746 540
748 541
743 542
738 543
744 544
750 545
747 546
740 547
740 548
742 549
743 550
743 551
740 552
749 553
747 554
742 555
745 556
745 557
744 558
742 559
745 560
747 561
750 562
750 563
746 564
736 565
729 566
720 567
718 568
716 569
715 570
710 571
702 572
698 573
693 574
688 575
686 576
683 577
676 578
668 579
670 580
663 581
656 582
652 583
651 584
647 585
646 586
642 587
640 588
639 589
639 590
642 591
641 592
640 593
640 594
639 595
640 596
640 597
639 598
640 599
639 600
640 601
641 602
640 603
640 604
640 605
639 606
640 607
639 608
639 609
641 610
640 611
639 612
639 613
639 614
641 615
640 616
639 617
639 618
639 619
639 620
640 621
639 622
639 623
640 624
640 625
640 626
640 627
639 628
639 629
639 630
639 631
639 632
639 633
639 634
639 635
639 636
639 637
639 638
639 639
639 640
639 641
639 642
639 643
639 644
639 645
639 646
639 647
639 648
639 649
639 650
639 651
639 652
639 653
639 654
639 655
639 656
639 657
639 658
639 659
639 660
639 661
639 662
639 663
639 664
639 665
639 666
639 667
639 668
639 669
639 670
639 671
639 672
639 673
639 674
639 675
639 676
639 677
639 678
639 679
639 680
639 681
639 682
639 683
640 684
639 685
639 686
639 687
639 688
639 689
639 690
639 691
639 692
639 693
639 694
639 695
639 696
639 697
639 698
639 699
639 700
639 701
639 702
639 703
639 704
639 705
639 706
639 707
639 708
639 709
639 710
639 711
639 712
639 713
639 714
639 715
639 716
639 717
639 718
639 719
