691 0
696 1
699 2
695 3
696 4
700 5
698 6
695 7
691 8
691 9
699 10
704 11
712 12
712 13
709 14
696 15
695 16
693 17
697 18
706 19
706 20
705 21
705 22
696 23
696 24
699 25
698 26
707 27
702 28
690 29
687 30
689 31
695 32
695 33
700 34
690 35
687 36
687 37
686 38
687 39
688 40
683 41
683 42
679 43
680 44
681 45
683 46
688 47
676 48
673 49
674 50
676 51
677 52
674 53
676 54
679 55
672 56
676 57
671 58
669 59
664 60
666 61
665 62
663 63
656 64
661 65
658 66
652 67
647 68
647 69
641 70
639 71
639 72
639 73
639 74
639 75
640 76
640 77
639 78
639 79
639 80
640 81
640 82
641 83
640 84
640 85
640 86
642 87
641 88
641 89
642 90
643 91
642 92
641 93
642 94
642 95
643 96
642 97
640 98
642 99
642 100
641 101
642 102
641 103
643 104
641 105
640 106
642 107
643 108
643 109
642 110
643 111
643 112
639 113
639 114
642 115
642 116
643 117
643 118
641 119
640 120
640 121
641 122
640 123
640 124
641 125
645 126
642 127
642 128
641 129
645 130
641 131
640 132
643 133
642 134
640 135
639 136
640 137
639 138
638 139
638 140
638 141
638 142
638 143
639 144
639 145
638 146
639 147
639 148
639 149
639 150
638 151
638 152
637 153
638 154
639 155
638 156
638 157
637 158
637 159
638 160
637 161
638 162
638 163
637 164
637 165
637 166
638 167
638 168
638 169
638 170
638 171
638 172
638 173
638 174
638 175
638 176
638 177
637 178
637 179
638 180
639 181
639 182
641 183
642 184
641 185
642 186
642 187
643 188
643 189
644 190
643 191
642 192
644 193
644 194
641 195
641 196
642 197
642 198
641 199
642 200
644 201
644 202
644 203
645 204
646 205
645 206
645 207
644 208
646 209
647 210
647 211
646 212
646 213
646 214
648 215
649 216
648 217
648 218
648 219
651 220
651 221
652 222
651 223
650 224
650 225
652 226
651 227
648 228
650 229
650 230
651 231
651 232
650 233
651 234
653 235
648 236
650 237
647 238
638 239
643 240
645 241
646 242
644 243
636 244
634 245
626 246
627 247
624 248
618 249
625 250
615 251
605 252
608 253
609 254
605 255
616 256
615 257
608 258
599 259
609 260
606 261
598 262
593 263
578 264
576 265
577 266
576 267
574 268
558 269
564 270
565 271
563 272
560 273
551 274
554 275
561 276
573 277
571 278
550 279
512 280
523 281
536 282
531 283
515 284
513 285
505 286
514 287
546 288
539 289
544 290
531 291
534 292
535 293
518 294
533 295
551 296
560 297
546 298
534 299
540 300
558 301
553 302
553 303
552 304
536 305
539 306
526 307
533 308
535 309
515 310
523 311
529 312
518 313
524 314
516 315
522 316
536 317
539 318
532 319
537 320
522 321
520 322
523 323
528 324
526 325
524 326
528 327
535 328
525 329
519 330
517 331
516 332
518 333
517 334
524 335
530 336
520 337
520 338
520 339
521 340
512 341
511 342
522 343
527 344
514 345
520 346
515 347
520 348
521 349
516 350
526 351
534 352
522 353
522 354
514 355
513 356
512 357
515 358
533 359
533 360
518 361
523 362
522 363
523 364
521 365
523 366
531 367
531 368
525 369
519 370
524 371
526 372
520 373
519 374
529 375
531 376
526 377
529 378
523 379
522 380
526 381
529 382
534 383
529 384
526 385
532 386
526 387
526 388
541 389
530 390
526 391
530 392
539 393
540 394
541 395
534 396
540 397
538 398
536 399
545 400
540 401
540 402
541 403
537 404
530 405
535 406
557 407
558 408
543 409
542 410
541 411
543 412
546 413
552 414
566 415
555 416
548 417
545 418
549 419
562 420
559 421
557 422
561 423
558 424
544 425
545 426
557 427
554 428
553 429
549 430
561 431
570 432
559 433
559 434
566 435
572 436
569 437
572 438
579 439
587 440
586 441
593 442
593 443
598 444
594 445
603 446
606 447
615 448
612 449
614 450
611 451
614 452
612 453
615 454
621 455
626 456
625 457
622 458
626 459
628 460
630 461
636 462
641 463
644 464
644 465
642 466
647 467
652 468
658 469
659 470
657 471
655 472
658 473
655 474
656 475
654 476
654 477
652 478
651 479
650 480
650 481
655 482
652 483
649 484
647 485
646 486
648 487
644 488
644 489
646 490
650 491
646 492
648 493
648 494
649 495
646 496
649 497
648 498
645 499
647 500
649 501
652 502
651 503
648 504
650 505
653 506
652 507
652 508
654 509
657 510
657 511
656 512
657 513
657 514
657 515
656 516
657 517
658 518
658 519
657 520
655 521
658 522
656 523
655 524
653 525
659 526
657 527
659 528
657 529
657 530
658 531
659 532
658 533
654 534
655 535
655 536
658 537
659 538
656 539
656 540
655 541
658 542
659 543
660 544
660 545
659 546
659 547
660 548
663 549
664 550
663 551
662 552
661 553
662 554
663 555
664 556
668 557
666 558
662 559
653 560
646 561
644 562
645 563
640 564
636 565
631 566
630 567
630 568
628 569
627 570
630 571
630 572
627 573
627 574
630 575
630 576
628 577
629 578
629 579
628 580
625 581
626 582
627 583
629 584
628 585
628 586
629 587
631 588
630 589
630 590
630 591
632 592
631 593
630 594
630 595
631 596
631 597
628 598
627 599
629 600
628 601
629 602
629 603
632 604
630 605
630 606
628 607
627 608
625 609
625 610
625 611
626 612
626 613
626 614
626 615
626 616
626 617
627 618
626 619
626 620
626 621
625 622
624 623
626 624
626 625
625 626
627 627
627 628
629 629
630 630
631 631
632 632
632 633
632 634
632 635
632 636
632 637
632 638
633 639
635 640
634 641
633 642
631 643
629 644
628 645
628 646
632 647
631 648
631 649
633 650
635 651
635 652
635 653
635 654
635 655
635 656
635 657
636 658
637 659
637 660
637 661
637 662
637 663
636 664
637 665
637 666
637 667
637 668
637 669
637 670
637 671
637 672
637 673
637 674
637 675
637 676
637 677
638 678
637 679
638 680
638 681
639 682
639 683
639 684
639 685
639 686
639 687
639 688
639 689
639 690
639 691
639 692
639 693
639 694
639 695
639 696
639 697
639 698
639 699
639 700
639 701
639 702
639 703
639 704
639 705
639 706
639 707
639 708
640 709
640 710
639 711
640 712
640 713
640 714
640 715
640 716
640 717
640 718
640 719
