745 0
767 1
772 2
773 3
781 4
796 5
799 6
793 7
778 8
777 9
771 10
780 11
801 12
805 13
796 14
787 15
776 16
772 17
778 18
787 19
788 20
778 21
774 22
772 23
755 24
759 25
765 26
771 27
768 28
769 29
759 30
738 31
734 32
733 33
740 34
736 35
732 36
726 37
722 38
727 39
725 40
726 41
725 42
716 43
708 44
702 45
704 46
704 47
710 48
712 49
708 50
698 51
690 52
691 53
697 54
695 55
692 56
687 57
688 58
683 59
677 60
676 61
675 62
670 63
663 64
661 65
659 66
657 67
658 68
650 69
646 70
643 71
642 72
642 73
643 74
642 75
642 76
641 77
641 78
641 79
640 80
641 81
640 82
640 83
640 84
641 85
640 86
639 87
639 88
640 89
640 90
639 91
639 92
639 93
638 94
641 95
640 96
642 97
642 98
641 99
641 100
642 101
641 102
641 103
641 104
642 105
642 106
642 107
640 108
644 109
644 110
644 111
645 112
641 113
642 114
643 115
644 116
646 117
646 118
644 119
643 120
643 121
644 122
642 123
641 124
644 125
644 126
645 127
642 128
641 129
641 130
641 131
643 132
640 133
642 134
641 135
640 136
639 137
640 138
640 139
640 140
639 141
640 142
641 143
642 144
644 145
646 146
646 147
644 148
643 149
644 150
644 151
644 152
644 153
642 154
643 155
644 156
644 157
644 158
643 159
643 160
643 161
643 162
643 163
642 164
642 165
642 166
642 167
643 168
643 169
643 170
643 171
643 172
644 173
644 174
645 175
647 176
645 177
646 178
645 179
646 180
646 181
648 182
645 183
644 184
643 185
645 186
647 187
646 188
646 189
646 190
648 191
648 192
650 193
649 194
647 195
646 196
645 197
644 198
641 199
640 200
641 201
640 202
640 203
640 204
641 205
639 206
640 207
639 208
637 209
640 210
637 211
637 212
637 213
637 214
638 215
637 216
638 217
634 218
634 219
634 220
634 221
636 222
636 223
634 224
634 225
634 226
634 227
633 228
633 229
634 230
636 231
634 232
633 233
633 234
634 235
631 236
626 237
625 238
629 239
625 240
626 241
628 242
622 243
617 244
618 245
611 246
614 247
615 248
618 249
614 250
601 251
596 252
601 253
611 254
604 255
608 256
607 257
608 258
608 259
610 260
606 261
605 262
596 263
599 264
587 265
598 266
606 267
610 268
594 269
586 270
594 271
583 272
585 273
581 274
590 275
584 276
580 277
571 278
569 279
556 280
560 281
558 282
555 283
558 284
561 285
573 286
581 287
572 288
580 289
573 290
572 291
568 292
568 293
575 294
584 295
575 296
579 297
574 298
571 299
574 300
587 301
585 302
573 303
582 304
577 305
572 306
576 307
571 308
579 309
587 310
580 311
581 312
574 313
574 314
585 315
580 316
578 317
584 318
586 319
586 320
576 321
583 322
580 323
589 324
588 325
580 326
582 327
575 328
575 329
581 330
588 331
587 332
583 333
581 334
582 335
583 336
583 337
587 338
585 339
586 340
588 341
590 342
587 343
591 344
592 345
594 346
595 347
594 348
596 349
594 350
598 351
595 352
602 353
602 354
598 355
596 356
595 357
601 358
606 359
609 360
605 361
606 362
603 363
609 364
608 365
610 366
617 367
616 368
609 369
616 370
620 371
620 372
619 373
614 374
622 375
624 376
624 377
630 378
633 379
638 380
629 381
621 382
628 383
647 384
639 385
645 386
639 387
649 388
646 389
643 390
657 391
656 392
652 393
654 394
665 395
674 396
671 397
666 398
672 399
663 400
658 401
658 402
668 403
676 404
678 405
676 406
676 407
675 408
674 409
678 410
693 411
704 412
698 413
692 414
691 415
687 416
697 417
703 418
703 419
702 420
712 421
713 422
715 423
703 424
710 425
716 426
735 427
736 428
718 429
725 430
720 431
713 432
736 433
721 434
709 435
721 436
735 437
745 438
733 439
716 440
719 441
727 442
732 443
724 444
727 445
730 446
736 447
735 448
741 449
739 450
736 451
750 452
751 453
756 454
735 455
737 456
749 457
746 458
754 459
757 460
767 461
766 462
750 463
741 464
754 465
756 466
765 467
769 468
773 469
787 470
779 471
775 472
783 473
791 474
788 475
787 476
791 477
796 478
790 479
793 480
795 481
801 482
789 483
792 484
796 485
801 486
801 487
793 488
799 489
800 490
798 491
800 492
800 493
798 494
795 495
794 496
793 497
790 498
786 499
784 500
785 501
790 502
785 503
775 504
778 505
784 506
781 507
784 508
786 509
786 510
787 511
780 512
785 513
789 514
784 515
785 516
782 517
781 518
774 519
774 520
786 521
782 522
786 523
784 524
784 525
781 526
764 527
774 528
777 529
777 530
781 531
780 532
773 533
767 534
759 535
769 536
772 537
773 538
773 539
771 540
770 541
768 542
766 543
764 544
767 545
765 546
757 547
746 548
752 549
757 550
750 551
763 552
754 553
745 554
749 555
752 556
746 557
750 558
760 559
758 560
750 561
742 562
733 563
730 564
726 565
728 566
725 567
706 568
713 569
704 570
702 571
701 572
695 573
689 574
679 575
676 576
679 577
674 578
664 579
666 580
665 581
656 582
651 583
651 584
645 585
643 586
640 587
637 588
636 589
637 590
636 591
636 592
635 593
634 594
635 595
635 596
634 597
634 598
635 599
635 600
634 601
634 602
634 603
634 604
635 605
635 606
635 607
635 608
635 609
636 610
636 611
636 612
636 613
636 614
636 615
637 616
637 617
638 618
638 619
638 620
638 621
638 622
639 623
638 624
638 625
638 626
638 627
638 628
638 629
638 630
638 631
638 632
638 633
638 634
638 635
639 636
639 637
638 638
638 639
638 640
638 641
638 642
638 643
638 644
638 645
638 646
639 647
639 648
638 649
638 650
639 651
639 652
639 653
639 654
640 655
639 656
639 657
639 658
639 659
640 660
642 661
643 662
642 663
638 664
638 665
638 666
638 667
638 668
638 669
638 670
638 671
638 672
638 673
638 674
638 675
638 676
638 677
637 678
637 679
637 680
637 681
637 682
637 683
637 684
637 685
637 686
637 687
637 688
637 689
637 690
637 691
637 692
637 693
636 694
636 695
636 696
635 697
634 698
634 699
633 700
635 701
634 702
633 703
633 704
634 705
633 706
632 707
632 708
632 709
633 710
634 711
632 712
632 713
633 714
633 715
633 716
634 717
635 718
635 719
