732 0
736 1
756 2
774 3
788 4
793 5
788 6
771 7
759 8
782 9
776 10
770 11
765 12
779 13
779 14
751 15
754 16
774 17
785 18
793 19
785 20
783 21
776 22
749 23
749 24
765 25
758 26
756 27
747 28
731 29
727 30
718 31
722 32
724 33
729 34
721 35
714 36
720 37
715 38
710 39
717 40
714 41
702 42
696 43
696 44
690 45
694 46
692 47
693 48
697 49
687 50
685 51
690 52
691 53
689 54
687 55
681 56
676 57
674 58
671 59
669 60
668 61
664 62
664 63
663 64
659 65
657 66
651 67
651 68
645 69
641 70
640 71
639 72
639 73
639 74
639 75
639 76
639 77
639 78
640 79
640 80
640 81
640 82
640 83
640 84
639 85
638 86
640 87
640 88
640 89
641 90
642 91
639 92
639 93
638 94
638 95
639 96
640 97
642 98
641 99
643 100
641 101
641 102
642 103
645 104
644 105
641 106
642 107
647 108
645 109
645 110
647 111
647 112
649 113
647 114
645 115
647 116
648 117
645 118
647 119
640 120
642 121
641 122
639 123
639 124
641 125
639 126
642 127
643 128
639 129
639 130
637 131
639 132
639 133
639 134
643 135
638 136
638 137
639 138
639 139
639 140
639 141
639 142
640 143
639 144
642 145
643 146
642 147
642 148
644 149
646 150
644 151
644 152
644 153
644 154
644 155
647 156
646 157
646 158
644 159
644 160
643 161
644 162
644 163
647 164
648 165
648 166
648 167
650 168
649 169
646 170
650 171
648 172
645 173
644 174
647 175
646 176
642 177
641 178
643 179
645 180
648 181
647 182
646 183
647 184
647 185
648 186
646 187
642 188
640 189
642 190
643 191
638 192
644 193
644 194
646 195
646 196
645 197
642 198
640 199
645 200
646 201
646 202
644 203
644 204
647 205
647 206
645 207
646 208
642 209
642 210
644 211
646 212
645 213
645 214
646 215
647 216
647 217
645 218
646 219
649 220
649 221
646 222
648 223
648 224
647 225
648 226
650 227
647 228
649 229
648 230
649 231
647 232
648 233
644 234
645 235
642 236
632 237
637 238
631 239
635 240
636 241
624 242
623 243
623 244
622 245
618 246
612 247
613 248
612 249
603 250
594 251
597 252
610 253
603 254
586 255
582 256
586 257
587 258
585 259
585 260
582 261
570 262
555 263
559 264
561 265
559 266
575 267
573 268
565 269
559 270
556 271
548 272
555 273
567 274
562 275
568 276
561 277
557 278
551 279
551 280
560 281
580 282
575 283
557 284
550 285
545 286
553 287
564 288
561 289
562 290
557 291
548 292
546 293
539 294
550 295
545 296
537 297
533 298
533 299
533 300
539 301
547 302
554 303
556 304
553 305
541 306
530 307
537 308
550 309
551 310
547 311
555 312
535 313
537 314
532 315
536 316
544 317
542 318
550 319
543 320
530 321
530 322
544 323
545 324
539 325
531 326
544 327
536 328
534 329
536 330
531 331
536 332
537 333
539 334
546 335
544 336
529 337
531 338
538 339
542 340
535 341
526 342
530 343
538 344
532 345
532 346
545 347
539 348
531 349
528 350
533 351
545 352
536 353
530 354
533 355
527 356
528 357
533 358
551 359
550 360
544 361
541 362
542 363
542 364
540 365
543 366
553 367
554 368
556 369
557 370
560 371
562 372
570 373
570 374
579 375
584 376
579 377
584 378
584 379
585 380
591 381
582 382
599 383
600 384
594 385
594 386
596 387
603 388
606 389
599 390
611 391
608 392
603 393
615 394
618 395
619 396
618 397
617 398
623 399
602 400
605 401
609 402
608 403
609 404
620 405
620 406
631 407
641 408
620 409
619 410
629 411
630 412
646 413
633 414
629 415
655 416
650 417
655 418
664 419
666 420
670 421
661 422
657 423
654 424
663 425
674 426
689 427
687 428
676 429
670 430
678 431
675 432
681 433
693 434
689 435
687 436
706 437
705 438
696 439
701 440
710 441
705 442
706 443
709 444
725 445
734 446
727 447
718 448
736 449
734 450
729 451
740 452
751 453
755 454
759 455
742 456
758 457
737 458
734 459
753 460
762 461
759 462
745 463
759 464
764 465
762 466
766 467
774 468
781 469
784 470
772 471
778 472
783 473
782 474
783 475
778 476
777 477
778 478
777 479
782 480
786 481
786 482
786 483
785 484
785 485
787 486
779 487
784 488
785 489
782 490
786 491
788 492
786 493
788 494
788 495
779 496
785 497
784 498
783 499
787 500
786 501
784 502
780 503
785 504
785 505
783 506
780 507
782 508
784 509
786 510
788 511
788 512
785 513
787 514
787 515
787 516
786 517
782 518
781 519
783 520
786 521
786 522
785 523
784 524
786 525
791 526
784 527
786 528
787 529
790 530
790 531
789 532
788 533
792 534
790 535
786 536
794 537
802 538
797 539
801 540
801 541
803 542
807 543
799 544
808 545
808 546
810 547
812 548
808 549
810 550
809 551
815 552
810 553
806 554
802 555
795 556
793 557
787 558
777 559
764 560
756 561
752 562
750 563
746 564
736 565
730 566
727 567
710 568
709 569
709 570
702 571
698 572
691 573
684 574
680 575
673 576
668 577
663 578
661 579
657 580
653 581
644 582
642 583
640 584
636 585
635 586
633 587
628 588
629 589
628 590
629 591
630 592
629 593
630 594
629 595
631 596
634 597
635 598
634 599
633 600
634 601
634 602
633 603
633 604
632 605
634 606
633 607
634 608
632 609
632 610
633 611
634 612
634 613
634 614
636 615
635 616
637 617
637 618
636 619
638 620
637 621
638 622
638 623
637 624
637 625
637 626
637 627
637 628
637 629
638 630
639 631
637 632
637 633
637 634
638 635
638 636
638 637
638 638
638 639
639 640
639 641
639 642
639 643
639 644
639 645
639 646
639 647
639 648
639 649
639 650
639 651
639 652
639 653
639 654
639 655
639 656
639 657
639 658
639 659
639 660
639 661
639 662
639 663
639 664
639 665
639 666
639 667
639 668
639 669
639 670
639 671
639 672
639 673
639 674
639 675
639 676
639 677
639 678
639 679
639 680
639 681
639 682
639 683
639 684
639 685
639 686
639 687
639 688
639 689
639 690
639 691
639 692
639 693
639 694
638 695
639 696
638 697
638 698
638 699
638 700
638 701
638 702
637 703
637 704
637 705
637 706
638 707
638 708
638 709
637 710
637 711
638 712
637 713
637 714
636 715
636 716
637 717
637 718
637 719
