743 0
757 1
766 2
778 3
787 4
791 5
788 6
773 7
778 8
794 9
794 10
808 11
809 12
801 13
792 14
779 15
782 16
802 17
792 18
797 19
792 20
782 21
780 22
760 23
748 24
763 25
766 26
777 27
772 28
766 29
749 30
741 31
745 32
752 33
751 34
748 35
736 36
721 37
725 38
735 39
731 40
740 41
741 42
737 43
730 44
724 45
721 46
716 47
716 48
717 49
706 50
703 51
701 52
705 53
701 54
698 55
695 56
687 57
683 58
682 59
681 60
676 61
676 62
672 63
664 64
662 65
656 66
657 67
653 68
648 69
642 70
641 71
642 72
640 73
642 74
642 75
645 76
646 77
646 78
645 79
647 80
647 81
649 82
651 83
650 84
649 85
650 86
652 87
651 88
652 89
652 90
651 91
650 92
649 93
648 94
652 95
653 96
650 97
649 98
648 99
648 100
648 101
647 102
649 103
648 104
648 105
649 106
650 107
648 108
649 109
651 110
651 111
653 112
653 113
657 114
654 115
658 116
662 117
656 118
658 119
656 120
651 121
651 122
652 123
656 124
657 125
655 126
651 127
652 128
649 129
649 130
656 131
659 132
655 133
652 134
652 135
649 136
649 137
652 138
653 139
653 140
653 141
651 142
652 143
653 144
652 145
656 146
658 147
653 148
653 149
655 150
655 151
658 152
657 153
657 154
657 155
658 156
658 157
659 158
660 159
658 160
661 161
663 162
662 163
662 164
662 165
667 166
665 167
667 168
667 169
663 170
666 171
670 172
670 173
669 174
669 175
669 176
672 177
671 178
675 179
677 180
677 181
678 182
681 183
675 184
680 185
682 186
683 187
680 188
684 189
686 190
677 191
674 192
676 193
678 194
677 195
678 196
676 197
672 198
671 199
674 200
669 201
669 202
669 203
668 204
666 205
666 206
665 207
665 208
664 209
664 210
663 211
661 212
660 213
659 214
656 215
655 216
656 217
656 218
657 219
656 220
657 221
656 222
657 223
655 224
653 225
654 226
657 227
655 228
654 229
652 230
655 231
652 232
657 233
654 234
655 235
654 236
650 237
648 238
645 239
649 240
651 241
646 242
641 243
635 244
640 245
643 246
642 247
631 248
631 249
624 250
622 251
619 252
612 253
616 254
618 255
617 256
621 257
611 258
601 259
599 260
601 261
605 262
604 263
601 264
594 265
585 266
590 267
596 268
586 269
575 270
586 271
580 272
577 273
583 274
593 275
574 276
572 277
570 278
539 279
552 280
548 281
557 282
557 283
553 284
544 285
557 286
557 287
567 288
558 289
546 290
547 291
550 292
540 293
533 294
557 295
554 296
539 297
535 298
521 299
532 300
547 301
551 302
558 303
535 304
532 305
537 306
543 307
540 308
549 309
554 310
559 311
552 312
542 313
537 314
530 315
546 316
558 317
556 318
548 319
564 320
552 321
548 322
555 323
558 324
560 325
562 326
560 327
560 328
554 329
560 330
565 331
559 332
573 333
558 334
562 335
559 336
552 337
553 338
557 339
557 340
557 341
556 342
563 343
571 344
565 345
554 346
555 347
563 348
562 349
557 350
565 351
580 352
565 353
570 354
562 355
564 356
563 357
563 358
573 359
575 360
578 361
570 362
566 363
565 364
568 365
570 366
578 367
577 368
572 369
579 370
595 371
588 372
586 373
590 374
582 375
586 376
573 377
579 378
586 379
594 380
591 381
590 382
590 383
598 384
591 385
595 386
597 387
596 388
606 389
623 390
632 391
623 392
617 393
624 394
631 395
645 396
652 397
651 398
642 399
653 400
642 401
641 402
654 403
668 404
658 405
647 406
653 407
657 408
658 409
660 410
674 411
674 412
672 413
665 414
664 415
670 416
682 417
693 418
678 419
681 420
684 421
683 422
686 423
680 424
690 425
701 426
703 427
693 428
699 429
701 430
702 431
700 432
698 433
692 434
704 435
711 436
702 437
718 438
729 439
731 440
725 441
721 442
725 443
726 444
725 445
731 446
738 447
724 448
734 449
729 450
728 451
737 452
745 453
746 454
730 455
727 456
736 457
733 458
733 459
736 460
736 461
738 462
734 463
735 464
738 465
738 466
750 467
749 468
749 469
752 470
747 471
748 472
754 473
762 474
764 475
763 476
759 477
760 478
755 479
761 480
762 481
766 482
772 483
769 484
769 485
770 486
764 487
764 488
767 489
769 490
768 491
768 492
771 493
774 494
770 495
774 496
773 497
774 498
771 499
774 500
775 501
774 502
772 503
767 504
770 505
768 506
769 507
770 508
770 509
770 510
769 511
766 512
770 513
767 514
768 515
771 516
772 517
772 518
770 519
770 520
772 521
766 522
767 523
770 524
770 525
771 526
770 527
771 528
773 529
775 530
772 531
770 532
772 533
772 534
772 535
772 536
773 537
773 538
776 539
777 540
775 541
776 542
776 543
773 544
781 545
781 546
782 547
786 548
787 549
786 550
787 551
790 552
785 553
782 554
784 555
786 556
784 557
784 558
780 559
776 560
769 561
765 562
763 563
759 564
751 565
740 566
735 567
729 568
726 569
722 570
717 571
713 572
706 573
700 574
696 575
685 576
681 577
680 578
677 579
671 580
664 581
656 582
653 583
649 584
648 585
648 586
646 587
643 588
639 589
640 590
642 591
642 592
641 593
641 594
641 595
640 596
639 597
639 598
642 599
639 600
639 601
640 602
639 603
639 604
639 605
640 606
639 607
639 608
639 609
639 610
639 611
639 612
639 613
639 614
640 615
639 616
639 617
639 618
639 619
639 620
639 621
639 622
639 623
640 624
639 625
639 626
639 627
639 628
639 629
639 630
639 631
639 632
639 633
639 634
639 635
639 636
639 637
639 638
639 639
639 640
640 641
639 642
639 643
639 644
639 645
639 646
639 647
639 648
639 649
639 650
639 651
639 652
639 653
639 654
639 655
639 656
639 657
639 658
639 659
639 660
639 661
639 662
639 663
639 664
639 665
638 666
638 667
638 668
638 669
638 670
638 671
638 672
638 673
638 674
638 675
638 676
638 677
638 678
638 679
638 680
638 681
638 682
638 683
638 684
637 685
638 686
638 687
637 688
638 689
637 690
637 691
636 692
637 693
637 694
636 695
636 696
636 697
636 698
635 699
636 700
638 701
637 702
636 703
635 704
635 705
634 706
634 707
634 708
635 709
635 710
635 711
635 712
636 713
636 714
636 715
636 716
637 717
638 718
637 719
