639 0
639 1
639 2
639 3
639 4
639 5
639 6
639 7
639 8
639 9
639 10
639 11
639 12
639 13
639 14
639 15
639 16
639 17
639 18
639 19
639 20
639 21
639 22
639 23
639 24
639 25
639 26
639 27
639 28
639 29
639 30
639 31
639 32
639 33
639 34
639 35
639 36
639 37
639 38
639 39
639 40
639 41
639 42
639 43
639 44
639 45
639 46
639 47
639 48
639 49
639 50
639 51
639 52
639 53
639 54
639 55
639 56
639 57
639 58
639 59
639 60
639 61
639 62
639 63
639 64
639 65
639 66
639 67
639 68
639 69
639 70
639 71
639 72
639 73
639 74
639 75
639 76
639 77
639 78
639 79
639 80
639 81
639 82
639 83
639 84
639 85
639 86
639 87
639 88
639 89
639 90
639 91
639 92
642 93
641 94
642 95
646 96
652 97
660 98
663 99
665 100
664 101
661 102
666 103
679 104
688 105
693 106
695 107
696 108
704 109
709 110
717 111
721 112
724 113
726 114
724 115
731 116
733 117
740 118
746 119
753 120
756 121
762 122
772 123
770 124
769 125
773 126
785 127
788 128
788 129
792 130
801 131
808 132
815 133
815 134
823 135
828 136
846 137
867 138
870 139
875 140
876 141
877 142
874 143
876 144
879 145
883 146
889 147
892 148
894 149
895 150
896 151
901 152
903 153
908 154
910 155
912 156
912 157
912 158
915 159
916 160
918 161
925 162
928 163
934 164
937 165
938 166
940 167
946 168
948 169
946 170
946 171
949 172
953 173
955 174
964 175
965 176
982 177
995 178
1005 179
1006 180
1010 181
1010 182
1012 183
1012 184
1014 185
1016 186
1018 187
1020 188
1025 189
1027 190
1025 191
1025 192
1039 193
1048 194
1055 195
1055 196
1056 197
1056 198
1064 199
1077 200
1091 201
1101 202
1108 203
1117 204
1123 205
1125 206
1127 207
1130 208
1137 209
1145 210
1152 211
1154 212
1155 213
1156 214
1162 215
1170 216
1175 217
1172 218
1173 219
1176 220
1177 221
1178 222
1187 223
1187 224
1188 225
1192 226
1196 227
1198 228
1201 229
1202 230
1205 231
1206 232
1216 233
1218 234
1224 235
1223 236
1222 237
1220 238
1223 239
1238 240
1216 241
1251 242
1252 243
1213 244
1263 245
1263 246
1176 247
1183 248
1271 249
1270 250
1180 254
990 255
849 256
849 257
850 258
1239 261
1162 263
756 264
995 265
1220 266
1063 276
1135 277
936 282
1088 283
1168 288
1063 295
1063 296
0 304
0 305
3 306
8 307
12 308
144 309
37 310
81 311
68 312
98 313
65 314
56 315
59 316
53 317
52 318
62 319
70 320
50 321
61 322
71 323
58 324
73 325
74 326
75 327
69 328
64 329
66 330
73 331
76 332
72 333
76 334
78 335
80 336
83 337
86 338
95 339
95 340
148 341
174 342
184 343
187 344
194 345
198 346
200 347
206 348
208 349
209 350
211 351
214 352
214 353
217 354
218 355
219 356
221 357
222 358
225 359
228 360
233 361
238 362
243 363
252 364
253 365
257 366
262 367
262 368
262 369
267 370
270 371
277 372
279 373
282 374
286 375
291 376
292 377
301 378
301 379
304 380
304 381
308 382
309 383
308 384
307 385
313 386
319 387
323 388
319 389
322 390
322 391
324 392
329 393
328 394
328 395
335 396
336 397
336 398
336 399
337 400
344 401
341 402
336 403
340 404
343 405
350 406
350 407
349 408
348 409
359 410
360 411
360 412
359 413
360 414
362 415
362 416
360 417
365 418
367 419
367 420
373 421
376 422
373 423
372 424
375 425
383 426
410 427
428 428
432 429
441 430
450 431
465 432
462 433
467 434
475 435
473 436
485 437
499 438
505 439
513 440
531 441
540 442
541 443
541 444
545 445
559 446
555 447
572 448
579 449
580 450
573 451
571 452
579 453
582 454
583 455
577 456
582 457
581 458
583 459
580 460
578 461
581 462
581 463
581 464
584 465
591 466
594 467
594 468
595 469
592 470
593 471
593 472
598 473
595 474
596 475
602 476
602 477
599 478
598 479
598 480
600 481
599 482
594 483
595 484
599 485
598 486
595 487
597 488
597 489
597 490
602 491
602 492
603 493
603 494
602 495
603 496
602 497
603 498
604 499
604 500
605 501
606 502
607 503
609 504
612 505
611 506
610 507
610 508
613 509
615 510
614 511
617 512
616 513
614 514
613 515
613 516
615 517
613 518
616 519
617 520
618 521
617 522
615 523
616 524
617 525
616 526
617 527
617 528
618 529
617 530
619 531
621 532
620 533
621 534
622 535
621 536
624 537
623 538
622 539
621 540
622 541
625 542
626 543
622 544
623 545
624 546
624 547
626 548
627 549
628 550
627 551
627 552
627 553
628 554
627 555
630 556
634 557
637 558
635 559
634 560
635 561
635 562
637 563
636 564
637 565
637 566
637 567
636 568
637 569
637 570
637 571
635 572
636 573
636 574
637 575
636 576
636 577
637 578
636 579
636 580
634 581
636 582
636 583
636 584
635 585
635 586
637 587
637 588
638 589
637 590
638 591
636 592
638 593
638 594
638 595
638 596
637 597
638 598
638 599
637 600
638 601
636 602
637 603
638 604
637 605
637 606
638 607
638 608
638 609
636 610
636 611
636 612
638 613
638 614
636 615
638 616
638 617
638 618
638 619
638 620
637 621
637 622
636 623
636 624
636 625
636 626
634 627
634 628
633 629
633 630
633 631
636 632
637 633
637 634
637 635
637 636
634 637
636 638
638 639
637 640
638 641
638 642
637 643
637 644
637 645
637 646
636 647
636 648
636 649
637 650
634 651
634 652
635 653
633 654
632 655
633 656
632 657
631 658
633 659
634 660
634 661
632 662
633 663
625 664
628 665
626 666
625 667
626 668
626 669
626 670
619 671
623 672
625 673
626 674
624 675
621 676
624 677
622 678
619 679
617 680
625 681
620 682
621 683
621 684
614 685
615 686
616 687
615 688
615 689
620 690
619 691
615 692
615 693
620 694
616 695
616 696
613 697
608 698
612 699
613 700
619 701
621 702
614 703
616 704
610 705
609 706
601 707
595 708
599 709
601 710
590 711
589 712
582 713
595 714
606 715
591 716
596 717
606 718
608 719
