743 0
759 1
768 2
758 3
767 4
775 5
778 6
767 7
762 8
784 9
783 10
803 11
811 12
796 13
797 14
774 15
768 16
776 17
765 18
773 19
783 20
784 21
764 22
742 23
745 24
761 25
769 26
776 27
768 28
762 29
763 30
748 31
747 32
753 33
758 34
760 35
750 36
747 37
737 38
733 39
734 40
739 41
733 42
717 43
720 44
720 45
720 46
718 47
713 48
712 49
698 50
690 51
693 52
704 53
704 54
692 55
693 56
685 57
685 58
679 59
678 60
678 61
679 62
677 63
669 64
660 65
658 66
658 67
658 68
653 69
647 70
642 71
644 72
641 73
641 74
641 75
643 76
644 77
642 78
642 79
644 80
645 81
645 82
644 83
644 84
643 85
643 86
643 87
645 88
643 89
645 90
648 91
650 92
655 93
654 94
661 95
662 96
660 97
662 98
667 99
667 100
668 101
669 102
670 103
668 104
670 105
668 106
666 107
664 108
663 109
661 110
664 111
664 112
664 113
661 114
663 115
664 116
667 117
669 118
668 119
661 120
663 121
668 122
664 123
662 124
663 125
662 126
666 127
660 128
659 129
658 130
665 131
667 132
669 133
662 134
659 135
664 136
658 137
661 138
663 139
664 140
662 141
657 142
659 143
663 144
662 145
660 146
659 147
664 148
664 149
664 150
664 151
665 152
664 153
666 154
668 155
668 156
669 157
668 158
671 159
668 160
667 161
668 162
668 163
665 164
670 165
672 166
674 167
672 168
669 169
672 170
674 171
674 172
677 173
680 174
683 175
678 176
678 177
677 178
679 179
685 180
688 181
688 182
682 183
681 184
681 185
685 186
693 187
693 188
688 189
685 190
682 191
684 192
690 193
692 194
692 195
684 196
679 197
681 198
685 199
681 200
684 201
688 202
687 203
680 204
675 205
674 206
677 207
681 208
673 209
674 210
675 211
674 212
673 213
679 214
678 215
679 216
678 217
676 218
674 219
675 220
674 221
675 222
674 223
672 224
675 225
668 226
664 227
667 228
664 229
666 230
664 231
656 232
662 233
667 234
661 235
659 236
658 237
660 238
649 239
654 240
650 241
645 242
645 243
643 244
640 245
637 246
632 247
641 248
632 249
628 250
630 251
636 252
636 253
623 254
618 255
619 256
620 257
624 258
625 259
612 260
606 261
592 262
590 263
588 264
584 265
584 266
583 267
583 268
578 269
570 270
576 271
575 272
561 273
557 274
561 275
556 276
562 277
559 278
528 279
525 280
516 281
516 282
502 283
498 284
504 285
504 286
497 287
513 288
486 289
500 290
490 291
496 292
468 293
461 294
469 295
475 296
454 297
466 298
478 299
470 300
447 301
445 302
476 303
463 304
445 305
426 306
416 307
406 308
427 309
434 310
445 311
432 312
410 313
409 314
399 315
415 316
408 317
393 318
419 319
407 320
395 321
396 322
402 323
395 324
378 325
380 326
404 327
405 328
381 329
376 330
392 331
399 332
383 333
382 334
407 335
401 336
396 337
416 338
425 339
418 340
402 341
402 342
409 343
433 344
427 345
461 346
455 347
447 348
448 349
447 350
456 351
456 352
446 353
448 354
441 355
438 356
441 357
452 358
467 359
473 360
454 361
460 362
461 363
458 364
460 365
460 366
473 367
461 368
454 369
456 370
462 371
473 372
477 373
469 374
465 375
467 376
469 377
470 378
462 379
461 380
465 381
466 382
472 383
474 384
477 385
479 386
467 387
464 388
467 389
465 390
477 391
484 392
478 393
472 394
484 395
492 396
487 397
488 398
492 399
486 400
491 401
486 402
479 403
485 404
484 405
482 406
506 407
495 408
484 409
512 410
512 411
506 412
515 413
515 414
518 415
502 416
502 417
520 418
515 419
507 420
516 421
523 422
534 423
516 424
516 425
514 426
513 427
523 428
531 429
524 430
528 431
543 432
530 433
523 434
532 435
531 436
538 437
553 438
574 439
566 440
574 441
575 442
584 443
589 444
595 445
614 446
617 447
611 448
598 449
601 450
616 451
619 452
615 453
624 454
649 455
627 456
621 457
629 458
634 459
636 460
646 461
659 462
651 463
647 464
652 465
664 466
674 467
684 468
687 469
693 470
709 471
725 472
729 473
730 474
732 475
738 476
728 477
727 478
728 479
730 480
731 481
737 482
735 483
732 484
731 485
733 486
736 487
743 488
744 489
743 490
740 491
737 492
736 493
738 494
742 495
739 496
742 497
746 498
743 499
740 500
738 501
734 502
735 503
731 504
736 505
732 506
735 507
736 508
739 509
738 510
736 511
736 512
734 513
739 514
747 515
748 516
741 517
741 518
748 519
748 520
752 521
756 522
755 523
755 524
753 525
751 526
747 527
748 528
750 529
748 530
754 531
751 532
749 533
747 534
745 535
745 536
748 537
749 538
751 539
749 540
743 541
744 542
745 543
748 544
750 545
748 546
748 547
747 548
746 549
750 550
752 551
749 552
750 553
751 554
748 555
746 556
746 557
748 558
743 559
739 560
742 561
744 562
746 563
745 564
738 565
732 566
722 567
719 568
718 569
710 570
706 571
709 572
701 573
697 574
689 575
681 576
679 577
676 578
672 579
667 580
665 581
658 582
655 583
654 584
649 585
645 586
641 587
641 588
639 589
640 590
643 591
640 592
640 593
640 594
640 595
641 596
641 597
641 598
643 599
644 600
642 601
642 602
639 603
639 604
640 605
639 606
640 607
640 608
639 609
639 610
639 611
639 612
639 613
639 614
640 615
640 616
639 617
639 618
639 619
639 620
639 621
639 622
640 623
639 624
639 625
640 626
639 627
639 628
640 629
639 630
639 631
639 632
639 633
639 634
639 635
639 636
639 637
639 638
639 639
639 640
640 641
640 642
639 643
639 644
639 645
639 646
639 647
639 648
639 649
639 650
639 651
639 652
639 653
639 654
639 655
639 656
639 657
639 658
639 659
639 660
639 661
639 662
640 663
639 664
639 665
639 666
639 667
639 668
639 669
639 670
639 671
639 672
639 673
639 674
639 675
639 676
638 677
639 678
639 679
639 680
638 681
638 682
638 683
639 684
638 685
638 686
640 687
639 688
639 689
639 690
639 691
638 692
638 693
638 694
638 695
639 696
638 697
639 698
640 699
639 700
638 701
638 702
638 703
639 704
638 705
638 706
638 707
639 708
639 709
639 710
639 711
638 712
639 713
638 714
637 715
638 716
637 717
637 718
637 719
