729 0
741 1
737 2
746 3
738 4
754 5
760 6
761 7
745 8
747 9
758 10
770 11
768 12
754 13
748 14
754 15
737 16
744 17
737 18
739 19
750 20
757 21
763 22
750 23
747 24
754 25
748 26
739 27
737 28
730 29
735 30
735 31
737 32
742 33
734 34
726 35
716 36
719 37
718 38
716 39
712 40
711 41
707 42
707 43
698 44
695 45
704 46
705 47
703 48
700 49
693 50
687 51
688 52
691 53
691 54
691 55
684 56
679 57
676 58
680 59
671 60
667 61
666 62
668 63
659 64
660 65
663 66
656 67
651 68
649 69
645 70
642 71
640 72
639 73
639 74
639 75
639 76
640 77
639 78
641 79
640 80
640 81
641 82
641 83
640 84
641 85
642 86
642 87
641 88
642 89
643 90
641 91
642 92
641 93
640 94
642 95
641 96
641 97
643 98
641 99
641 100
643 101
642 102
643 103
643 104
643 105
643 106
644 107
642 108
641 109
643 110
644 111
646 112
644 113
645 114
644 115
642 116
642 117
647 118
650 119
643 120
642 121
643 122
642 123
643 124
644 125
641 126
641 127
643 128
639 129
639 130
645 131
649 132
643 133
642 134
641 135
639 136
639 137
639 138
639 139
639 140
639 141
639 142
640 143
639 144
639 145
639 146
639 147
639 148
639 149
639 150
639 151
639 152
639 153
639 154
639 155
639 156
638 157
638 158
638 159
638 160
638 161
638 162
638 163
638 164
638 165
638 166
638 167
638 168
639 169
639 170
638 171
638 172
638 173
637 174
637 175
637 176
637 177
637 178
637 179
637 180
637 181
637 182
637 183
635 184
636 185
637 186
637 187
636 188
637 189
637 190
637 191
638 192
638 193
638 194
638 195
638 196
639 197
639 198
638 199
639 200
639 201
640 202
640 203
641 204
642 205
642 206
642 207
642 208
643 209
647 210
646 211
646 212
647 213
647 214
649 215
652 216
654 217
655 218
653 219
654 220
654 221
654 222
655 223
651 224
651 225
652 226
653 227
652 228
654 229
656 230
658 231
655 232
654 233
654 234
656 235
653 236
649 237
648 238
643 239
642 240
646 241
642 242
635 243
626 244
630 245
631 246
627 247
621 248
620 249
616 250
613 251
615 252
617 253
617 254
613 255
602 256
609 257
606 258
612 259
615 260
616 261
602 262
588 263
581 264
589 265
593 266
590 267
589 268
577 269
563 270
549 271
567 272
556 273
565 274
559 275
557 276
548 277
540 278
522 279
512 280
507 281
516 282
492 283
487 284
479 285
469 286
484 287
489 288
462 289
462 290
475 291
474 292
457 293
473 294
485 295
489 296
473 297
473 298
457 299
456 300
466 301
473 302
506 303
503 304
471 305
476 306
472 307
480 308
490 309
480 310
493 311
481 312
447 313
446 314
451 315
465 316
474 317
456 318
483 319
476 320
473 321
481 322
498 323
499 324
504 325
504 326
499 327
515 328
493 329
502 330
511 331
506 332
501 333
497 334
484 335
518 336
522 337
515 338
503 339
504 340
507 341
503 342
509 343
517 344
510 345
503 346
511 347
508 348
505 349
505 350
507 351
518 352
511 353
514 354
516 355
523 356
520 357
515 358
522 359
532 360
522 361
516 362
521 363
521 364
523 365
514 366
520 367
529 368
522 369
534 370
538 371
531 372
531 373
526 374
536 375
540 376
531 377
540 378
538 379
541 380
539 381
532 382
537 383
534 384
530 385
536 386
542 387
546 388
540 389
535 390
532 391
545 392
536 393
544 394
542 395
541 396
541 397
534 398
537 399
550 400
544 401
545 402
543 403
542 404
546 405
549 406
544 407
549 408
533 409
539 410
539 411
542 412
541 413
538 414
545 415
550 416
549 417
543 418
541 419
540 420
543 421
547 422
547 423
544 424
536 425
538 426
542 427
539 428
540 429
542 430
557 431
549 432
546 433
549 434
550 435
555 436
566 437
567 438
563 439
565 440
567 441
573 442
577 443
584 444
585 445
594 446
596 447
602 448
600 449
603 450
608 451
606 452
607 453
609 454
614 455
626 456
619 457
618 458
622 459
625 460
625 461
629 462
627 463
631 464
631 465
630 466
631 467
634 468
639 469
645 470
643 471
647 472
647 473
650 474
652 475
650 476
650 477
651 478
655 479
653 480
656 481
655 482
655 483
654 484
653 485
655 486
653 487
656 488
654 489
653 490
653 491
651 492
651 493
652 494
656 495
654 496
651 497
653 498
654 499
656 500
656 501
654 502
651 503
652 504
652 505
651 506
652 507
654 508
659 509
658 510
657 511
651 512
651 513
652 514
653 515
653 516
648 517
649 518
652 519
653 520
654 521
655 522
658 523
661 524
663 525
662 526
659 527
662 528
662 529
659 530
659 531
659 532
663 533
663 534
662 535
665 536
661 537
658 538
659 539
657 540
654 541
655 542
658 543
655 544
656 545
657 546
657 547
657 548
659 549
657 550
658 551
660 552
658 553
657 554
659 555
659 556
656 557
655 558
660 559
657 560
650 561
647 562
646 563
644 564
640 565
637 566
639 567
640 568
638 569
637 570
638 571
639 572
636 573
636 574
636 575
637 576
635 577
635 578
635 579
635 580
636 581
636 582
635 583
636 584
636 585
633 586
634 587
635 588
635 589
634 590
635 591
637 592
634 593
632 594
632 595
632 596
631 597
629 598
630 599
628 600
627 601
628 602
630 603
631 604
630 605
629 606
629 607
629 608
628 609
630 610
631 611
630 612
630 613
628 614
628 615
628 616
628 617
629 618
630 619
630 620
628 621
627 622
629 623
627 624
628 625
629 626
628 627
627 628
627 629
628 630
629 631
630 632
630 633
630 634
631 635
632 636
633 637
634 638
632 639
635 640
633 641
634 642
634 643
633 644
635 645
635 646
634 647
633 648
633 649
633 650
633 651
633 652
633 653
633 654
632 655
634 656
635 657
635 658
634 659
637 660
637 661
637 662
637 663
637 664
638 665
638 666
638 667
638 668
638 669
638 670
638 671
638 672
638 673
638 674
638 675
638 676
638 677
638 678
638 679
638 680
638 681
638 682
638 683
638 684
638 685
638 686
638 687
638 688
638 689
638 690
638 691
638 692
638 693
639 694
639 695
639 696
639 697
639 698
639 699
639 700
639 701
639 702
639 703
639 704
639 705
639 706
639 707
639 708
639 709
639 710
639 711
640 712
641 713
641 714
639 715
641 716
640 717
641 718
641 719
