751 0
768 1
771 2
783 3
788 4
795 5
789 6
789 7
765 8
783 9
790 10
787 11
791 12
795 13
785 14
771 15
774 16
791 17
788 18
784 19
794 20
781 21
775 22
769 23
771 24
776 25
764 26
764 27
760 28
762 29
762 30
756 31
744 32
754 33
751 34
742 35
730 36
727 37
729 38
734 39
733 40
731 41
730 42
727 43
720 44
717 45
714 46
716 47
712 48
709 49
704 50
707 51
705 52
705 53
706 54
700 55
698 56
700 57
696 58
681 59
685 60
686 61
682 62
679 63
670 64
665 65
667 66
665 67
664 68
669 69
663 70
655 71
653 72
653 73
655 74
653 75
653 76
654 77
654 78
652 79
654 80
654 81
654 82
655 83
654 84
649 85
649 86
650 87
650 88
646 89
645 90
648 91
648 92
648 93
647 94
651 95
652 96
648 97
647 98
650 99
649 100
648 101
648 102
650 103
651 104
654 105
656 106
656 107
658 108
655 109
654 110
659 111
658 112
656 113
657 114
657 115
661 116
665 117
659 118
658 119
656 120
652 121
652 122
653 123
654 124
656 125
656 126
657 127
659 128
660 129
664 130
666 131
668 132
665 133
660 134
660 135
665 136
667 137
668 138
671 139
670 140
671 141
671 142
669 143
667 144
670 145
672 146
673 147
671 148
669 149
671 150
671 151
676 152
679 153
683 154
685 155
681 156
684 157
688 158
687 159
689 160
696 161
692 162
685 163
686 164
690 165
690 166
689 167
698 168
699 169
696 170
690 171
691 172
698 173
702 174
698 175
699 176
705 177
702 178
700 179
705 180
707 181
704 182
707 183
696 184
694 185
693 186
697 187
706 188
709 189
712 190
705 191
712 192
715 193
713 194
716 195
711 196
711 197
707 198
707 199
708 200
714 201
716 202
710 203
704 204
702 205
698 206
694 207
693 208
707 209
701 210
691 211
693 212
693 213
699 214
695 215
698 216
701 217
694 218
688 219
687 220
689 221
689 222
685 223
680 224
684 225
685 226
685 227
689 228
693 229
688 230
686 231
679 232
680 233
683 234
679 235
671 236
672 237
671 238
668 239
671 240
679 241
675 242
665 243
656 244
657 245
655 246
644 247
657 248
643 249
637 250
629 251
632 252
631 253
631 254
625 255
629 256
610 257
610 258
620 259
626 260
632 261
618 262
601 263
601 264
577 265
573 266
585 267
608 268
615 269
603 270
579 271
576 272
586 273
586 274
576 275
559 276
543 277
548 278
523 279
523 280
514 281
515 282
505 283
485 284
499 285
503 286
496 287
509 288
487 289
495 290
488 291
478 292
467 293
450 294
454 295
454 296
443 297
422 298
436 299
430 300
416 301
404 302
418 303
450 304
427 305
385 306
388 307
385 308
394 309
394 310
414 311
388 312
372 313
373 314
382 315
377 316
365 317
351 318
385 319
379 320
365 321
375 322
360 323
361 324
363 325
368 326
383 327
357 328
342 329
370 330
385 331
376 332
343 333
341 334
356 335
372 336
370 337
388 338
368 339
356 340
366 341
365 342
370 343
369 344
348 345
375 346
361 347
352 348
355 349
344 350
360 351
359 352
350 353
360 354
344 355
345 356
342 357
347 358
356 359
363 360
338 361
329 362
346 363
358 364
346 365
333 366
342 367
345 368
335 369
323 370
346 371
344 372
335 373
329 374
334 375
342 376
329 377
329 378
329 379
333 380
333 381
335 382
343 383
346 384
337 385
351 386
350 387
347 388
344 389
339 390
337 391
355 392
348 393
358 394
357 395
344 396
344 397
344 398
344 399
366 400
351 401
341 402
339 403
335 404
340 405
351 406
364 407
362 408
354 409
351 410
354 411
350 412
349 413
348 414
360 415
361 416
340 417
345 418
344 419
352 420
344 421
341 422
353 423
366 424
348 425
340 426
339 427
337 428
345 429
347 430
357 431
371 432
353 433
360 434
380 435
378 436
394 437
395 438
405 439
408 440
416 441
426 442
443 443
443 444
433 445
439 446
453 447
451 448
468 449
484 450
497 451
498 452
509 453
511 454
520 455
525 456
529 457
529 458
537 459
540 460
547 461
554 462
553 463
568 464
573 465
568 466
573 467
574 468
581 469
596 470
605 471
633 472
643 473
649 474
648 475
652 476
657 477
657 478
660 479
660 480
661 481
664 482
664 483
663 484
659 485
664 486
668 487
666 488
665 489
661 490
660 491
662 492
664 493
668 494
665 495
665 496
666 497
666 498
666 499
664 500
664 501
662 502
663 503
664 504
662 505
662 506
662 507
661 508
664 509
666 510
666 511
669 512
670 513
673 514
674 515
678 516
686 517
679 518
673 519
679 520
680 521
683 522
683 523
683 524
682 525
686 526
683 527
675 528
682 529
683 530
679 531
675 532
673 533
674 534
674 535
677 536
684 537
679 538
678 539
675 540
676 541
681 542
684 543
684 544
687 545
687 546
683 547
682 548
683 549
685 550
682 551
687 552
692 553
690 554
689 555
684 556
686 557
691 558
690 559
695 560
695 561
696 562
692 563
692 564
692 565
682 566
676 567
673 568
671 569
667 570
663 571
654 572
656 573
653 574
647 575
646 576
641 577
641 578
639 579
640 580
640 581
642 582
642 583
640 584
641 585
642 586
643 587
643 588
644 589
642 590
642 591
642 592
642 593
646 594
647 595
645 596
645 597
644 598
643 599
641 600
639 601
640 602
639 603
639 604
640 605
641 606
641 607
640 608
639 609
639 610
640 611
640 612
639 613
640 614
640 615
640 616
640 617
640 618
641 619
640 620
639 621
639 622
639 623
639 624
639 625
639 626
639 627
639 628
639 629
639 630
639 631
639 632
639 633
639 634
639 635
639 636
639 637
639 638
639 639
639 640
639 641
639 642
639 643
639 644
639 645
639 646
640 647
639 648
639 649
639 650
639 651
639 652
639 653
639 654
639 655
639 656
639 657
639 658
639 659
639 660
639 661
639 662
639 663
639 664
639 665
638 666
639 667
639 668
638 669
638 670
639 671
638 672
638 673
638 674
638 675
639 676
639 677
639 678
641 679
639 680
639 681
641 682
640 683
640 684
642 685
640 686
638 687
639 688
640 689
640 690
641 691
644 692
643 693
642 694
643 695
645 696
645 697
644 698
644 699
644 700
645 701
645 702
644 703
647 704
647 705
646 706
646 707
646 708
645 709
644 710
646 711
648 712
646 713
643 714
644 715
651 716
649 717
649 718
647 719
