757 0
762 1
762 2
754 3
761 4
775 5
793 6
789 7
764 8
790 9
793 10
782 11
780 12
801 13
806 14
789 15
781 16
795 17
787 18
793 19
787 20
789 21
777 22
754 23
762 24
775 25
767 26
774 27
767 28
753 29
746 30
739 31
745 32
745 33
755 34
759 35
748 36
734 37
726 38
727 39
728 40
722 41
719 42
719 43
713 44
706 45
707 46
707 47
704 48
696 49
694 50
698 51
701 52
699 53
699 54
695 55
686 56
684 57
679 58
679 59
680 60
682 61
672 62
667 63
665 64
662 65
660 66
657 67
653 68
649 69
645 70
646 71
642 72
639 73
639 74
640 75
639 76
639 77
639 78
640 79
641 80
640 81
640 82
640 83
640 84
641 85
642 86
641 87
642 88
641 89
643 90
643 91
642 92
643 93
643 94
645 95
644 96
644 97
647 98
645 99
643 100
645 101
645 102
648 103
645 104
646 105
649 106
647 107
647 108
648 109
648 110
649 111
648 112
647 113
644 114
645 115
648 116
648 117
645 118
645 119
645 120
647 121
644 122
643 123
647 124
646 125
640 126
644 127
642 128
643 129
646 130
646 131
642 132
642 133
645 134
646 135
641 136
640 137
640 138
641 139
640 140
641 141
640 142
641 143
641 144
641 145
642 146
641 147
641 148
641 149
641 150
642 151
642 152
642 153
643 154
643 155
642 156
641 157
641 158
643 159
643 160
643 161
645 162
647 163
647 164
648 165
648 166
649 167
649 168
648 169
647 170
649 171
651 172
653 173
652 174
653 175
652 176
652 177
655 178
656 179
660 180
660 181
660 182
661 183
659 184
663 185
662 186
664 187
662 188
662 189
664 190
662 191
664 192
667 193
667 194
665 195
663 196
664 197
664 198
666 199
665 200
667 201
668 202
669 203
667 204
666 205
668 206
669 207
668 208
670 209
667 210
666 211
666 212
665 213
668 214
669 215
672 216
669 217
667 218
670 219
669 220
668 221
669 222
669 223
670 224
670 225
668 226
669 227
671 228
670 229
671 230
672 231
669 232
666 233
664 234
663 235
668 236
671 237
664 238
659 239
661 240
663 241
658 242
658 243
653 244
647 245
643 246
643 247
648 248
638 249
625 250
633 251
640 252
643 253
631 254
620 255
638 256
630 257
611 258
610 259
621 260
619 261
617 262
598 263
585 264
588 265
594 266
598 267
604 268
593 269
575 270
576 271
577 272
572 273
573 274
567 275
544 276
537 277
531 278
498 279
533 280
496 281
483 282
487 283
482 284
495 285
473 286
459 287
481 288
477 289
465 290
441 291
421 292
419 293
437 294
446 295
443 296
424 297
393 298
402 299
416 300
415 301
428 302
456 303
472 304
399 305
391 306
381 307
387 308
412 309
419 310
418 311
410 312
379 313
368 314
387 315
379 316
377 317
369 318
382 319
379 320
353 321
358 322
368 323
368 324
359 325
356 326
386 327
362 328
333 329
340 330
345 331
354 332
358 333
338 334
358 335
350 336
349 337
361 338
347 339
335 340
335 341
338 342
358 343
372 344
340 345
342 346
346 347
344 348
352 349
349 350
353 351
367 352
372 353
369 354
358 355
341 356
339 357
332 358
351 359
362 360
340 361
331 362
333 363
341 364
353 365
353 366
360 367
364 368
349 369
331 370
339 371
354 372
372 373
356 374
361 375
380 376
364 377
381 378
380 379
395 380
389 381
379 382
391 383
404 384
384 385
383 386
390 387
393 388
392 389
386 390
393 391
395 392
382 393
396 394
398 395
391 396
391 397
392 398
404 399
415 400
415 401
414 402
401 403
400 404
403 405
418 406
432 407
443 408
413 409
421 410
419 411
423 412
432 413
425 414
432 415
445 416
440 417
435 418
435 419
441 420
440 421
441 422
454 423
462 424
447 425
458 426
454 427
464 428
472 429
458 430
458 431
464 432
472 433
475 434
487 435
489 436
494 437
501 438
511 439
511 440
517 441
519 442
525 443
536 444
530 445
537 446
556 447
550 448
550 449
558 450
564 451
556 452
554 453
565 454
570 455
575 456
574 457
579 458
584 459
587 460
594 461
593 462
598 463
599 464
603 465
609 466
612 467
615 468
614 469
624 470
643 471
651 472
653 473
652 474
651 475
652 476
655 477
656 478
656 479
655 480
650 481
652 482
655 483
654 484
650 485
646 486
647 487
647 488
651 489
650 490
648 491
644 492
646 493
647 494
649 495
646 496
647 497
650 498
650 499
649 500
646 501
646 502
650 503
653 504
656 505
656 506
656 507
650 508
651 509
654 510
658 511
658 512
660 513
663 514
662 515
662 516
668 517
671 518
671 519
664 520
665 521
664 522
665 523
664 524
667 525
666 526
664 527
661 528
667 529
671 530
671 531
670 532
666 533
667 534
668 535
665 536
666 537
666 538
665 539
664 540
666 541
669 542
667 543
672 544
672 545
671 546
671 547
670 548
669 549
670 550
670 551
669 552
670 553
670 554
671 555
672 556
672 557
672 558
672 559
672 560
674 561
672 562
673 563
667 564
658 565
654 566
655 567
652 568
647 569
646 570
640 571
640 572
641 573
640 574
640 575
641 576
640 577
641 578
641 579
640 580
640 581
640 582
641 583
640 584
641 585
641 586
642 587
642 588
643 589
642 590
643 591
642 592
641 593
640 594
641 595
642 596
643 597
643 598
642 599
641 600
642 601
642 602
641 603
641 604
641 605
641 606
642 607
641 608
639 609
640 610
640 611
641 612
640 613
641 614
641 615
641 616
639 617
639 618
639 619
639 620
639 621
639 622
639 623
639 624
639 625
639 626
639 627
639 628
639 629
639 630
639 631
639 632
639 633
639 634
639 635
639 636
639 637
639 638
639 639
639 640
639 641
639 642
639 643
639 644
639 645
639 646
639 647
639 648
639 649
639 650
639 651
639 652
639 653
639 654
639 655
639 656
639 657
639 658
639 659
639 660
639 661
639 662
639 663
639 664
639 665
639 666
639 667
639 668
639 669
639 670
639 671
639 672
639 673
639 674
639 675
639 676
639 677
639 678
639 679
639 680
639 681
639 682
639 683
639 684
639 685
639 686
639 687
639 688
639 689
639 690
639 691
639 692
639 693
638 694
638 695
638 696
638 697
638 698
639 699
638 700
637 701
638 702
643 703
638 704
639 705
641 706
641 707
640 708
642 709
643 710
640 711
642 712
643 713
643 714
641 715
643 716
645 717
643 718
641 719
