753 0
754 1
767 2
788 3
798 4
793 5
792 6
797 7
788 8
801 9
789 10
797 11
795 12
792 13
795 14
790 15
780 16
797 17
795 18
790 19
793 20
782 21
778 22
763 23
767 24
778 25
771 26
774 27
759 28
757 29
765 30
754 31
754 32
766 33
753 34
748 35
744 36
741 37
735 38
736 39
734 40
733 41
727 42
719 43
717 44
719 45
721 46
713 47
700 48
706 49
707 50
701 51
700 52
700 53
698 54
697 55
696 56
697 57
686 58
677 59
675 60
675 61
676 62
671 63
666 64
666 65
664 66
665 67
661 68
656 69
650 70
649 71
644 72
643 73
646 74
649 75
649 76
650 77
650 78
651 79
651 80
651 81
651 82
652 83
652 84
649 85
649 86
651 87
650 88
648 89
650 90
651 91
649 92
647 93
648 94
649 95
651 96
649 97
646 98
646 99
646 100
648 101
649 102
650 103
650 104
651 105
652 106
653 107
648 108
650 109
648 110
654 111
652 112
656 113
657 114
652 115
659 116
665 117
656 118
652 119
652 120
651 121
649 122
649 123
650 124
651 125
653 126
656 127
656 128
657 129
659 130
662 131
663 132
664 133
663 134
657 135
663 136
661 137
662 138
661 139
663 140
665 141
666 142
669 143
671 144
669 145
666 146
668 147
668 148
675 149
675 150
672 151
679 152
684 153
681 154
677 155
680 156
683 157
685 158
685 159
687 160
687 161
686 162
689 163
687 164
689 165
691 166
691 167
686 168
693 169
693 170
694 171
694 172
695 173
697 174
694 175
692 176
692 177
699 178
701 179
699 180
701 181
704 182
700 183
699 184
703 185
703 186
709 187
705 188
699 189
697 190
699 191
706 192
711 193
710 194
713 195
710 196
705 197
706 198
706 199
700 200
705 201
709 202
702 203
699 204
697 205
697 206
692 207
706 208
706 209
705 210
700 211
697 212
696 213
695 214
695 215
694 216
703 217
694 218
692 219
695 220
697 221
699 222
695 223
693 224
697 225
694 226
697 227
702 228
700 229
696 230
698 231
699 232
697 233
691 234
690 235
689 236
686 237
671 238
678 239
672 240
672 241
677 242
681 243
681 244
666 245
660 246
657 247
664 248
660 249
654 250
644 251
653 252
652 253
640 254
640 255
633 256
625 257
631 258
634 259
643 260
645 261
623 262
614 263
607 264
607 265
610 266
605 267
616 268
610 269
596 270
592 271
578 272
571 273
560 274
549 275
542 276
545 277
550 278
519 279
514 280
490 281
515 282
494 283
469 284
461 285
470 286
481 287
505 288
485 289
490 290
481 291
471 292
436 293
433 294
474 295
469 296
417 297
416 298
421 299
429 300
438 301
428 302
423 303
411 304
392 305
396 306
366 307
396 308
405 309
378 310
411 311
392 312
349 313
335 314
338 315
355 316
365 317
358 318
368 319
386 320
355 321
350 322
356 323
363 324
375 325
367 326
380 327
365 328
343 329
354 330
349 331
337 332
343 333
336 334
351 335
372 336
347 337
368 338
357 339
352 340
343 341
341 342
358 343
370 344
349 345
340 346
333 347
339 348
343 349
350 350
350 351
361 352
342 353
334 354
336 355
333 356
331 357
330 358
337 359
346 360
334 361
342 362
337 363
342 364
338 365
331 366
343 367
336 368
332 369
330 370
332 371
331 372
343 373
337 374
338 375
333 376
322 377
321 378
323 379
329 380
336 381
333 382
335 383
340 384
330 385
328 386
336 387
344 388
336 389
331 390
339 391
347 392
331 393
329 394
334 395
332 396
335 397
338 398
343 399
352 400
344 401
355 402
341 403
334 404
332 405
333 406
350 407
364 408
353 409
356 410
358 411
347 412
349 413
352 414
373 415
361 416
353 417
367 418
365 419
373 420
372 421
371 422
383 423
396 424
376 425
382 426
390 427
396 428
394 429
393 430
399 431
404 432
393 433
388 434
398 435
412 436
430 437
454 438
447 439
460 440
464 441
476 442
496 443
498 444
492 445
497 446
509 447
512 448
518 449
516 450
520 451
526 452
530 453
536 454
540 455
543 456
549 457
554 458
555 459
552 460
559 461
564 462
575 463
575 464
579 465
582 466
589 467
592 468
597 469
605 470
631 471
651 472
654 473
658 474
661 475
660 476
663 477
662 478
662 479
662 480
662 481
663 482
660 483
657 484
657 485
663 486
662 487
666 488
661 489
658 490
659 491
662 492
661 493
664 494
665 495
659 496
658 497
663 498
665 499
667 500
667 501
673 502
678 503
671 504
672 505
668 506
672 507
674 508
677 509
676 510
675 511
670 512
670 513
672 514
675 515
677 516
681 517
685 518
683 519
673 520
678 521
669 522
669 523
677 524
681 525
684 526
679 527
677 528
683 529
681 530
680 531
682 532
680 533
680 534
679 535
683 536
684 537
685 538
684 539
688 540
689 541
687 542
682 543
685 544
692 545
690 546
687 547
683 548
682 549
690 550
693 551
690 552
693 553
691 554
695 555
694 556
693 557
692 558
698 559
696 560
697 561
692 562
689 563
690 564
687 565
681 566
676 567
668 568
667 569
665 570
659 571
652 572
656 573
652 574
646 575
645 576
641 577
642 578
646 579
644 580
642 581
643 582
645 583
645 584
645 585
645 586
644 587
644 588
641 589
641 590
641 591
640 592
640 593
641 594
644 595
642 596
642 597
640 598
641 599
640 600
640 601
640 602
639 603
639 604
639 605
640 606
640 607
641 608
640 609
639 610
639 611
639 612
640 613
639 614
639 615
639 616
639 617
639 618
639 619
639 620
639 621
639 622
639 623
639 624
639 625
639 626
639 627
639 628
639 629
639 630
639 631
639 632
639 633
639 634
639 635
639 636
639 637
639 638
639 639
639 640
639 641
639 642
639 643
639 644
639 645
639 646
639 647
639 648
639 649
639 650
639 651
639 652
639 653
639 654
639 655
639 656
639 657
639 658
639 659
639 660
638 661
639 662
640 663
640 664
640 665
639 666
639 667
638 668
638 669
638 670
638 671
639 672
638 673
638 674
638 675
637 676
637 677
637 678
638 679
638 680
638 681
638 682
639 683
638 684
640 685
640 686
640 687
641 688
640 689
640 690
640 691
641 692
643 693
641 694
643 695
645 696
642 697
642 698
641 699
641 700
645 701
646 702
645 703
646 704
646 705
646 706
645 707
647 708
646 709
646 710
647 711
646 712
650 713
647 714
646 715
646 716
648 717
647 718
647 719
