758 0
773 1
785 2
791 3
806 4
815 5
821 6
812 7
799 8
816 9
812 10
814 11
814 12
825 13
820 14
804 15
782 16
806 17
820 18
813 19
787 20
785 21
792 22
780 23
787 24
788 25
784 26
783 27
781 28
767 29
769 30
765 31
759 32
759 33
758 34
762 35
747 36
734 37
732 38
741 39
748 40
746 41
741 42
731 43
732 44
730 45
728 46
722 47
714 48
714 49
715 50
709 51
705 52
701 53
704 54
707 55
704 56
702 57
702 58
698 59
697 60
698 61
694 62
694 63
680 64
670 65
671 66
668 67
659 68
661 69
657 70
654 71
649 72
645 73
644 74
646 75
653 76
653 77
654 78
651 79
654 80
655 81
660 82
663 83
663 84
661 85
660 86
664 87
667 88
664 89
663 90
663 91
662 92
661 93
661 94
662 95
662 96
663 97
662 98
661 99
660 100
659 101
658 102
660 103
659 104
660 105
660 106
661 107
660 108
659 109
660 110
664 111
662 112
663 113
666 114
667 115
668 116
670 117
671 118
675 119
675 120
686 121
681 122
677 123
683 124
675 125
674 126
679 127
671 128
681 129
679 130
678 131
674 132
682 133
680 134
678 135
683 136
684 137
680 138
682 139
683 140
687 141
681 142
680 143
678 144
681 145
684 146
685 147
685 148
684 149
688 150
693 151
685 152
699 153
701 154
705 155
711 156
709 157
714 158
714 159
716 160
720 161
717 162
727 163
729 164
721 165
721 166
723 167
717 168
721 169
718 170
710 171
712 172
721 173
723 174
719 175
710 176
719 177
723 178
726 179
731 180
736 181
735 182
729 183
720 184
718 185
718 186
726 187
734 188
741 189
739 190
733 191
739 192
745 193
744 194
746 195
745 196
741 197
743 198
745 199
745 200
743 201
741 202
749 203
750 204
744 205
739 206
734 207
739 208
739 209
740 210
737 211
737 212
738 213
747 214
741 215
741 216
744 217
751 218
757 219
758 220
753 221
751 222
754 223
759 224
756 225
753 226
750 227
750 228
755 229
753 230
749 231
745 232
743 233
739 234
743 235
738 236
735 237
733 238
730 239
721 240
724 241
730 242
740 243
735 244
726 245
721 246
724 247
714 248
720 249
708 250
704 251
686 252
689 253
705 254
689 255
674 256
683 257
661 258
663 259
661 260
648 261
634 262
645 263
655 264
652 265
638 266
641 267
646 268
639 269
638 270
629 271
618 272
611 273
601 274
600 275
601 276
588 277
585 278
576 279
527 280
516 281
506 282
514 283
511 284
510 285
525 286
530 287
532 288
506 289
482 290
473 291
467 292
463 293
478 294
497 295
481 296
441 297
433 298
413 299
432 300
448 301
448 302
453 303
457 304
416 305
409 306
408 307
396 308
381 309
386 310
417 311
377 312
350 313
358 314
358 315
376 316
395 317
364 318
349 319
319 320
303 321
285 322
295 323
294 324
288 325
284 326
310 327
303 328
292 329
287 330
286 331
288 332
291 333
276 334
298 335
295 336
273 337
277 338
268 339
270 340
261 341
264 342
278 343
279 344
275 345
263 346
264 347
263 348
256 349
253 350
267 351
266 352
258 353
263 354
260 355
254 356
265 357
270 358
261 359
262 360
259 361
258 362
259 363
256 364
260 365
261 366
263 367
256 368
255 369
249 370
256 371
267 372
273 373
271 374
284 375
266 376
262 377
269 378
267 379
267 380
268 381
267 382
272 383
286 384
273 385
270 386
266 387
270 388
283 389
274 390
278 391
284 392
289 393
278 394
272 395
280 396
290 397
281 398
279 399
284 400
288 401
302 402
288 403
276 404
276 405
270 406
295 407
298 408
289 409
304 410
316 411
295 412
300 413
303 414
308 415
304 416
286 417
288 418
295 419
304 420
309 421
295 422
306 423
308 424
294 425
281 426
285 427
285 428
291 429
291 430
312 431
311 432
310 433
307 434
314 435
332 436
344 437
347 438
351 439
362 440
363 441
371 442
385 443
403 444
401 445
410 446
425 447
428 448
428 449
431 450
431 451
433 452
439 453
450 454
459 455
456 456
451 457
455 458
469 459
481 460
476 461
472 462
483 463
485 464
489 465
499 466
498 467
501 468
519 469
521 470
527 471
581 472
600 473
609 474
619 475
611 476
613 477
622 478
631 479
630 480
625 481
632 482
641 483
640 484
631 485
630 486
647 487
652 488
650 489
652 490
656 491
661 492
665 493
665 494
668 495
678 496
672 497
673 498
674 499
678 500
680 501
678 502
678 503
679 504
678 505
679 506
682 507
685 508
680 509
686 510
688 511
687 512
689 513
693 514
690 515
691 516
690 517
692 518
695 519
695 520
689 521
687 522
697 523
701 524
699 525
697 526
700 527
697 528
698 529
703 530
704 531
708 532
705 533
701 534
698 535
710 536
710 537
703 538
698 539
701 540
705 541
707 542
706 543
703 544
706 545
714 546
719 547
715 548
713 549
712 550
711 551
710 552
717 553
721 554
720 555
720 556
727 557
722 558
720 559
719 560
721 561
714 562
710 563
715 564
723 565
723 566
714 567
707 568
712 569
709 570
706 571
708 572
707 573
700 574
693 575
684 576
682 577
676 578
671 579
667 580
665 581
658 582
655 583
653 584
648 585
647 586
642 587
640 588
640 589
640 590
640 591
639 592
639 593
639 594
639 595
639 596
639 597
639 598
639 599
639 600
639 601
639 602
639 603
639 604
639 605
639 606
639 607
639 608
639 609
639 610
639 611
639 612
639 613
639 614
639 615
639 616
639 617
639 618
639 619
639 620
639 621
639 622
640 623
639 624
639 625
639 626
639 627
639 628
639 629
639 630
639 631
639 632
639 633
640 634
640 635
640 636
640 637
640 638
640 639
640 640
640 641
640 642
640 643
640 644
640 645
640 646
640 647
641 648
640 649
640 650
640 651
640 652
641 653
640 654
641 655
640 656
640 657
640 658
640 659
640 660
640 661
640 662
641 663
640 664
640 665
640 666
640 667
641 668
641 669
641 670
641 671
641 672
640 673
640 674
640 675
640 676
641 677
641 678
641 679
641 680
641 681
640 682
641 683
641 684
640 685
641 686
641 687
641 688
641 689
641 690
642 691
641 692
643 693
643 694
643 695
644 696
644 697
643 698
645 699
647 700
647 701
646 702
645 703
644 704
646 705
647 706
650 707
647 708
645 709
648 710
647 711
649 712
649 713
649 714
649 715
647 716
647 717
647 718
647 719
