761 0
771 1
780 2
797 3
795 4
786 5
789 6
783 7
787 8
809 9
812 10
804 11
798 12
815 13
812 14
792 15
800 16
800 17
801 18
806 19
814 20
810 21
794 22
770 23
755 24
780 25
792 26
790 27
777 28
780 29
778 30
765 31
762 32
766 33
760 34
753 35
749 36
740 37
741 38
739 39
743 40
740 41
734 42
737 43
736 44
724 45
718 46
715 47
716 48
713 49
713 50
712 51
709 52
707 53
701 54
693 55
705 56
701 57
693 58
693 59
686 60
687 61
691 62
686 63
681 64
673 65
667 66
668 67
665 68
661 69
651 70
646 71
644 72
641 73
642 74
643 75
646 76
647 77
648 78
650 79
650 80
653 81
654 82
654 83
659 84
657 85
659 86
657 87
658 88
658 89
657 90
658 91
657 92
656 93
654 94
657 95
655 96
658 97
659 98
659 99
658 100
656 101
655 102
657 103
656 104
656 105
656 106
655 107
656 108
657 109
656 110
660 111
657 112
658 113
662 114
663 115
666 116
669 117
675 118
677 119
673 120
668 121
667 122
674 123
676 124
667 125
662 126
671 127
671 128
671 129
673 130
676 131
672 132
675 133
678 134
673 135
672 136
675 137
676 138
680 139
680 140
676 141
673 142
673 143
675 144
673 145
678 146
681 147
678 148
678 149
681 150
684 151
688 152
698 153
696 154
697 155
700 156
703 157
709 158
707 159
711 160
717 161
709 162
707 163
709 164
714 165
720 166
715 167
713 168
721 169
722 170
721 171
723 172
720 173
722 174
719 175
714 176
715 177
713 178
717 179
723 180
722 181
724 182
720 183
720 184
724 185
728 186
733 187
731 188
723 189
714 190
718 191
724 192
733 193
735 194
746 195
747 196
738 197
737 198
737 199
736 200
741 201
739 202
739 203
739 204
742 205
737 206
736 207
736 208
739 209
736 210
731 211
728 212
732 213
735 214
737 215
732 216
739 217
742 218
744 219
738 220
738 221
743 222
742 223
752 224
745 225
742 226
742 227
741 228
747 229
751 230
739 231
740 232
742 233
735 234
731 235
732 236
733 237
736 238
735 239
738 240
726 241
733 242
728 243
734 244
718 245
713 246
713 247
704 248
705 249
689 250
683 251
700 252
697 253
686 254
685 255
671 256
676 257
673 258
666 259
671 260
660 261
650 262
646 263
642 264
631 265
627 266
651 267
656 268
645 269
632 270
640 271
630 272
601 273
591 274
607 275
612 276
598 277
583 278
572 279
545 280
517 281
525 282
534 283
523 284
519 285
515 286
513 287
520 288
514 289
511 290
492 291
475 292
463 293
471 294
490 295
476 296
449 297
439 298
429 299
420 300
449 301
435 302
453 303
393 304
413 305
401 306
399 307
389 308
360 309
357 310
367 311
361 312
346 313
337 314
366 315
358 316
347 317
328 318
348 319
309 320
295 321
296 322
312 323
305 324
286 325
285 326
297 327
290 328
276 329
264 330
263 331
280 332
294 333
281 334
270 335
288 336
279 337
270 338
274 339
277 340
269 341
264 342
272 343
265 344
267 345
268 346
266 347
274 348
274 349
268 350
273 351
279 352
263 353
265 354
271 355
269 356
264 357
271 358
273 359
287 360
267 361
266 362
271 363
274 364
263 365
267 366
279 367
294 368
273 369
274 370
275 371
274 372
267 373
269 374
284 375
271 376
258 377
258 378
263 379
257 380
280 381
269 382
274 383
273 384
270 385
271 386
271 387
276 388
287 389
279 390
284 391
287 392
282 393
291 394
311 395
310 396
292 397
283 398
301 399
293 400
291 401
294 402
292 403
282 404
294 405
293 406
298 407
293 408
285 409
296 410
290 411
300 412
294 413
281 414
302 415
289 416
291 417
289 418
295 419
297 420
293 421
293 422
304 423
324 424
302 425
295 426
296 427
314 428
313 429
305 430
327 431
312 432
320 433
325 434
325 435
333 436
336 437
345 438
356 439
381 440
388 441
411 442
401 443
392 444
408 445
419 446
426 447
440 448
437 449
437 450
441 451
449 452
451 453
458 454
458 455
464 456
462 457
477 458
481 459
481 460
476 461
471 462
479 463
486 464
490 465
494 466
504 467
510 468
517 469
517 470
539 471
595 472
608 473
612 474
612 475
619 476
626 477
633 478
635 479
635 480
636 481
642 482
644 483
645 484
651 485
656 486
652 487
662 488
665 489
671 490
676 491
672 492
671 493
675 494
678 495
678 496
684 497
678 498
677 499
674 500
678 501
685 502
687 503
686 504
686 505
684 506
690 507
687 508
677 509
685 510
687 511
692 512
697 513
702 514
705 515
696 516
695 517
703 518
701 519
696 520
704 521
704 522
702 523
698 524
702 525
700 526
701 527
699 528
700 529
699 530
700 531
701 532
703 533
705 534
698 535
707 536
710 537
710 538
709 539
709 540
713 541
710 542
707 543
715 544
720 545
722 546
720 547
721 548
722 549
720 550
719 551
718 552
722 553
721 554
723 555
723 556
719 557
724 558
731 559
722 560
726 561
726 562
725 563
727 564
732 565
730 566
728 567
720 568
720 569
719 570
718 571
712 572
711 573
697 574
688 575
684 576
678 577
680 578
674 579
675 580
669 581
662 582
653 583
649 584
648 585
645 586
644 587
640 588
639 589
639 590
639 591
640 592
639 593
639 594
639 595
639 596
639 597
639 598
639 599
639 600
639 601
639 602
639 603
639 604
639 605
640 606
639 607
639 608
639 609
639 610
639 611
639 612
639 613
639 614
639 615
639 616
639 617
639 618
639 619
639 620
639 621
639 622
639 623
639 624
639 625
639 626
639 627
640 628
640 629
639 630
639 631
639 632
639 633
639 634
639 635
640 636
640 637
640 638
640 639
640 640
640 641
641 642
641 643
641 644
640 645
641 646
642 647
640 648
641 649
640 650
640 651
640 652
640 653
641 654
640 655
640 656
640 657
640 658
640 659
640 660
640 661
640 662
641 663
640 664
640 665
640 666
640 667
640 668
640 669
640 670
640 671
640 672
640 673
641 674
641 675
641 676
640 677
640 678
641 679
640 680
640 681
640 682
641 683
641 684
641 685
641 686
641 687
640 688
640 689
641 690
640 691
641 692
640 693
641 694
645 695
642 696
648 697
648 698
647 699
647 700
648 701
649 702
645 703
647 704
646 705
647 706
648 707
649 708
649 709
646 710
645 711
647 712
645 713
650 714
649 715
651 716
652 717
647 718
646 719
