759 0
778 1
810 2
821 3
820 4
817 5
802 6
798 7
808 8
825 9
809 10
808 11
819 12
824 13
830 14
808 15
807 16
812 17
808 18
804 19
807 20
804 21
795 22
756 23
790 24
780 25
775 26
775 27
774 28
770 29
766 30
763 31
754 32
756 33
754 34
752 35
748 36
743 37
741 38
742 39
743 40
745 41
753 42
745 43
732 44
730 45
726 46
723 47
718 48
715 49
709 50
707 51
712 52
705 53
703 54
699 55
696 56
690 57
693 58
691 59
689 60
686 61
683 62
685 63
676 64
675 65
675 66
675 67
671 68
665 69
657 70
653 71
647 72
646 73
647 74
646 75
647 76
648 77
647 78
647 79
649 80
651 81
653 82
654 83
652 84
652 85
655 86
657 87
661 88
661 89
663 90
660 91
655 92
654 93
652 94
653 95
657 96
655 97
655 98
654 99
654 100
653 101
654 102
657 103
657 104
658 105
656 106
656 107
657 108
657 109
657 110
660 111
657 112
658 113
655 114
660 115
667 116
666 117
670 118
673 119
670 120
666 121
666 122
667 123
678 124
680 125
674 126
672 127
678 128
680 129
685 130
689 131
700 132
695 133
689 134
679 135
678 136
682 137
685 138
682 139
690 140
686 141
683 142
682 143
683 144
682 145
682 146
681 147
685 148
685 149
689 150
690 151
693 152
694 153
694 154
697 155
705 156
706 157
705 158
699 159
702 160
703 161
701 162
701 163
699 164
710 165
716 166
715 167
720 168
716 169
710 170
712 171
722 172
723 173
719 174
710 175
705 176
710 177
714 178
714 179
720 180
725 181
728 182
718 183
722 184
722 185
727 186
730 187
731 188
728 189
729 190
726 191
732 192
731 193
731 194
733 195
732 196
736 197
736 198
728 199
723 200
734 201
736 202
737 203
726 204
722 205
726 206
724 207
734 208
730 209
729 210
735 211
739 212
737 213
733 214
736 215
743 216
738 217
741 218
736 219
740 220
739 221
741 222
734 223
729 224
726 225
723 226
717 227
722 228
727 229
726 230
724 231
735 232
736 233
740 234
735 235
730 236
731 237
736 238
742 239
715 240
717 241
708 242
712 243
709 244
696 245
699 246
707 247
715 248
719 249
699 250
678 251
683 252
680 253
666 254
660 255
660 256
668 257
671 258
654 259
648 260
643 261
635 262
624 263
641 264
644 265
643 266
641 267
634 268
639 269
621 270
614 271
619 272
618 273
619 274
633 275
623 276
602 277
597 278
584 279
547 280
537 281
532 282
526 283
533 284
546 285
535 286
536 287
514 288
506 289
514 290
515 291
507 292
503 293
506 294
516 295
482 296
491 297
479 298
454 299
447 300
464 301
470 302
483 303
469 304
449 305
442 306
435 307
440 308
444 309
403 310
414 311
424 312
389 313
406 314
386 315
377 316
382 317
382 318
410 319
383 320
339 321
338 322
334 323
358 324
348 325
316 326
346 327
307 328
304 329
322 330
306 331
313 332
318 333
295 334
295 335
296 336
287 337
288 338
287 339
275 340
276 341
268 342
271 343
287 344
279 345
299 346
261 347
257 348
266 349
266 350
289 351
281 352
284 353
281 354
267 355
267 356
280 357
279 358
287 359
295 360
271 361
276 362
285 363
287 364
285 365
274 366
272 367
286 368
273 369
276 370
275 371
284 372
280 373
271 374
312 375
301 376
271 377
272 378
281 379
287 380
296 381
281 382
291 383
298 384
277 385
283 386
280 387
294 388
306 389
278 390
287 391
285 392
292 393
305 394
312 395
317 396
297 397
301 398
308 399
307 400
299 401
319 402
316 403
301 404
294 405
296 406
318 407
331 408
305 409
322 410
316 411
312 412
307 413
302 414
306 415
320 416
306 417
299 418
298 419
312 420
313 421
311 422
333 423
305 424
292 425
297 426
297 427
310 428
318 429
310 430
339 431
331 432
325 433
324 434
327 435
320 436
343 437
346 438
372 439
376 440
387 441
397 442
415 443
411 444
416 445
425 446
426 447
439 448
441 449
447 450
439 451
435 452
440 453
450 454
458 455
463 456
459 457
466 458
474 459
479 460
476 461
488 462
490 463
491 464
498 465
515 466
520 467
522 468
516 469
522 470
539 471
599 472
613 473
620 474
626 475
629 476
628 477
628 478
627 479
634 480
640 481
649 482
648 483
640 484
643 485
637 486
636 487
645 488
644 489
649 490
648 491
649 492
655 493
652 494
652 495
659 496
668 497
660 498
657 499
661 500
670 501
679 502
685 503
692 504
691 505
685 506
681 507
679 508
679 509
685 510
683 511
687 512
688 513
693 514
685 515
688 516
690 517
692 518
698 519
698 520
696 521
694 522
695 523
700 524
702 525
700 526
695 527
697 528
701 529
702 530
698 531
697 532
700 533
702 534
701 535
707 536
705 537
703 538
704 539
702 540
700 541
703 542
702 543
699 544
709 545
710 546
708 547
710 548
711 549
715 550
713 551
713 552
711 553
700 554
706 555
716 556
723 557
723 558
718 559
717 560
716 561
714 562
716 563
712 564
714 565
720 566
722 567
712 568
717 569
718 570
714 571
714 572
709 573
706 574
702 575
689 576
691 577
685 578
681 579
678 580
672 581
662 582
662 583
654 584
651 585
648 586
646 587
641 588
640 589
640 590
640 591
641 592
639 593
640 594
641 595
639 596
639 597
639 598
640 599
639 600
639 601
639 602
639 603
639 604
639 605
639 606
639 607
640 608
639 609
639 610
639 611
639 612
639 613
639 614
639 615
639 616
639 617
639 618
639 619
639 620
639 621
639 622
639 623
639 624
639 625
640 626
640 627
640 628
640 629
640 630
640 631
640 632
640 633
640 634
640 635
640 636
640 637
640 638
640 639
640 640
641 641
640 642
640 643
640 644
640 645
640 646
640 647
640 648
640 649
640 650
640 651
641 652
640 653
640 654
640 655
640 656
640 657
641 658
640 659
640 660
641 661
640 662
640 663
641 664
641 665
640 666
640 667
640 668
641 669
641 670
641 671
641 672
640 673
641 674
640 675
640 676
640 677
640 678
640 679
640 680
640 681
641 682
640 683
641 684
641 685
640 686
640 687
640 688
640 689
640 690
640 691
640 692
641 693
641 694
641 695
643 696
641 697
644 698
643 699
642 700
641 701
645 702
646 703
644 704
646 705
646 706
645 707
644 708
644 709
646 710
649 711
646 712
648 713
650 714
651 715
649 716
649 717
648 718
647 719
