751 0
765 1
772 2
780 3
773 4
790 5
808 6
800 7
810 8
810 9
786 10
792 11
796 12
798 13
806 14
788 15
781 16
807 17
801 18
811 19
802 20
785 21
782 22
769 23
778 24
783 25
783 26
789 27
767 28
751 29
767 30
777 31
763 32
763 33
746 34
745 35
741 36
733 37
733 38
739 39
730 40
732 41
725 42
721 43
719 44
720 45
719 46
715 47
718 48
722 49
721 50
708 51
705 52
701 53
700 54
701 55
698 56
696 57
695 58
693 59
694 60
692 61
691 62
690 63
684 64
677 65
676 66
667 67
662 68
659 69
651 70
647 71
644 72
644 73
643 74
642 75
646 76
648 77
648 78
651 79
648 80
652 81
655 82
657 83
658 84
659 85
660 86
660 87
659 88
658 89
659 90
657 91
656 92
659 93
659 94
661 95
660 96
659 97
660 98
660 99
662 100
660 101
658 102
657 103
657 104
659 105
659 106
660 107
657 108
657 109
658 110
659 111
660 112
658 113
656 114
661 115
663 116
669 117
672 118
667 119
674 120
675 121
676 122
673 123
670 124
671 125
667 126
666 127
667 128
668 129
670 130
676 131
677 132
677 133
675 134
667 135
674 136
673 137
679 138
684 139
684 140
678 141
676 142
678 143
678 144
680 145
681 146
679 147
682 148
684 149
685 150
684 151
687 152
690 153
692 154
692 155
699 156
703 157
710 158
703 159
706 160
712 161
708 162
709 163
711 164
717 165
716 166
711 167
709 168
720 169
719 170
714 171
715 172
719 173
722 174
720 175
718 176
723 177
724 178
727 179
720 180
718 181
719 182
719 183
723 184
727 185
728 186
728 187
729 188
731 189
724 190
714 191
726 192
731 193
740 194
740 195
737 196
734 197
742 198
743 199
729 200
738 201
739 202
737 203
737 204
731 205
734 206
735 207
738 208
738 209
742 210
739 211
730 212
730 213
734 214
731 215
735 216
738 217
739 218
737 219
742 220
744 221
747 222
748 223
747 224
747 225
743 226
743 227
745 228
747 229
745 230
750 231
747 232
738 233
736 234
737 235
738 236
737 237
730 238
732 239
737 240
726 241
722 242
727 243
726 244
712 245
708 246
709 247
702 248
704 249
715 250
722 251
704 252
681 253
691 254
693 255
693 256
697 257
683 258
680 259
675 260
680 261
681 262
686 263
647 264
642 265
653 266
641 267
640 268
628 269
638 270
641 271
614 272
606 273
590 274
603 275
612 276
601 277
583 278
557 279
541 280
519 281
516 282
519 283
512 284
514 285
497 286
493 287
520 288
505 289
501 290
510 291
502 292
484 293
469 294
489 295
478 296
414 297
419 298
433 299
439 300
426 301
416 302
438 303
414 304
402 305
403 306
376 307
365 308
374 309
401 310
389 311
392 312
356 313
336 314
329 315
347 316
364 317
359 318
337 319
328 320
296 321
285 322
292 323
279 324
303 325
317 326
297 327
280 328
263 329
273 330
280 331
281 332
284 333
280 334
287 335
284 336
283 337
289 338
280 339
278 340
270 341
265 342
266 343
282 344
272 345
261 346
263 347
267 348
259 349
258 350
259 351
277 352
265 353
260 354
259 355
261 356
261 357
264 358
276 359
283 360
268 361
262 362
264 363
270 364
271 365
273 366
282 367
275 368
263 369
273 370
261 371
272 372
283 373
276 374
278 375
273 376
257 377
258 378
262 379
289 380
277 381
267 382
269 383
280 384
276 385
270 386
272 387
273 388
278 389
274 390
287 391
286 392
290 393
297 394
283 395
281 396
285 397
296 398
312 399
314 400
284 401
290 402
285 403
293 404
302 405
294 406
304 407
301 408
299 409
287 410
293 411
301 412
294 413
290 414
306 415
300 416
280 417
281 418
295 419
299 420
296 421
295 422
314 423
303 424
284 425
284 426
294 427
296 428
323 429
319 430
319 431
309 432
294 433
297 434
305 435
317 436
327 437
349 438
373 439
380 440
389 441
396 442
395 443
413 444
416 445
422 446
425 447
435 448
431 449
435 450
435 451
445 452
457 453
458 454
464 455
457 456
462 457
473 458
474 459
479 460
487 461
487 462
486 463
491 464
501 465
511 466
513 467
507 468
517 469
536 470
539 471
592 472
613 473
619 474
618 475
619 476
623 477
626 478
632 479
645 480
644 481
641 482
639 483
642 484
648 485
655 486
661 487
651 488
650 489
660 490
665 491
662 492
669 493
672 494
677 495
683 496
680 497
680 498
678 499
679 500
680 501
687 502
682 503
680 504
687 505
686 506
687 507
685 508
687 509
694 510
690 511
685 512
685 513
687 514
688 515
691 516
699 517
697 518
692 519
693 520
695 521
694 522
698 523
702 524
703 525
703 526
698 527
699 528
701 529
699 530
710 531
708 532
712 533
710 534
699 535
709 536
708 537
707 538
705 539
700 540
703 541
708 542
714 543
713 544
711 545
711 546
713 547
718 548
723 549
717 550
709 551
711 552
719 553
720 554
714 555
712 556
722 557
731 558
728 559
722 560
720 561
719 562
720 563
723 564
729 565
727 566
723 567
718 568
717 569
713 570
707 571
707 572
705 573
704 574
695 575
685 576
681 577
676 578
674 579
673 580
669 581
660 582
654 583
651 584
647 585
647 586
644 587
641 588
641 589
639 590
640 591
640 592
640 593
640 594
639 595
640 596
640 597
639 598
640 599
639 600
639 601
640 602
639 603
639 604
639 605
639 606
641 607
640 608
639 609
639 610
639 611
639 612
639 613
639 614
639 615
639 616
639 617
639 618
639 619
639 620
639 621
639 622
639 623
639 624
639 625
639 626
639 627
640 628
639 629
639 630
639 631
639 632
639 633
639 634
640 635
640 636
640 637
640 638
640 639
640 640
640 641
640 642
640 643
640 644
640 645
640 646
641 647
641 648
641 649
641 650
640 651
640 652
640 653
640 654
641 655
640 656
640 657
640 658
640 659
640 660
640 661
640 662
640 663
641 664
640 665
640 666
640 667
641 668
641 669
641 670
642 671
641 672
641 673
640 674
641 675
640 676
640 677
640 678
641 679
641 680
640 681
641 682
641 683
641 684
641 685
641 686
642 687
641 688
641 689
640 690
640 691
641 692
641 693
641 694
644 695
645 696
644 697
646 698
647 699
647 700
650 701
649 702
646 703
648 704
649 705
651 706
649 707
647 708
647 709
648 710
650 711
651 712
651 713
648 714
650 715
648 716
646 717
647 718
650 719
