774 0
799 1
797 2
798 3
808 4
807 5
816 6
808 7
782 8
799 9
808 10
806 11
814 12
828 13
813 14
804 15
806 16
819 17
810 18
805 19
812 20
815 21
806 22
796 23
801 24
809 25
790 26
776 27
772 28
778 29
773 30
757 31
749 32
759 33
762 34
765 35
757 36
756 37
753 38
748 39
749 40
752 41
742 42
733 43
740 44
738 45
730 46
733 47
726 48
722 49
713 50
712 51
705 52
706 53
710 54
704 55
701 56
698 57
697 58
700 59
697 60
690 61
692 62
694 63
689 64
681 65
674 66
667 67
658 68
655 69
656 70
659 71
655 72
649 73
650 74
649 75
649 76
652 77
651 78
650 79
653 80
653 81
656 82
659 83
660 84
659 85
656 86
659 87
658 88
662 89
666 90
663 91
660 92
660 93
658 94
658 95
659 96
659 97
662 98
660 99
660 100
659 101
659 102
656 103
657 104
658 105
659 106
659 107
656 108
654 109
655 110
656 111
659 112
656 113
657 114
663 115
668 116
674 117
675 118
674 119
672 120
678 121
680 122
681 123
691 124
690 125
689 126
685 127
679 128
681 129
688 130
683 131
685 132
688 133
692 134
689 135
682 136
683 137
677 138
677 139
679 140
679 141
685 142
685 143
684 144
684 145
690 146
698 147
703 148
696 149
702 150
709 151
707 152
714 153
710 154
708 155
704 156
707 157
715 158
714 159
714 160
723 161
720 162
720 163
717 164
722 165
725 166
718 167
716 168
718 169
721 170
720 171
720 172
717 173
726 174
723 175
729 176
727 177
726 178
727 179
736 180
738 181
743 182
740 183
732 184
730 185
734 186
733 187
729 188
733 189
735 190
732 191
736 192
738 193
744 194
747 195
742 196
735 197
739 198
742 199
732 200
740 201
741 202
743 203
738 204
730 205
743 206
746 207
745 208
743 209
748 210
748 211
745 212
742 213
748 214
747 215
747 216
744 217
745 218
746 219
739 220
741 221
741 222
744 223
756 224
748 225
745 226
739 227
741 228
747 229
750 230
746 231
739 232
737 233
730 234
729 235
731 236
727 237
723 238
729 239
730 240
723 241
721 242
716 243
709 244
707 245
695 246
690 247
695 248
687 249
684 250
670 251
684 252
694 253
676 254
672 255
672 256
667 257
672 258
660 259
654 260
645 261
639 262
639 263
644 264
635 265
624 266
624 267
630 268
631 269
615 270
623 271
616 272
613 273
606 274
607 275
600 276
611 277
608 278
597 279
575 280
553 281
549 282
557 283
559 284
545 285
526 286
506 287
522 288
510 289
506 290
513 291
529 292
503 293
491 294
495 295
523 296
473 297
455 298
459 299
451 300
467 301
484 302
509 303
460 304
441 305
432 306
410 307
411 308
426 309
411 310
433 311
410 312
387 313
386 314
385 315
371 316
384 317
376 318
397 319
380 320
352 321
338 322
328 323
319 324
327 325
308 326
310 327
306 328
292 329
295 330
313 331
310 332
278 333
265 334
271 335
293 336
267 337
291 338
293 339
280 340
260 341
271 342
283 343
269 344
270 345
276 346
274 347
255 348
257 349
262 350
264 351
269 352
260 353
263 354
264 355
267 356
271 357
268 358
281 359
286 360
270 361
267 362
261 363
266 364
270 365
260 366
279 367
288 368
282 369
275 370
279 371
283 372
274 373
273 374
298 375
288 376
269 377
269 378
289 379
285 380
279 381
285 382
285 383
268 384
266 385
278 386
279 387
268 388
266 389
271 390
269 391
299 392
283 393
291 394
302 395
292 396
279 397
276 398
290 399
313 400
295 401
309 402
282 403
289 404
294 405
300 406
308 407
303 408
296 409
296 410
294 411
286 412
290 413
298 414
309 415
317 416
297 417
297 418
295 419
299 420
312 421
318 422
328 423
324 424
300 425
298 426
293 427
297 428
304 429
310 430
324 431
340 432
308 433
306 434
323 435
329 436
326 437
341 438
367 439
369 440
380 441
383 442
388 443
396 444
407 445
420 446
424 447
422 448
419 449
434 450
448 451
445 452
451 453
452 454
467 455
469 456
466 457
466 458
472 459
477 460
483 461
492 462
491 463
495 464
506 465
514 466
530 467
536 468
530 469
540 470
559 471
614 472
629 473
632 474
632 475
627 476
630 477
634 478
638 479
646 480
649 481
646 482
647 483
641 484
642 485
647 486
653 487
658 488
659 489
660 490
652 491
652 492
656 493
664 494
663 495
668 496
672 497
673 498
669 499
668 500
676 501
678 502
686 503
682 504
686 505
684 506
681 507
682 508
686 509
689 510
684 511
696 512
691 513
693 514
695 515
697 516
702 517
695 518
695 519
700 520
699 521
691 522
694 523
702 524
704 525
705 526
700 527
699 528
696 529
697 530
702 531
705 532
702 533
695 534
706 535
715 536
714 537
718 538
712 539
708 540
707 541
708 542
711 543
702 544
704 545
704 546
709 547
715 548
712 549
715 550
709 551
709 552
715 553
709 554
708 555
711 556
709 557
711 558
716 559
710 560
710 561
704 562
708 563
717 564
716 565
714 566
715 567
713 568
713 569
713 570
715 571
709 572
701 573
699 574
693 575
685 576
683 577
682 578
682 579
680 580
673 581
666 582
660 583
657 584
652 585
646 586
642 587
640 588
639 589
639 590
639 591
640 592
639 593
640 594
640 595
640 596
639 597
639 598
639 599
639 600
639 601
639 602
639 603
639 604
639 605
639 606
639 607
640 608
639 609
639 610
639 611
639 612
639 613
639 614
639 615
639 616
639 617
639 618
639 619
639 620
639 621
639 622
639 623
639 624
639 625
639 626
639 627
639 628
639 629
639 630
640 631
640 632
640 633
640 634
640 635
640 636
640 637
640 638
640 639
640 640
640 641
640 642
640 643
640 644
640 645
640 646
640 647
640 648
640 649
640 650
640 651
640 652
640 653
640 654
641 655
640 656
640 657
640 658
640 659
640 660
640 661
640 662
640 663
640 664
640 665
640 666
640 667
640 668
640 669
640 670
640 671
640 672
640 673
640 674
640 675
641 676
641 677
640 678
640 679
640 680
640 681
640 682
640 683
640 684
640 685
640 686
640 687
641 688
641 689
641 690
641 691
640 692
641 693
641 694
642 695
645 696
645 697
641 698
642 699
644 700
642 701
642 702
643 703
647 704
648 705
648 706
647 707
648 708
648 709
647 710
647 711
647 712
647 713
646 714
647 715
650 716
649 717
647 718
646 719
