751 0
767 1
773 2
797 3
806 4
808 5
808 6
806 7
799 8
798 9
795 10
798 11
817 12
809 13
791 14
767 15
778 16
801 17
808 18
810 19
806 20
805 21
792 22
770 23
772 24
782 25
796 26
796 27
787 28
782 29
770 30
767 31
758 32
761 33
765 34
768 35
755 36
744 37
741 38
737 39
739 40
744 41
741 42
737 43
731 44
723 45
718 46
720 47
722 48
722 49
712 50
708 51
711 52
709 53
702 54
703 55
693 56
695 57
693 58
690 59
693 60
691 61
687 62
688 63
679 64
672 65
676 66
668 67
658 68
655 69
650 70
648 71
646 72
645 73
646 74
647 75
647 76
649 77
652 78
652 79
655 80
653 81
654 82
660 83
663 84
661 85
661 86
663 87
662 88
663 89
662 90
661 91
659 92
656 93
658 94
659 95
658 96
657 97
657 98
659 99
660 100
656 101
655 102
656 103
658 104
656 105
658 106
657 107
658 108
660 109
660 110
660 111
663 112
659 113
659 114
662 115
663 116
666 117
667 118
670 119
673 120
672 121
674 122
675 123
678 124
678 125
682 126
677 127
676 128
672 129
672 130
673 131
677 132
682 133
680 134
679 135
674 136
680 137
683 138
682 139
681 140
679 141
677 142
678 143
679 144
685 145
691 146
686 147
685 148
684 149
686 150
693 151
698 152
707 153
706 154
710 155
706 156
706 157
711 158
716 159
712 160
718 161
716 162
709 163
712 164
715 165
718 166
721 167
719 168
719 169
721 170
720 171
728 172
730 173
725 174
717 175
718 176
720 177
724 178
732 179
732 180
728 181
727 182
724 183
727 184
727 185
727 186
727 187
723 188
732 189
737 190
736 191
738 192
742 193
744 194
742 195
738 196
739 197
742 198
738 199
739 200
739 201
739 202
735 203
731 204
729 205
734 206
736 207
738 208
741 209
743 210
744 211
739 212
739 213
735 214
740 215
741 216
738 217
738 218
741 219
748 220
744 221
748 222
753 223
743 224
747 225
741 226
737 227
740 228
745 229
743 230
743 231
732 232
726 233
736 234
747 235
754 236
746 237
730 238
732 239
727 240
722 241
718 242
722 243
720 244
715 245
710 246
713 247
721 248
724 249
707 250
688 251
703 252
706 253
689 254
696 255
685 256
689 257
687 258
668 259
666 260
653 261
652 262
642 263
641 264
634 265
624 266
640 267
655 268
655 269
635 270
616 271
614 272
604 273
604 274
585 275
576 276
576 277
590 278
582 279
542 280
528 281
537 282
525 283
509 284
497 285
508 286
522 287
496 288
476 289
491 290
504 291
490 292
458 293
446 294
467 295
459 296
436 297
418 298
414 299
416 300
414 301
419 302
456 303
415 304
416 305
414 306
393 307
374 308
374 309
388 310
392 311
348 312
343 313
358 314
324 315
345 316
379 317
380 318
361 319
313 320
310 321
300 322
301 323
294 324
296 325
287 326
317 327
288 328
281 329
289 330
274 331
279 332
280 333
282 334
283 335
289 336
277 337
287 338
283 339
280 340
266 341
267 342
280 343
278 344
272 345
268 346
269 347
269 348
268 349
274 350
278 351
272 352
269 353
271 354
266 355
265 356
270 357
262 358
278 359
286 360
270 361
269 362
269 363
268 364
270 365
268 366
291 367
291 368
263 369
269 370
261 371
262 372
262 373
257 374
260 375
260 376
261 377
268 378
268 379
275 380
271 381
274 382
283 383
279 384
265 385
264 386
264 387
270 388
272 389
276 390
280 391
284 392
274 393
281 394
282 395
279 396
293 397
287 398
289 399
298 400
295 401
298 402
284 403
286 404
288 405
287 406
288 407
307 408
291 409
285 410
279 411
282 412
287 413
297 414
317 415
312 416
289 417
292 418
279 419
275 420
279 421
290 422
295 423
309 424
304 425
307 426
300 427
302 428
312 429
315 430
320 431
319 432
315 433
312 434
324 435
330 436
330 437
349 438
373 439
370 440
383 441
388 442
388 443
398 444
413 445
419 446
427 447
429 448
438 449
433 450
429 451
436 452
440 453
448 454
465 455
472 456
471 457
474 458
461 459
460 460
475 461
478 462
475 463
488 464
490 465
498 466
502 467
510 468
512 469
516 470
536 471
587 472
602 473
614 474
617 475
618 476
618 477
624 478
632 479
626 480
639 481
647 482
646 483
642 484
633 485
643 486
655 487
651 488
652 489
651 490
659 491
662 492
663 493
674 494
676 495
671 496
679 497
683 498
681 499
682 500
686 501
687 502
688 503
685 504
687 505
682 506
677 507
683 508
690 509
692 510
686 511
681 512
687 513
692 514
691 515
697 516
696 517
698 518
697 519
694 520
700 521
703 522
699 523
701 524
700 525
694 526
692 527
690 528
694 529
703 530
705 531
706 532
700 533
701 534
703 535
709 536
713 537
712 538
710 539
709 540
705 541
703 542
705 543
709 544
716 545
711 546
710 547
715 548
715 549
721 550
719 551
713 552
721 553
723 554
720 555
720 556
720 557
721 558
723 559
723 560
731 561
724 562
724 563
727 564
724 565
724 566
722 567
707 568
711 569
712 570
713 571
713 572
696 573
693 574
690 575
682 576
677 577
676 578
672 579
665 580
661 581
657 582
657 583
650 584
643 585
646 586
644 587
640 588
639 589
639 590
639 591
640 592
639 593
640 594
640 595
639 596
639 597
639 598
640 599
639 600
639 601
639 602
639 603
639 604
639 605
639 606
639 607
640 608
639 609
639 610
639 611
639 612
639 613
639 614
639 615
639 616
639 617
639 618
639 619
639 620
639 621
639 622
640 623
639 624
639 625
639 626
639 627
639 628
639 629
639 630
639 631
639 632
639 633
639 634
639 635
640 636
640 637
640 638
641 639
640 640
640 641
641 642
641 643
640 644
640 645
640 646
640 647
640 648
640 649
640 650
640 651
640 652
640 653
640 654
640 655
640 656
640 657
640 658
640 659
640 660
640 661
640 662
640 663
640 664
640 665
640 666
640 667
640 668
640 669
640 670
641 671
641 672
641 673
640 674
640 675
640 676
640 677
640 678
641 679
641 680
640 681
641 682
641 683
640 684
640 685
640 686
640 687
641 688
641 689
641 690
642 691
642 692
642 693
641 694
643 695
643 696
643 697
644 698
645 699
645 700
645 701
647 702
647 703
648 704
649 705
650 706
648 707
646 708
645 709
645 710
649 711
652 712
653 713
649 714
650 715
651 716
649 717
646 718
646 719
