639 0
639 1
639 2
639 3
639 4
639 5
639 6
639 7
639 8
639 9
639 10
639 11
639 12
639 13
639 14
639 15
639 16
639 17
639 18
639 19
639 20
639 21
639 22
639 23
639 24
639 25
639 26
639 27
639 28
639 29
639 30
639 31
639 32
639 33
639 34
639 35
639 36
639 37
639 38
639 39
639 40
639 41
639 42
639 43
639 44
639 45
639 46
639 47
639 48
639 49
639 50
639 51
639 52
639 53
639 54
639 55
639 56
639 57
639 58
639 59
639 60
639 61
639 62
639 63
639 64
639 65
639 66
639 67
639 68
639 69
639 70
639 71
639 72
639 73
639 74
639 75
639 76
639 77
639 78
639 79
639 80
639 81
639 82
639 83
639 84
639 85
639 86
639 87
639 88
639 89
639 90
639 91
639 92
640 93
641 94
644 95
646 96
650 97
656 98
661 99
666 100
669 101
666 102
670 103
673 104
688 105
691 106
694 107
697 108
697 109
712 110
715 111
719 112
726 113
729 114
721 115
730 116
744 117
747 118
746 119
744 120
751 121
759 122
766 123
767 124
769 125
773 126
783 127
789 128
789 129
795 130
801 131
811 132
813 133
815 134
823 135
836 136
847 137
868 138
869 139
869 140
873 141
873 142
875 143
877 144
881 145
883 146
889 147
891 148
894 149
895 150
897 151
901 152
904 153
906 154
909 155
912 156
911 157
914 158
914 159
918 160
921 161
918 162
926 163
935 164
937 165
938 166
940 167
943 168
946 169
947 170
948 171
948 172
951 173
953 174
959 175
965 176
983 177
992 178
996 179
1008 180
1011 181
1012 182
1012 183
1012 184
1017 185
1017 186
1017 187
1020 188
1020 189
1024 190
1025 191
1025 192
1038 193
1048 194
1055 195
1056 196
1055 197
1057 198
1067 199
1075 200
1090 201
1106 202
1107 203
1116 204
1123 205
1125 206
1128 207
1129 208
1139 209
1144 210
1150 211
1153 212
1152 213
1155 214
1163 215
1174 216
1177 217
1173 218
1168 219
1175 220
1175 221
1177 222
1182 223
1189 224
1188 225
1192 226
1195 227
1196 228
1201 229
1207 230
1210 231
1212 232
1212 233
1185 234
1212 235
1230 236
1228 237
1230 238
1202 239
1245 240
1247 241
1240 242
1228 243
1225 244
1215 245
1195 246
1138 247
1149 248
1268 249
1263 250
1055 255
997 256
848 259
1002 260
853 261
852 262
852 263
1211 264
1226 265
1256 266
1219 268
1253 272
1277 274
1277 279
936 280
1196 296
1200 298
1038 299
1199 303
0 304
2 305
4 306
157 307
168 308
132 309
38 310
53 311
30 312
41 313
64 314
67 315
98 316
97 317
62 318
97 319
72 320
59 321
69 322
78 323
87 324
72 325
74 326
61 327
76 328
71 329
73 330
92 331
82 332
78 333
75 334
99 335
81 336
84 337
86 338
92 339
97 340
145 341
173 342
183 343
189 344
194 345
198 346
201 347
203 348
207 349
209 350
210 351
214 352
215 353
217 354
218 355
218 356
221 357
225 358
227 359
227 360
232 361
237 362
244 363
250 364
254 365
255 366
258 367
259 368
262 369
262 370
266 371
273 372
274 373
282 374
281 375
286 376
292 377
293 378
303 379
307 380
301 381
303 382
310 383
309 384
306 385
312 386
317 387
317 388
317 389
320 390
320 391
328 392
332 393
333 394
332 395
334 396
334 397
337 398
337 399
337 400
338 401
341 402
340 403
341 404
347 405
351 406
356 407
352 408
352 409
356 410
361 411
361 412
358 413
362 414
364 415
365 416
362 417
365 418
369 419
371 420
374 421
376 422
374 423
375 424
382 425
387 426
412 427
431 428
433 429
442 430
444 431
452 432
469 433
477 434
477 435
486 436
489 437
497 438
510 439
520 440
529 441
541 442
545 443
555 444
547 445
547 446
561 447
572 448
561 449
570 450
580 451
579 452
577 453
581 454
580 455
582 456
584 457
584 458
579 459
580 460
578 461
580 462
580 463
587 464
589 465
594 466
593 467
595 468
598 469
599 470
592 471
598 472
597 473
596 474
596 475
593 476
599 477
603 478
603 479
605 480
602 481
599 482
599 483
600 484
600 485
600 486
599 487
599 488
600 489
601 490
603 491
604 492
601 493
602 494
602 495
603 496
602 497
604 498
605 499
605 500
605 501
605 502
603 503
607 504
611 505
612 506
612 507
610 508
612 509
613 510
613 511
616 512
615 513
616 514
616 515
616 516
617 517
614 518
616 519
618 520
617 521
617 522
617 523
617 524
617 525
618 526
616 527
619 528
617 529
616 530
617 531
617 532
618 533
620 534
618 535
619 536
622 537
622 538
623 539
623 540
623 541
622 542
623 543
623 544
624 545
623 546
625 547
625 548
626 549
626 550
627 551
626 552
626 553
627 554
629 555
631 556
634 557
635 558
634 559
635 560
635 561
635 562
635 563
634 564
633 565
636 566
636 567
637 568
637 569
637 570
637 571
637 572
638 573
637 574
635 575
637 576
637 577
637 578
637 579
636 580
635 581
636 582
637 583
636 584
635 585
636 586
637 587
637 588
637 589
638 590
637 591
636 592
637 593
636 594
634 595
637 596
638 597
639 598
637 599
636 600
636 601
637 602
638 603
638 604
638 605
638 606
637 607
637 608
637 609
638 610
637 611
636 612
637 613
638 614
636 615
636 616
638 617
638 618
637 619
638 620
638 621
638 622
637 623
637 624
638 625
637 626
635 627
634 628
632 629
631 630
633 631
636 632
637 633
637 634
637 635
637 636
636 637
637 638
635 639
637 640
634 641
637 642
636 643
636 644
635 645
636 646
633 647
631 648
636 649
634 650
635 651
637 652
636 653
634 654
636 655
634 656
633 657
632 658
634 659
633 660
632 661
633 662
627 663
627 664
629 665
628 666
629 667
628 668
627 669
626 670
620 671
618 672
626 673
625 674
625 675
624 676
622 677
625 678
619 679
623 680
623 681
621 682
623 683
626 684
625 685
615 686
618 687
621 688
624 689
624 690
617 691
614 692
614 693
616 694
613 695
613 696
610 697
608 698
607 699
615 700
616 701
620 702
611 703
612 704
608 705
602 706
611 707
606 708
613 709
608 710
592 711
589 712
587 713
599 714
603 715
592 716
595 717
604 718
611 719
