763 0
775 1
792 2
802 3
795 4
799 5
814 6
818 7
819 8
825 9
827 10
830 11
830 12
836 13
831 14
816 15
815 16
820 17
815 18
810 19
810 20
807 21
805 22
781 23
782 24
779 25
771 26
772 27
774 28
774 29
772 30
767 31
763 32
767 33
767 34
770 35
763 36
755 37
748 38
749 39
747 40
752 41
745 42
731 43
731 44
731 45
733 46
727 47
719 48
728 49
716 50
710 51
714 52
713 53
708 54
707 55
699 56
702 57
704 58
696 59
698 60
699 61
698 62
693 63
676 64
675 65
671 66
668 67
661 68
659 69
658 70
652 71
649 72
644 73
647 74
650 75
651 76
651 77
653 78
656 79
654 80
653 81
656 82
662 83
662 84
663 85
662 86
663 87
663 88
662 89
661 90
658 91
658 92
658 93
661 94
662 95
661 96
658 97
659 98
659 99
658 100
658 101
659 102
661 103
658 104
658 105
660 106
659 107
658 108
660 109
663 110
663 111
663 112
663 113
664 114
664 115
666 116
665 117
666 118
669 119
667 120
670 121
681 122
683 123
683 124
682 125
682 126
676 127
668 128
678 129
683 130
685 131
688 132
689 133
680 134
680 135
678 136
682 137
684 138
688 139
685 140
685 141
683 142
684 143
682 144
687 145
687 146
682 147
687 148
693 149
697 150
702 151
705 152
713 153
709 154
704 155
706 156
710 157
715 158
707 159
713 160
721 161
726 162
716 163
718 164
722 165
724 166
723 167
719 168
722 169
720 170
725 171
723 172
726 173
724 174
721 175
722 176
727 177
727 178
729 179
726 180
723 181
725 182
722 183
731 184
739 185
739 186
738 187
743 188
741 189
742 190
740 191
732 192
734 193
744 194
753 195
752 196
744 197
740 198
743 199
747 200
748 201
748 202
743 203
740 204
742 205
749 206
742 207
756 208
745 209
739 210
743 211
741 212
742 213
749 214
743 215
750 216
753 217
749 218
744 219
746 220
752 221
750 222
757 223
746 224
743 225
739 226
743 227
744 228
745 229
742 230
743 231
744 232
743 233
740 234
745 235
745 236
735 237
731 238
737 239
721 240
729 241
730 242
726 243
725 244
710 245
713 246
706 247
700 248
697 249
696 250
690 251
695 252
695 253
693 254
690 255
662 256
671 257
666 258
659 259
650 260
652 261
657 262
663 263
652 264
650 265
627 266
638 267
641 268
639 269
602 270
608 271
631 272
624 273
621 274
604 275
605 276
587 277
569 278
554 279
537 280
539 281
540 282
508 283
500 284
518 285
504 286
499 287
496 288
477 289
464 290
451 291
452 292
461 293
454 294
462 295
465 296
427 297
427 298
425 299
425 300
415 301
401 302
429 303
415 304
395 305
400 306
399 307
365 308
342 309
342 310
383 311
368 312
356 313
348 314
351 315
371 316
352 317
343 318
333 319
354 320
295 321
285 322
321 323
326 324
294 325
287 326
294 327
299 328
277 329
274 330
262 331
268 332
273 333
267 334
274 335
284 336
265 337
283 338
282 339
276 340
268 341
259 342
273 343
283 344
270 345
264 346
264 347
274 348
264 349
256 350
269 351
279 352
270 353
266 354
262 355
261 356
256 357
258 358
278 359
274 360
257 361
262 362
267 363
263 364
259 365
260 366
260 367
265 368
259 369
269 370
267 371
268 372
267 373
265 374
277 375
270 376
268 377
269 378
271 379
271 380
276 381
275 382
284 383
284 384
280 385
287 386
280 387
273 388
280 389
276 390
278 391
285 392
274 393
289 394
287 395
285 396
280 397
279 398
293 399
290 400
277 401
280 402
282 403
273 404
273 405
283 406
298 407
299 408
281 409
276 410
277 411
277 412
283 413
277 414
281 415
283 416
283 417
284 418
294 419
295 420
301 421
303 422
298 423
285 424
284 425
298 426
294 427
291 428
307 429
303 430
312 431
307 432
296 433
315 434
325 435
330 436
338 437
335 438
346 439
363 440
379 441
389 442
400 443
402 444
401 445
414 446
421 447
430 448
428 449
432 450
440 451
440 452
436 453
444 454
451 455
470 456
470 457
468 458
469 459
479 460
485 461
486 462
487 463
490 464
489 465
497 466
505 467
515 468
511 469
518 470
536 471
578 472
600 473
607 474
617 475
614 476
622 477
629 478
633 479
643 480
644 481
641 482
636 483
642 484
640 485
643 486
644 487
651 488
659 489
670 490
665 491
660 492
667 493
673 494
678 495
676 496
677 497
676 498
676 499
677 500
676 501
673 502
673 503
679 504
678 505
681 506
678 507
680 508
683 509
690 510
688 511
688 512
690 513
698 514
697 515
693 516
699 517
703 518
696 519
693 520
696 521
699 522
707 523
710 524
700 525
697 526
696 527
694 528
703 529
702 530
710 531
709 532
706 533
704 534
702 535
712 536
710 537
712 538
712 539
707 540
711 541
715 542
715 543
713 544
712 545
711 546
712 547
713 548
717 549
718 550
722 551
721 552
720 553
715 554
710 555
711 556
714 557
715 558
717 559
714 560
715 561
714 562
716 563
724 564
721 565
716 566
715 567
711 568
707 569
709 570
711 571
708 572
701 573
694 574
688 575
683 576
678 577
680 578
673 579
668 580
657 581
658 582
654 583
648 584
648 585
650 586
644 587
639 588
639 589
639 590
639 591
639 592
639 593
639 594
639 595
639 596
639 597
639 598
639 599
639 600
639 601
640 602
639 603
639 604
639 605
639 606
639 607
639 608
639 609
639 610
639 611
639 612
639 613
639 614
639 615
639 616
639 617
639 618
639 619
639 620
639 621
639 622
639 623
639 624
639 625
639 626
639 627
639 628
639 629
639 630
639 631
640 632
640 633
640 634
640 635
640 636
640 637
640 638
640 639
640 640
640 641
640 642
640 643
640 644
640 645
640 646
640 647
640 648
640 649
640 650
640 651
640 652
640 653
640 654
640 655
640 656
640 657
640 658
640 659
640 660
640 661
640 662
641 663
640 664
641 665
641 666
640 667
640 668
640 669
640 670
641 671
641 672
641 673
640 674
640 675
641 676
641 677
640 678
641 679
640 680
640 681
641 682
641 683
641 684
640 685
640 686
640 687
641 688
642 689
643 690
641 691
640 692
640 693
641 694
641 695
645 696
645 697
643 698
645 699
647 700
647 701
647 702
646 703
646 704
644 705
645 706
648 707
647 708
647 709
648 710
647 711
651 712
650 713
644 714
644 715
644 716
648 717
647 718
645 719
