758 0
763 1
775 2
784 3
789 4
793 5
795 6
784 7
783 8
801 9
797 10
790 11
789 12
792 13
795 14
792 15
777 16
794 17
795 18
788 19
783 20
790 21
785 22
767 23
760 24
778 25
785 26
775 27
758 28
739 29
739 30
745 31
754 32
762 33
750 34
750 35
738 36
724 37
724 38
727 39
732 40
724 41
722 42
716 43
722 44
730 45
729 46
719 47
717 48
714 49
709 50
700 51
705 52
704 53
701 54
703 55
694 56
690 57
684 58
683 59
682 60
691 61
688 62
680 63
675 64
670 65
669 66
665 67
661 68
655 69
651 70
648 71
645 72
643 73
643 74
646 75
646 76
648 77
648 78
652 79
656 80
654 81
655 82
659 83
661 84
658 85
658 86
659 87
661 88
662 89
660 90
658 91
657 92
655 93
657 94
658 95
660 96
658 97
659 98
658 99
659 100
656 101
656 102
657 103
658 104
660 105
658 106
660 107
660 108
660 109
659 110
661 111
660 112
660 113
663 114
665 115
664 116
668 117
670 118
672 119
678 120
672 121
669 122
674 123
680 124
678 125
675 126
669 127
672 128
673 129
670 130
678 131
676 132
673 133
672 134
670 135
674 136
676 137
677 138
679 139
683 140
680 141
679 142
680 143
683 144
680 145
681 146
683 147
683 148
686 149
688 150
691 151
697 152
703 153
708 154
710 155
707 156
704 157
706 158
711 159
714 160
720 161
717 162
711 163
714 164
714 165
713 166
705 167
711 168
713 169
714 170
709 171
713 172
716 173
723 174
725 175
716 176
723 177
721 178
724 179
724 180
725 181
726 182
725 183
723 184
730 185
729 186
726 187
720 188
722 189
722 190
719 191
731 192
739 193
737 194
738 195
739 196
736 197
735 198
736 199
734 200
736 201
736 202
735 203
735 204
734 205
736 206
738 207
735 208
739 209
741 210
736 211
739 212
738 213
741 214
734 215
744 216
745 217
744 218
742 219
744 220
749 221
753 222
755 223
752 224
745 225
741 226
746 227
747 228
746 229
745 230
749 231
739 232
744 233
744 234
740 235
742 236
738 237
731 238
730 239
738 240
731 241
727 242
718 243
715 244
712 245
717 246
716 247
704 248
709 249
719 250
711 251
709 252
707 253
695 254
689 255
682 256
674 257
677 258
682 259
688 260
676 261
659 262
639 263
633 264
638 265
642 266
640 267
619 268
610 269
605 270
628 271
654 272
632 273
608 274
599 275
589 276
573 277
561 278
557 279
553 280
548 281
523 282
510 283
519 284
535 285
506 286
484 287
505 288
508 289
510 290
509 291
491 292
477 293
462 294
464 295
475 296
448 297
428 298
407 299
404 300
414 301
436 302
466 303
453 304
418 305
391 306
364 307
377 308
399 309
386 310
402 311
372 312
355 313
351 314
356 315
342 316
350 317
342 318
336 319
351 320
322 321
293 322
282 323
301 324
312 325
293 326
312 327
293 328
283 329
287 330
278 331
266 332
282 333
288 334
299 335
290 336
287 337
302 338
281 339
270 340
288 341
275 342
275 343
280 344
279 345
287 346
275 347
265 348
262 349
260 350
274 351
266 352
258 353
262 354
257 355
261 356
277 357
275 358
281 359
282 360
263 361
258 362
264 363
267 364
277 365
268 366
266 367
270 368
262 369
268 370
269 371
273 372
270 373
258 374
262 375
260 376
249 377
257 378
266 379
273 380
264 381
261 382
280 383
278 384
273 385
286 386
282 387
279 388
290 389
284 390
280 391
298 392
292 393
292 394
283 395
285 396
282 397
279 398
278 399
298 400
296 401
303 402
301 403
285 404
291 405
293 406
308 407
302 408
292 409
287 410
281 411
286 412
283 413
287 414
302 415
311 416
297 417
289 418
292 419
301 420
287 421
293 422
304 423
307 424
287 425
294 426
290 427
289 428
300 429
308 430
305 431
311 432
295 433
303 434
322 435
322 436
357 437
354 438
363 439
386 440
382 441
407 442
409 443
414 444
422 445
420 446
440 447
430 448
432 449
443 450
447 451
445 452
452 453
452 454
465 455
462 456
462 457
462 458
468 459
474 460
474 461
477 462
483 463
488 464
500 465
506 466
503 467
515 468
522 469
529 470
533 471
590 472
612 473
619 474
620 475
624 476
624 477
630 478
634 479
639 480
634 481
636 482
641 483
647 484
652 485
651 486
657 487
648 488
652 489
657 490
666 491
666 492
669 493
673 494
672 495
674 496
671 497
673 498
681 499
686 500
685 501
687 502
688 503
680 504
682 505
682 506
687 507
688 508
689 509
687 510
690 511
684 512
683 513
686 514
686 515
698 516
698 517
700 518
697 519
696 520
700 521
693 522
694 523
699 524
704 525
699 526
699 527
699 528
699 529
705 530
706 531
700 532
701 533
706 534
707 535
712 536
712 537
709 538
709 539
704 540
703 541
705 542
706 543
709 544
715 545
712 546
709 547
707 548
712 549
715 550
715 551
725 552
726 553
719 554
714 555
714 556
715 557
715 558
713 559
716 560
721 561
721 562
721 563
722 564
724 565
723 566
716 567
708 568
713 569
713 570
714 571
709 572
696 573
691 574
686 575
688 576
683 577
673 578
673 579
671 580
661 581
656 582
655 583
655 584
645 585
646 586
642 587
639 588
641 589
639 590
639 591
640 592
640 593
641 594
639 595
639 596
639 597
639 598
640 599
639 600
639 601
639 602
639 603
639 604
639 605
639 606
639 607
639 608
639 609
639 610
639 611
639 612
639 613
639 614
640 615
639 616
639 617
639 618
639 619
639 620
639 621
639 622
639 623
639 624
639 625
639 626
640 627
639 628
639 629
639 630
639 631
639 632
639 633
639 634
640 635
640 636
640 637
640 638
641 639
640 640
640 641
641 642
641 643
640 644
640 645
640 646
641 647
640 648
640 649
640 650
640 651
640 652
640 653
640 654
640 655
640 656
640 657
640 658
640 659
641 660
640 661
640 662
640 663
641 664
640 665
640 666
640 667
640 668
641 669
641 670
641 671
641 672
640 673
640 674
640 675
640 676
641 677
640 678
640 679
640 680
641 681
641 682
640 683
640 684
641 685
641 686
641 687
641 688
640 689
642 690
643 691
643 692
641 693
641 694
641 695
645 696
644 697
645 698
645 699
644 700
645 701
646 702
647 703
650 704
649 705
650 706
650 707
649 708
649 709
649 710
651 711
649 712
650 713
651 714
649 715
648 716
646 717
647 718
650 719
