776 0
782 1
792 2
785 3
799 4
810 5
816 6
795 7
798 8
801 9
794 10
808 11
824 12
827 13
827 14
810 15
792 16
804 17
802 18
808 19
814 20
808 21
809 22
801 23
783 24
796 25
798 26
787 27
790 28
784 29
765 30
747 31
755 32
774 33
774 34
773 35
767 36
765 37
763 38
750 39
740 40
752 41
751 42
746 43
742 44
740 45
732 46
726 47
723 48
723 49
720 50
712 51
711 52
714 53
707 54
704 55
707 56
705 57
700 58
702 59
702 60
701 61
696 62
694 63
678 64
676 65
670 66
663 67
658 68
660 69
656 70
651 71
651 72
647 73
648 74
650 75
650 76
650 77
651 78
652 79
654 80
652 81
656 82
660 83
665 84
664 85
659 86
660 87
658 88
660 89
660 90
657 91
657 92
658 93
658 94
657 95
654 96
657 97
659 98
660 99
658 100
660 101
659 102
659 103
661 104
658 105
657 106
660 107
661 108
657 109
658 110
660 111
657 112
656 113
658 114
662 115
662 116
664 117
665 118
670 119
663 120
672 121
678 122
678 123
679 124
676 125
680 126
684 127
681 128
678 129
685 130
688 131
684 132
682 133
677 134
676 135
676 136
680 137
680 138
683 139
683 140
689 141
687 142
687 143
685 144
686 145
688 146
691 147
691 148
689 149
691 150
692 151
697 152
712 153
714 154
711 155
707 156
711 157
715 158
715 159
713 160
720 161
713 162
710 163
710 164
715 165
719 166
714 167
716 168
715 169
715 170
717 171
721 172
725 173
732 174
720 175
714 176
714 177
717 178
722 179
730 180
736 181
739 182
734 183
732 184
738 185
739 186
740 187
737 188
735 189
732 190
727 191
724 192
733 193
729 194
733 195
736 196
730 197
722 198
731 199
732 200
738 201
742 202
739 203
730 204
728 205
727 206
728 207
737 208
740 209
736 210
737 211
740 212
741 213
741 214
730 215
737 216
733 217
733 218
732 219
735 220
730 221
731 222
733 223
732 224
736 225
733 226
731 227
734 228
737 229
737 230
741 231
736 232
727 233
734 234
742 235
727 236
733 237
727 238
721 239
709 240
717 241
731 242
730 243
709 244
696 245
698 246
698 247
677 248
680 249
681 250
675 251
676 252
678 253
663 254
653 255
672 256
665 257
665 258
666 259
676 260
665 261
641 262
620 263
629 264
630 265
624 266
617 267
621 268
618 269
623 270
620 271
618 272
615 273
610 274
623 275
624 276
603 277
596 278
575 279
539 280
561 281
565 282
550 283
527 284
520 285
529 286
529 287
534 288
525 289
532 290
529 291
523 292
519 293
502 294
502 295
507 296
479 297
448 298
456 299
449 300
447 301
451 302
476 303
464 304
419 305
423 306
439 307
426 308
416 309
398 310
413 311
424 312
378 313
359 314
369 315
393 316
395 317
376 318
366 319
375 320
342 321
317 322
340 323
332 324
329 325
299 326
307 327
283 328
283 329
302 330
298 331
284 332
287 333
291 334
309 335
310 336
290 337
292 338
292 339
288 340
284 341
283 342
280 343
284 344
264 345
271 346
278 347
276 348
267 349
262 350
302 351
296 352
275 353
274 354
274 355
268 356
262 357
276 358
286 359
271 360
264 361
277 362
291 363
286 364
267 365
275 366
285 367
269 368
274 369
286 370
285 371
264 372
269 373
279 374
287 375
298 376
276 377
285 378
288 379
289 380
285 381
272 382
293 383
300 384
289 385
291 386
283 387
282 388
277 389
273 390
287 391
299 392
280 393
288 394
288 395
276 396
293 397
285 398
291 399
307 400
306 401
318 402
298 403
293 404
290 405
290 406
315 407
309 408
304 409
309 410
310 411
313 412
312 413
293 414
298 415
327 416
309 417
296 418
297 419
292 420
295 421
310 422
321 423
297 424
293 425
305 426
299 427
315 428
318 429
303 430
308 431
313 432
312 433
328 434
327 435
343 436
339 437
345 438
361 439
376 440
387 441
402 442
400 443
414 444
419 445
426 446
429 447
429 448
445 449
445 450
443 451
450 452
453 453
454 454
453 455
465 456
453 457
457 458
467 459
472 460
482 461
486 462
490 463
495 464
496 465
516 466
523 467
528 468
534 469
541 470
551 471
603 472
617 473
626 474
632 475
630 476
627 477
627 478
634 479
640 480
648 481
653 482
648 483
640 484
631 485
641 486
654 487
647 488
652 489
653 490
645 491
646 492
655 493
655 494
662 495
673 496
668 497
669 498
672 499
676 500
677 501
683 502
685 503
684 504
681 505
681 506
678 507
679 508
686 509
688 510
689 511
680 512
683 513
695 514
698 515
695 516
696 517
693 518
686 519
692 520
700 521
700 522
704 523
704 524
694 525
694 526
703 527
702 528
702 529
700 530
700 531
701 532
696 533
703 534
699 535
703 536
706 537
708 538
707 539
710 540
709 541
705 542
707 543
709 544
712 545
707 546
704 547
708 548
712 549
710 550
703 551
707 552
709 553
709 554
708 555
714 556
713 557
718 558
714 559
713 560
717 561
708 562
708 563
708 564
713 565
712 566
709 567
705 568
710 569
714 570
722 571
708 572
708 573
705 574
693 575
692 576
680 577
682 578
679 579
670 580
666 581
662 582
659 583
654 584
647 585
647 586
647 587
639 588
639 589
639 590
641 591
640 592
639 593
640 594
640 595
639 596
639 597
639 598
639 599
639 600
639 601
639 602
639 603
639 604
639 605
639 606
639 607
639 608
639 609
639 610
639 611
639 612
639 613
639 614
639 615
639 616
639 617
639 618
639 619
639 620
639 621
639 622
639 623
639 624
639 625
639 626
639 627
639 628
639 629
639 630
639 631
639 632
639 633
640 634
639 635
640 636
640 637
639 638
640 639
640 640
640 641
640 642
640 643
640 644
640 645
640 646
640 647
640 648
640 649
640 650
640 651
640 652
640 653
640 654
640 655
640 656
640 657
640 658
640 659
640 660
640 661
640 662
640 663
640 664
640 665
640 666
640 667
639 668
639 669
640 670
640 671
640 672
640 673
639 674
639 675
640 676
640 677
640 678
640 679
639 680
639 681
639 682
639 683
640 684
640 685
640 686
639 687
640 688
639 689
639 690
640 691
640 692
640 693
640 694
640 695
641 696
640 697
640 698
641 699
642 700
644 701
643 702
644 703
645 704
642 705
642 706
644 707
646 708
644 709
646 710
647 711
644 712
649 713
650 714
646 715
645 716
645 717
649 718
646 719
