639 0
639 1
639 2
639 3
639 4
639 5
639 6
639 7
639 8
639 9
639 10
639 11
639 12
639 13
639 14
639 15
639 16
639 17
639 18
639 19
639 20
639 21
639 22
639 23
639 24
639 25
639 26
639 27
639 28
639 29
639 30
639 31
639 32
639 33
639 34
639 35
639 36
639 37
639 38
639 39
639 40
639 41
639 42
639 43
639 44
639 45
639 46
639 47
639 48
639 49
639 50
639 51
639 52
639 53
639 54
639 55
639 56
639 57
639 58
639 59
639 60
639 61
639 62
639 63
639 64
639 65
639 66
639 67
639 68
639 69
639 70
639 71
639 72
639 73
639 74
639 75
639 76
639 77
639 78
639 79
639 80
639 81
639 82
639 83
639 84
639 85
639 86
639 87
639 88
639 89
639 90
639 91
639 92
641 93
643 94
644 95
645 96
648 97
653 98
667 99
672 100
673 101
668 102
670 103
682 104
690 105
697 106
701 107
702 108
707 109
713 110
721 111
728 112
730 113
732 114
730 115
731 116
743 117
749 118
748 119
752 120
757 121
762 122
769 123
771 124
773 125
773 126
783 127
788 128
788 129
793 130
803 131
810 132
815 133
816 134
825 135
835 136
848 137
868 138
870 139
872 140
877 141
875 142
877 143
876 144
879 145
885 146
888 147
893 148
894 149
897 150
898 151
898 152
903 153
905 154
908 155
911 156
913 157
912 158
916 159
915 160
922 161
923 162
926 163
935 164
938 165
938 166
942 167
943 168
947 169
948 170
950 171
951 172
953 173
955 174
962 175
965 176
977 177
999 178
1001 179
1009 180
1010 181
1010 182
1011 183
1016 184
1016 185
1018 186
1018 187
1019 188
1023 189
1029 190
1029 191
1029 192
1041 193
1050 194
1058 195
1058 196
1059 197
1058 198
1072 199
1084 200
1101 201
1104 202
1106 203
1113 204
1119 205
1125 206
1125 207
1130 208
1135 209
1145 210
1151 211
1153 212
1155 213
1160 214
1164 215
1171 216
1175 217
1172 218
1172 219
1171 220
1175 221
1178 222
1183 223
1191 224
1187 225
1186 226
1194 227
1198 228
1202 229
1205 230
1206 231
1210 232
1217 233
1218 234
1215 235
1228 236
1232 237
1234 238
1239 239
1222 240
1233 241
1227 242
1240 243
1264 244
1257 245
1261 246
1266 247
1266 248
1100 249
1039 250
1279 251
975 253
1168 255
1026 256
1279 258
1279 259
1212 260
1000 261
1119 264
1255 274
1255 275
935 278
988 279
1144 280
988 282
989 283
989 284
1023 285
1081 286
1082 287
1081 288
1054 290
1085 291
1058 293
1269 295
996 299
1002 303
1087 304
999 305
287 306
185 307
105 308
45 309
18 310
19 311
26 312
29 313
31 314
38 315
39 316
43 317
43 318
45 319
48 320
51 321
65 322
56 323
56 324
57 325
57 326
60 327
60 328
61 329
65 330
65 331
67 332
73 333
74 334
76 335
78 336
82 337
85 338
90 339
95 340
115 341
167 342
180 343
183 344
192 345
195 346
197 347
201 348
202 349
209 350
211 351
214 352
214 353
215 354
216 355
218 356
220 357
223 358
224 359
225 360
228 361
235 362
241 363
247 364
252 365
256 366
263 367
257 368
263 369
264 370
266 371
267 372
270 373
271 374
276 375
274 376
278 377
280 378
284 379
289 380
293 381
289 382
304 383
305 384
313 385
323 386
327 387
337 388
334 389
336 390
349 391
357 392
367 393
376 394
378 395
375 396
378 397
383 398
383 399
378 400
391 401
399 402
401 403
397 404
396 405
398 406
402 407
409 408
413 409
416 410
416 411
423 412
422 413
424 414
430 415
425 416
423 417
418 418
417 419
420 420
427 421
427 422
423 423
423 424
418 425
413 426
413 427
412 428
414 429
415 430
419 431
420 432
424 433
434 434
440 435
459 436
456 437
456 438
466 439
473 440
476 441
496 442
509 443
512 444
508 445
513 446
508 447
526 448
531 449
538 450
537 451
536 452
544 453
551 454
546 455
556 456
560 457
561 458
568 459
573 460
569 461
561 462
571 463
567 464
571 465
566 466
561 467
564 468
571 469
571 470
564 471
560 472
566 473
564 474
565 475
565 476
568 477
562 478
554 479
565 480
569 481
570 482
573 483
581 484
579 485
574 486
573 487
574 488
576 489
576 490
584 491
583 492
583 493
586 494
588 495
588 496
587 497
595 498
599 499
600 500
598 501
600 502
600 503
602 504
600 505
608 506
607 507
608 508
609 509
610 510
606 511
608 512
609 513
607 514
607 515
607 516
606 517
603 518
603 519
603 520
604 521
605 522
606 523
599 524
598 525
599 526
606 527
604 528
603 529
604 530
601 531
599 532
598 533
598 534
596 535
600 536
600 537
598 538
599 539
600 540
599 541
599 542
597 543
597 544
597 545
597 546
599 547
599 548
601 549
601 550
603 551
603 552
605 553
604 554
603 555
603 556
603 557
603 558
603 559
604 560
603 561
605 562
605 563
602 564
603 565
603 566
603 567
602 568
601 569
599 570
602 571
603 572
602 573
604 574
604 575
604 576
605 577
605 578
604 579
605 580
603 581
602 582
600 583
604 584
605 585
605 586
605 587
606 588
607 589
608 590
609 591
609 592
609 593
606 594
606 595
609 596
607 597
605 598
610 599
614 600
614 601
618 602
622 603
624 604
624 605
627 606
632 607
631 608
629 609
631 610
633 611
630 612
632 613
631 614
629 615
630 616
632 617
633 618
632 619
633 620
632 621
630 622
632 623
631 624
633 625
633 626
633 627
632 628
633 629
632 630
633 631
630 632
633 633
631 634
627 635
632 636
630 637
632 638
632 639
631 640
630 641
631 642
628 643
628 644
628 645
629 646
628 647
625 648
626 649
625 650
626 651
625 652
624 653
626 654
627 655
625 656
629 657
626 658
628 659
626 660
624 661
622 662
619 663
614 664
620 665
619 666
619 667
620 668
618 669
612 670
603 671
612 672
609 673
610 674
609 675
608 676
607 677
611 678
604 679
598 680
608 681
602 682
601 683
601 684
593 685
589 686
594 687
601 688
601 689
602 690
590 691
594 692
589 693
591 694
592 695
595 696
600 697
603 698
598 699
600 700
603 701
605 702
597 703
593 704
600 705
598 706
602 707
607 708
596 709
600 710
601 711
604 712
602 713
603 714
606 715
606 716
594 717
594 718
604 719
