639 0
639 1
639 2
639 3
639 4
639 5
639 6
639 7
639 8
639 9
639 10
639 11
639 12
639 13
639 14
639 15
639 16
639 17
639 18
639 19
639 20
639 21
639 22
639 23
639 24
639 25
639 26
639 27
639 28
639 29
639 30
639 31
639 32
639 33
639 34
639 35
639 36
639 37
639 38
639 39
639 40
639 41
639 42
639 43
639 44
639 45
639 46
639 47
639 48
639 49
639 50
639 51
639 52
639 53
639 54
639 55
639 56
639 57
639 58
639 59
639 60
639 61
639 62
639 63
639 64
639 65
639 66
639 67
639 68
639 69
639 70
639 71
639 72
639 73
639 74
639 75
639 76
639 77
639 78
639 79
639 80
639 81
639 82
639 83
639 84
639 85
639 86
639 87
639 88
639 89
639 90
639 91
639 92
640 93
640 94
641 95
644 96
648 97
656 98
663 99
672 100
670 101
668 102
667 103
670 104
683 105
694 106
701 107
696 108
699 109
708 110
718 111
720 112
723 113
724 114
725 115
731 116
743 117
748 118
745 119
749 120
759 121
763 122
768 123
768 124
769 125
770 126
785 127
788 128
787 129
788 130
799 131
806 132
809 133
818 134
824 135
826 136
845 137
867 138
870 139
870 140
874 141
875 142
877 143
874 144
878 145
884 146
888 147
893 148
893 149
896 150
898 151
900 152
902 153
907 154
909 155
912 156
913 157
912 158
914 159
917 160
918 161
922 162
926 163
934 164
934 165
939 166
942 167
944 168
947 169
948 170
948 171
950 172
951 173
953 174
959 175
966 176
978 177
998 178
1004 179
1003 180
1006 181
1007 182
1011 183
1012 184
1015 185
1018 186
1016 187
1019 188
1022 189
1026 190
1026 191
1025 192
1038 193
1047 194
1055 195
1056 196
1054 197
1055 198
1067 199
1075 200
1091 201
1104 202
1108 203
1117 204
1123 205
1125 206
1128 207
1130 208
1137 209
1143 210
1151 211
1153 212
1155 213
1153 214
1156 215
1167 216
1177 217
1174 218
1169 219
1175 220
1177 221
1179 222
1185 223
1188 224
1187 225
1190 226
1195 227
1198 228
1202 229
1206 230
1207 231
1213 232
1217 233
1219 234
1220 235
1229 236
1232 237
1232 238
1222 239
1239 240
1249 241
1254 242
1253 243
1257 244
1253 245
1244 246
1178 247
1159 248
1257 249
1268 250
1278 251
1279 252
1272 253
1035 256
1160 258
1052 259
1168 260
1088 261
1226 262
987 263
1211 264
1031 266
972 267
856 268
1245 270
1216 272
1264 275
1264 276
1079 277
1272 281
1272 282
748 297
747 298
746 299
2 305
108 306
173 307
145 308
117 309
83 310
38 311
59 312
85 313
75 314
95 315
65 316
75 317
75 318
83 319
80 320
84 321
85 322
71 323
72 324
73 325
58 326
62 327
62 328
65 329
66 330
68 331
69 332
84 333
75 334
79 335
84 336
83 337
87 338
91 339
96 340
148 341
172 342
181 343
187 344
195 345
198 346
199 347
203 348
207 349
209 350
211 351
213 352
214 353
217 354
218 355
219 356
222 357
223 358
225 359
227 360
232 361
238 362
245 363
251 364
253 365
256 366
259 367
260 368
263 369
264 370
267 371
268 372
272 373
279 374
287 375
290 376
293 377
294 378
298 379
300 380
302 381
306 382
307 383
307 384
306 385
312 386
313 387
314 388
315 389
321 390
320 391
322 392
329 393
331 394
328 395
326 396
326 397
332 398
339 399
339 400
337 401
334 402
338 403
339 404
342 405
343 406
349 407
349 408
353 409
360 410
352 411
354 412
357 413
357 414
358 415
362 416
364 417
365 418
365 419
369 420
372 421
373 422
374 423
375 424
379 425
389 426
426 427
442 428
442 429
443 430
444 431
459 432
450 433
475 434
480 435
490 436
504 437
510 438
515 439
525 440
526 441
538 442
544 443
552 444
547 445
558 446
561 447
557 448
567 449
577 450
576 451
574 452
574 453
580 454
579 455
582 456
582 457
581 458
574 459
579 460
582 461
584 462
582 463
590 464
592 465
594 466
593 467
597 468
595 469
598 470
601 471
602 472
599 473
599 474
599 475
600 476
603 477
604 478
604 479
600 480
598 481
598 482
600 483
600 484
598 485
597 486
598 487
598 488
598 489
601 490
604 491
604 492
603 493
604 494
604 495
603 496
606 497
605 498
606 499
605 500
606 501
606 502
610 503
612 504
615 505
613 506
611 507
614 508
614 509
612 510
613 511
616 512
615 513
614 514
615 515
612 516
613 517
615 518
615 519
617 520
616 521
617 522
618 523
617 524
618 525
618 526
617 527
619 528
619 529
619 530
621 531
622 532
619 533
620 534
621 535
621 536
624 537
621 538
622 539
623 540
623 541
624 542
625 543
624 544
624 545
625 546
626 547
626 548
625 549
629 550
625 551
625 552
625 553
629 554
631 555
633 556
636 557
636 558
635 559
634 560
636 561
637 562
636 563
637 564
636 565
637 566
636 567
636 568
637 569
637 570
637 571
636 572
637 573
637 574
637 575
636 576
637 577
637 578
636 579
636 580
637 581
637 582
635 583
636 584
636 585
637 586
636 587
635 588
636 589
636 590
636 591
636 592
637 593
637 594
638 595
637 596
638 597
638 598
636 599
636 600
635 601
638 602
639 603
638 604
638 605
639 606
636 607
636 608
636 609
638 610
638 611
638 612
638 613
638 614
637 615
636 616
638 617
638 618
638 619
637 620
637 621
638 622
638 623
633 624
636 625
638 626
636 627
634 628
633 629
634 630
633 631
635 632
634 633
634 634
637 635
634 636
635 637
637 638
638 639
635 640
638 641
638 642
638 643
635 644
634 645
636 646
636 647
637 648
637 649
637 650
634 651
635 652
635 653
635 654
628 655
633 656
633 657
633 658
634 659
633 660
630 661
629 662
628 663
630 664
627 665
627 666
625 667
625 668
625 669
625 670
620 671
623 672
628 673
624 674
620 675
622 676
623 677
623 678
619 679
624 680
622 681
621 682
625 683
621 684
618 685
619 686
618 687
620 688
624 689
623 690
622 691
615 692
613 693
617 694
621 695
619 696
622 697
617 698
612 699
611 700
610 701
614 702
610 703
598 704
603 705
598 706
601 707
604 708
604 709
600 710
585 711
593 712
595 713
597 714
601 715
605 716
599 717
607 718
607 719
