639 0
639 1
639 2
639 3
639 4
639 5
639 6
639 7
639 8
639 9
639 10
639 11
639 12
639 13
639 14
639 15
639 16
639 17
639 18
639 19
639 20
639 21
639 22
639 23
639 24
639 25
639 26
639 27
639 28
639 29
639 30
639 31
639 32
639 33
639 34
639 35
639 36
639 37
639 38
639 39
639 40
639 41
639 42
639 43
639 44
639 45
639 46
639 47
639 48
639 49
639 50
639 51
639 52
639 53
639 54
639 55
639 56
639 57
639 58
639 59
639 60
639 61
639 62
639 63
639 64
639 65
639 66
639 67
639 68
639 69
639 70
639 71
639 72
639 73
639 74
639 75
639 76
639 77
639 78
639 79
639 80
639 81
639 82
639 83
639 84
639 85
639 86
639 87
639 88
639 89
639 90
639 91
639 92
642 93
643 94
642 95
645 96
652 97
663 98
664 99
668 100
674 101
670 102
670 103
678 104
690 105
695 106
697 107
697 108
700 109
707 110
717 111
724 112
729 113
731 114
725 115
733 116
739 117
744 118
746 119
747 120
752 121
764 122
768 123
768 124
771 125
774 126
784 127
789 128
789 129
793 130
799 131
807 132
812 133
814 134
821 135
833 136
851 137
870 138
871 139
871 140
875 141
875 142
875 143
879 144
881 145
883 146
888 147
893 148
894 149
897 150
897 151
900 152
902 153
905 154
909 155
910 156
913 157
914 158
913 159
914 160
919 161
920 162
924 163
937 164
936 165
939 166
942 167
943 168
946 169
946 170
948 171
950 172
951 173
955 174
964 175
967 176
981 177
993 178
1003 179
1008 180
1010 181
1011 182
1013 183
1012 184
1014 185
1015 186
1016 187
1018 188
1020 189
1027 190
1026 191
1026 192
1041 193
1050 194
1055 195
1056 196
1055 197
1059 198
1069 199
1074 200
1090 201
1102 202
1108 203
1116 204
1123 205
1124 206
1127 207
1131 208
1140 209
1145 210
1152 211
1153 212
1153 213
1152 214
1159 215
1166 216
1177 217
1173 218
1173 219
1173 220
1177 221
1180 222
1183 223
1186 224
1190 225
1191 226
1197 227
1191 228
1200 229
1205 230
1209 231
1209 232
1210 233
1212 234
1214 235
1220 236
1233 237
1218 238
1185 239
1230 240
1226 241
1227 242
1254 243
1255 244
1251 245
1234 246
1228 247
1211 248
1123 249
1276 250
1275 251
1187 253
1181 254
1078 255
1035 256
1061 257
846 258
944 261
926 262
945 263
1255 264
1256 268
1256 269
1269 279
1199 284
1248 288
927 289
927 290
936 303
477 305
263 306
173 307
119 308
106 309
58 310
39 311
54 312
117 313
64 314
56 315
66 316
67 317
63 318
71 319
57 320
58 321
76 322
93 323
86 324
80 325
95 326
75 327
62 328
63 329
66 330
69 331
70 332
73 333
82 334
83 335
86 336
85 337
88 338
91 339
96 340
160 341
175 342
186 343
190 344
193 345
198 346
200 347
203 348
207 349
209 350
211 351
213 352
215 353
216 354
218 355
220 356
221 357
223 358
227 359
228 360
234 361
237 362
244 363
247 364
254 365
256 366
259 367
263 368
265 369
266 370
270 371
273 372
282 373
282 374
293 375
286 376
294 377
296 378
300 379
304 380
303 381
305 382
308 383
310 384
308 385
312 386
314 387
318 388
319 389
324 390
321 391
326 392
325 393
328 394
324 395
324 396
330 397
331 398
330 399
334 400
338 401
340 402
343 403
343 404
342 405
343 406
346 407
352 408
353 409
354 410
357 411
355 412
359 413
360 414
360 415
362 416
364 417
366 418
368 419
370 420
372 421
372 422
376 423
378 424
382 425
399 426
414 427
437 428
447 429
451 430
449 431
462 432
474 433
473 434
482 435
493 436
506 437
511 438
514 439
524 440
531 441
540 442
548 443
555 444
565 445
563 446
562 447
565 448
570 449
574 450
578 451
574 452
581 453
587 454
581 455
578 456
583 457
586 458
588 459
587 460
580 461
581 462
591 463
590 464
591 465
590 466
594 467
600 468
603 469
602 470
601 471
598 472
602 473
601 474
597 475
597 476
600 477
602 478
602 479
605 480
605 481
600 482
598 483
596 484
596 485
597 486
596 487
599 488
598 489
601 490
602 491
603 492
603 493
603 494
602 495
603 496
606 497
603 498
603 499
606 500
607 501
607 502
608 503
609 504
609 505
608 506
611 507
612 508
613 509
612 510
616 511
617 512
615 513
613 514
614 515
614 516
615 517
615 518
615 519
617 520
616 521
615 522
617 523
617 524
619 525
619 526
619 527
619 528
621 529
621 530
619 531
619 532
619 533
620 534
622 535
623 536
624 537
623 538
623 539
624 540
625 541
625 542
622 543
621 544
624 545
624 546
626 547
627 548
626 549
627 550
627 551
628 552
626 553
627 554
631 555
632 556
634 557
636 558
635 559
636 560
635 561
635 562
636 563
637 564
635 565
637 566
637 567
637 568
637 569
637 570
636 571
637 572
637 573
636 574
636 575
636 576
637 577
636 578
636 579
636 580
637 581
637 582
636 583
636 584
636 585
636 586
637 587
637 588
637 589
636 590
636 591
636 592
636 593
637 594
637 595
637 596
638 597
638 598
638 599
638 600
639 601
639 602
638 603
638 604
637 605
637 606
636 607
637 608
638 609
638 610
638 611
638 612
637 613
638 614
638 615
637 616
637 617
638 618
638 619
638 620
638 621
638 622
638 623
636 624
638 625
638 626
636 627
636 628
634 629
634 630
635 631
635 632
637 633
636 634
636 635
637 636
636 637
637 638
636 639
635 640
637 641
638 642
638 643
635 644
636 645
638 646
635 647
634 648
637 649
635 650
631 651
632 652
636 653
634 654
630 655
634 656
634 657
633 658
634 659
633 660
635 661
634 662
631 663
629 664
629 665
628 666
628 667
624 668
627 669
626 670
621 671
615 672
622 673
628 674
629 675
627 676
623 677
623 678
622 679
617 680
620 681
620 682
624 683
625 684
618 685
617 686
623 687
625 688
624 689
622 690
616 691
613 692
614 693
616 694
623 695
619 696
620 697
612 698
611 699
610 700
614 701
619 702
611 703
610 704
617 705
610 706
609 707
609 708
611 709
611 710
592 711
588 712
593 713
600 714
593 715
598 716
607 717
611 718
614 719
