639 0
639 1
639 2
639 3
639 4
639 5
639 6
639 7
639 8
639 9
639 10
639 11
639 12
639 13
639 14
639 15
639 16
639 17
639 18
639 19
639 20
639 21
639 22
639 23
639 24
639 25
639 26
639 27
639 28
639 29
639 30
639 31
639 32
639 33
639 34
639 35
639 36
639 37
639 38
639 39
639 40
639 41
639 42
639 43
639 44
639 45
639 46
639 47
639 48
639 49
639 50
639 51
639 52
639 53
639 54
639 55
639 56
639 57
639 58
639 59
639 60
639 61
639 62
639 63
639 64
639 65
639 66
639 67
639 68
639 69
639 70
639 71
639 72
639 73
639 74
639 75
639 76
639 77
639 78
639 79
639 80
639 81
639 82
639 83
639 84
639 85
639 86
639 87
639 88
639 89
639 90
639 91
639 92
640 93
642 94
643 95
645 96
654 97
659 98
661 99
668 100
672 101
669 102
668 103
679 104
690 105
694 106
695 107
701 108
707 109
709 110
720 111
725 112
724 113
727 114
728 115
730 116
737 117
746 118
748 119
757 120
757 121
764 122
771 123
769 124
769 125
774 126
784 127
789 128
788 129
790 130
803 131
810 132
814 133
818 134
823 135
835 136
848 137
863 138
864 139
870 140
873 141
876 142
875 143
876 144
879 145
882 146
889 147
891 148
893 149
895 150
898 151
898 152
902 153
906 154
910 155
910 156
912 157
915 158
915 159
919 160
920 161
922 162
928 163
935 164
937 165
937 166
939 167
946 168
944 169
945 170
948 171
950 172
950 173
955 174
964 175
964 176
979 177
989 178
1001 179
1006 180
1008 181
1009 182
1009 183
1011 184
1015 185
1014 186
1018 187
1018 188
1019 189
1023 190
1025 191
1027 192
1039 193
1050 194
1055 195
1056 196
1056 197
1056 198
1068 199
1077 200
1090 201
1105 202
1106 203
1115 204
1120 205
1125 206
1130 207
1131 208
1140 209
1146 210
1150 211
1153 212
1155 213
1155 214
1165 215
1169 216
1177 217
1176 218
1169 219
1173 220
1177 221
1178 222
1180 223
1188 224
1190 225
1191 226
1191 227
1192 228
1203 229
1204 230
1211 231
1211 232
1211 233
1211 234
1212 235
1219 236
1221 237
1231 238
1226 239
1237 240
1245 241
1232 242
1236 243
1223 244
1261 245
1228 246
1148 247
1260 248
1275 249
1274 250
1178 251
966 253
1175 254
669 255
1144 256
850 258
1029 259
1004 260
852 261
853 262
853 263
1271 264
1248 265
1257 266
1129 267
1267 270
1177 271
1227 274
1266 276
1191 288
2 305
5 306
112 307
146 308
122 309
96 310
137 311
53 312
53 313
54 314
49 315
69 316
79 317
70 318
93 319
65 320
51 321
53 322
63 323
78 324
80 325
87 326
67 327
62 328
64 329
66 330
67 331
70 332
72 333
76 334
96 335
80 336
85 337
86 338
91 339
96 340
166 341
174 342
183 343
186 344
194 345
198 346
201 347
204 348
206 349
209 350
211 351
215 352
215 353
216 354
217 355
219 356
221 357
223 358
224 359
229 360
233 361
237 362
242 363
251 364
254 365
257 366
260 367
261 368
263 369
265 370
269 371
272 372
281 373
283 374
283 375
290 376
295 377
298 378
302 379
306 380
310 381
312 382
311 383
316 384
312 385
317 386
317 387
312 388
311 389
320 390
320 391
325 392
328 393
330 394
333 395
332 396
332 397
332 398
332 399
339 400
337 401
341 402
349 403
346 404
344 405
344 406
345 407
349 408
350 409
358 410
361 411
359 412
360 413
361 414
358 415
365 416
360 417
365 418
368 419
371 420
372 421
373 422
377 423
375 424
379 425
390 426
424 427
442 428
442 429
443 430
454 431
460 432
463 433
473 434
486 435
484 436
495 437
509 438
511 439
516 440
528 441
543 442
548 443
548 444
557 445
559 446
559 447
557 448
568 449
574 450
576 451
580 452
580 453
584 454
578 455
584 456
584 457
585 458
588 459
585 460
585 461
590 462
586 463
589 464
589 465
589 466
588 467
592 468
596 469
596 470
599 471
600 472
600 473
601 474
598 475
598 476
601 477
601 478
601 479
604 480
604 481
603 482
599 483
595 484
598 485
598 486
595 487
597 488
598 489
601 490
601 491
602 492
601 493
603 494
604 495
603 496
603 497
604 498
605 499
604 500
604 501
604 502
605 503
608 504
609 505
612 506
613 507
614 508
614 509
616 510
614 511
614 512
613 513
613 514
613 515
614 516
615 517
612 518
616 519
615 520
616 521
616 522
617 523
616 524
617 525
618 526
621 527
620 528
621 529
619 530
618 531
619 532
621 533
620 534
621 535
620 536
619 537
619 538
622 539
623 540
622 541
622 542
622 543
622 544
623 545
622 546
623 547
623 548
624 549
625 550
626 551
626 552
625 553
627 554
629 555
630 556
633 557
635 558
636 559
635 560
634 561
636 562
636 563
636 564
636 565
636 566
635 567
637 568
637 569
637 570
636 571
637 572
637 573
636 574
636 575
636 576
637 577
637 578
636 579
636 580
637 581
637 582
636 583
637 584
636 585
636 586
636 587
635 588
636 589
637 590
636 591
637 592
637 593
637 594
636 595
637 596
638 597
638 598
635 599
637 600
638 601
638 602
638 603
638 604
637 605
637 606
636 607
637 608
637 609
638 610
637 611
638 612
638 613
638 614
637 615
638 616
638 617
638 618
638 619
639 620
638 621
637 622
637 623
639 624
638 625
638 626
636 627
635 628
633 629
633 630
632 631
633 632
636 633
635 634
633 635
635 636
637 637
636 638
632 639
635 640
637 641
635 642
634 643
635 644
635 645
637 646
636 647
637 648
638 649
637 650
636 651
635 652
635 653
636 654
633 655
633 656
635 657
635 658
635 659
635 660
634 661
633 662
628 663
629 664
626 665
628 666
629 667
625 668
624 669
624 670
621 671
621 672
628 673
626 674
625 675
624 676
625 677
625 678
617 679
622 680
625 681
618 682
616 683
622 684
623 685
620 686
615 687
619 688
622 689
623 690
618 691
618 692
621 693
618 694
619 695
611 696
620 697
614 698
611 699
612 700
618 701
618 702
615 703
617 704
614 705
607 706
606 707
614 708
609 709
597 710
597 711
604 712
598 713
598 714
598 715
602 716
603 717
604 718
604 719
