639 0
639 1
639 2
639 3
639 4
639 5
639 6
639 7
639 8
639 9
639 10
639 11
639 12
639 13
639 14
639 15
639 16
639 17
639 18
639 19
639 20
639 21
639 22
639 23
639 24
639 25
639 26
639 27
639 28
639 29
639 30
639 31
639 32
639 33
639 34
639 35
639 36
639 37
639 38
639 39
639 40
639 41
639 42
639 43
639 44
639 45
639 46
639 47
639 48
639 49
639 50
639 51
639 52
639 53
639 54
639 55
639 56
639 57
639 58
639 59
639 60
639 61
639 62
639 63
639 64
639 65
639 66
639 67
639 68
639 69
639 70
639 71
639 72
639 73
639 74
639 75
639 76
639 77
639 78
639 79
639 80
639 81
639 82
639 83
639 84
639 85
639 86
639 87
639 88
639 89
639 90
639 91
639 92
641 93
642 94
645 95
647 96
654 97
665 98
670 99
670 100
671 101
668 102
669 103
682 104
696 105
701 106
696 107
702 108
708 109
709 110
712 111
722 112
720 113
719 114
728 115
730 116
735 117
743 118
746 119
752 120
756 121
761 122
771 123
769 124
772 125
776 126
784 127
787 128
789 129
792 130
799 131
809 132
813 133
816 134
821 135
832 136
850 137
869 138
868 139
871 140
875 141
873 142
875 143
874 144
881 145
886 146
890 147
893 148
894 149
896 150
896 151
901 152
902 153
908 154
909 155
913 156
913 157
913 158
914 159
915 160
918 161
923 162
930 163
935 164
937 165
940 166
941 167
946 168
946 169
947 170
948 171
949 172
953 173
954 174
964 175
967 176
979 177
996 178
1002 179
1006 180
1010 181
1011 182
1013 183
1012 184
1013 185
1015 186
1016 187
1016 188
1022 189
1024 190
1025 191
1024 192
1042 193
1050 194
1055 195
1056 196
1055 197
1058 198
1069 199
1083 200
1092 201
1103 202
1106 203
1116 204
1121 205
1125 206
1129 207
1132 208
1138 209
1146 210
1153 211
1154 212
1152 213
1154 214
1165 215
1170 216
1176 217
1176 218
1175 219
1175 220
1177 221
1180 222
1186 223
1189 224
1189 225
1194 226
1193 227
1191 228
1196 229
1204 230
1209 231
1208 232
1215 233
1221 234
1225 235
1227 236
1231 237
1225 238
1201 239
1231 240
1239 241
1230 242
1225 243
1179 244
1179 245
1209 246
1254 247
1236 248
1170 249
1192 250
1156 251
1216 252
893 253
849 254
972 255
1168 256
1035 258
1104 259
1156 260
1236 261
987 264
1254 265
1264 266
945 280
941 281
938 282
1236 292
1095 293
1049 296
748 297
746 299
0 305
5 306
8 307
50 308
16 309
71 310
63 311
81 312
64 313
64 314
65 315
76 316
76 317
53 318
72 319
67 320
59 321
68 322
102 323
89 324
74 325
75 326
62 327
76 328
64 329
67 330
69 331
71 332
74 333
76 334
90 335
82 336
83 337
90 338
92 339
95 340
159 341
175 342
184 343
188 344
194 345
199 346
201 347
203 348
207 349
209 350
212 351
213 352
214 353
217 354
218 355
218 356
220 357
223 358
223 359
227 360
235 361
239 362
242 363
252 364
255 365
256 366
260 367
262 368
263 369
265 370
266 371
270 372
272 373
274 374
280 375
291 376
297 377
301 378
300 379
299 380
301 381
304 382
317 383
312 384
312 385
312 386
312 387
314 388
318 389
317 390
318 391
322 392
327 393
326 394
326 395
324 396
327 397
330 398
337 399
339 400
338 401
337 402
338 403
338 404
344 405
347 406
348 407
349 408
352 409
353 410
364 411
361 412
358 413
361 414
359 415
362 416
361 417
366 418
365 419
368 420
368 421
371 422
373 423
375 424
376 425
395 426
420 427
435 428
445 429
450 430
456 431
455 432
473 433
474 434
481 435
496 436
507 437
504 438
517 439
526 440
541 441
547 442
550 443
554 444
554 445
554 446
573 447
577 448
580 449
579 450
577 451
577 452
574 453
576 454
579 455
575 456
586 457
583 458
579 459
577 460
583 461
584 462
581 463
585 464
592 465
593 466
602 467
597 468
596 469
597 470
593 471
600 472
603 473
600 474
598 475
599 476
603 477
602 478
604 479
603 480
600 481
601 482
601 483
602 484
601 485
600 486
600 487
600 488
600 489
600 490
604 491
603 492
603 493
603 494
605 495
605 496
606 497
605 498
605 499
606 500
608 501
608 502
608 503
608 504
614 505
613 506
609 507
610 508
616 509
614 510
615 511
618 512
617 513
617 514
616 515
616 516
617 517
617 518
617 519
616 520
617 521
617 522
618 523
620 524
617 525
620 526
620 527
619 528
619 529
616 530
618 531
620 532
621 533
620 534
619 535
621 536
623 537
624 538
623 539
624 540
624 541
624 542
624 543
624 544
624 545
624 546
624 547
623 548
625 549
626 550
628 551
627 552
625 553
627 554
629 555
633 556
636 557
636 558
634 559
633 560
635 561
635 562
635 563
636 564
636 565
636 566
635 567
634 568
637 569
637 570
637 571
637 572
636 573
636 574
635 575
637 576
636 577
637 578
637 579
637 580
636 581
636 582
637 583
636 584
636 585
636 586
636 587
635 588
637 589
637 590
634 591
637 592
638 593
637 594
637 595
637 596
637 597
637 598
636 599
637 600
638 601
637 602
638 603
637 604
638 605
638 606
637 607
638 608
637 609
637 610
638 611
638 612
637 613
637 614
634 615
637 616
638 617
638 618
638 619
638 620
637 621
638 622
636 623
637 624
638 625
638 626
636 627
635 628
634 629
634 630
634 631
634 632
634 633
637 634
636 635
638 636
636 637
637 638
638 639
636 640
636 641
637 642
637 643
637 644
635 645
636 646
632 647
632 648
635 649
635 650
634 651
635 652
636 653
635 654
633 655
633 656
636 657
635 658
632 659
633 660
631 661
631 662
624 663
624 664
628 665
626 666
627 667
628 668
625 669
630 670
622 671
626 672
625 673
626 674
627 675
629 676
624 677
622 678
618 679
621 680
622 681
620 682
622 683
616 684
622 685
622 686
620 687
619 688
622 689
620 690
615 691
616 692
613 693
621 694
621 695
619 696
610 697
608 698
611 699
607 700
607 701
618 702
610 703
608 704
602 705
602 706
611 707
600 708
600 709
607 710
603 711
597 712
591 713
589 714
597 715
590 716
591 717
605 718
607 719
