639 0
639 1
639 2
639 3
639 4
639 5
639 6
639 7
639 8
639 9
639 10
639 11
639 12
639 13
639 14
639 15
639 16
639 17
639 18
639 19
639 20
639 21
639 22
639 23
639 24
639 25
639 26
639 27
639 28
639 29
639 30
639 31
639 32
639 33
639 34
639 35
639 36
639 37
639 38
639 39
639 40
639 41
639 42
639 43
639 44
639 45
639 46
639 47
639 48
639 49
639 50
639 51
639 52
639 53
639 54
639 55
639 56
639 57
639 58
639 59
639 60
639 61
639 62
639 63
639 64
639 65
639 66
639 67
639 68
639 69
639 70
639 71
639 72
639 73
639 74
639 75
639 76
639 77
639 78
639 79
639 80
639 81
639 82
639 83
639 84
639 85
639 86
639 87
639 88
639 89
639 90
639 91
639 92
640 93
640 94
642 95
645 96
652 97
664 98
662 99
668 100
667 101
669 102
670 103
680 104
683 105
694 106
700 107
698 108
705 109
708 110
713 111
717 112
721 113
722 114
725 115
732 116
739 117
745 118
745 119
748 120
752 121
759 122
767 123
768 124
769 125
773 126
786 127
791 128
790 129
794 130
803 131
807 132
812 133
817 134
824 135
834 136
843 137
867 138
871 139
872 140
874 141
875 142
875 143
876 144
878 145
885 146
889 147
893 148
894 149
896 150
898 151
900 152
902 153
907 154
908 155
908 156
911 157
913 158
913 159
917 160
918 161
923 162
926 163
934 164
935 165
938 166
940 167
947 168
946 169
946 170
946 171
951 172
954 173
957 174
961 175
968 176
974 177
993 178
1001 179
1008 180
1010 181
1010 182
1013 183
1015 184
1016 185
1019 186
1018 187
1017 188
1023 189
1026 190
1026 191
1026 192
1038 193
1046 194
1055 195
1054 196
1055 197
1057 198
1068 199
1074 200
1092 201
1104 202
1109 203
1116 204
1123 205
1125 206
1128 207
1130 208
1140 209
1144 210
1152 211
1157 212
1157 213
1155 214
1169 215
1164 216
1169 217
1168 218
1174 219
1176 220
1177 221
1180 222
1185 223
1187 224
1190 225
1192 226
1193 227
1195 228
1203 229
1200 230
1203 231
1215 232
1214 233
1216 234
1212 235
1209 236
1210 237
1212 238
1228 239
1237 240
1235 241
1231 242
1231 243
1233 244
1188 245
1155 246
1141 247
1151 248
1273 249
1269 250
1264 251
856 253
846 256
849 257
1181 259
954 260
915 261
852 262
1018 263
759 264
1067 265
857 266
859 267
860 268
1231 269
1199 280
944 283
944 284
1 305
3 306
95 307
156 308
117 309
101 310
91 311
68 312
30 313
70 314
57 315
58 316
43 317
43 318
65 319
57 320
58 321
66 322
83 323
80 324
88 325
115 326
115 327
122 328
84 329
78 330
92 331
106 332
73 333
77 334
89 335
83 336
83 337
88 338
90 339
96 340
154 341
171 342
182 343
188 344
196 345
202 346
202 347
203 348
207 349
209 350
211 351
215 352
215 353
217 354
218 355
219 356
220 357
222 358
228 359
227 360
233 361
236 362
243 363
250 364
254 365
257 366
258 367
261 368
264 369
264 370
265 371
269 372
272 373
278 374
284 375
285 376
296 377
295 378
297 379
303 380
306 381
308 382
307 383
310 384
310 385
308 386
315 387
312 388
311 389
313 390
315 391
324 392
322 393
324 394
326 395
328 396
330 397
331 398
332 399
334 400
339 401
338 402
341 403
337 404
340 405
345 406
350 407
343 408
347 409
349 410
354 411
357 412
358 413
356 414
357 415
360 416
360 417
360 418
363 419
372 420
373 421
371 422
371 423
377 424
379 425
394 426
422 427
438 428
449 429
451 430
449 431
457 432
473 433
480 434
486 435
493 436
500 437
506 438
518 439
524 440
539 441
539 442
546 443
556 444
556 445
554 446
561 447
567 448
575 449
577 450
573 451
578 452
577 453
578 454
575 455
579 456
575 457
582 458
584 459
580 460
581 461
586 462
584 463
583 464
582 465
583 466
589 467
595 468
590 469
592 470
595 471
602 472
599 473
600 474
601 475
598 476
600 477
599 478
597 479
601 480
605 481
603 482
600 483
604 484
602 485
599 486
598 487
597 488
597 489
600 490
599 491
600 492
603 493
602 494
602 495
600 496
600 497
603 498
604 499
604 500
604 501
604 502
602 503
606 504
607 505
610 506
611 507
614 508
614 509
613 510
614 511
613 512
614 513
614 514
614 515
615 516
616 517
614 518
614 519
615 520
617 521
617 522
616 523
616 524
618 525
618 526
617 527
620 528
619 529
618 530
615 531
615 532
620 533
620 534
620 535
622 536
622 537
623 538
621 539
621 540
621 541
622 542
621 543
622 544
622 545
622 546
624 547
625 548
624 549
623 550
626 551
627 552
627 553
627 554
628 555
630 556
632 557
634 558
635 559
636 560
636 561
636 562
637 563
636 564
635 565
637 566
637 567
637 568
637 569
637 570
637 571
637 572
638 573
637 574
636 575
636 576
637 577
638 578
638 579
637 580
637 581
636 582
636 583
636 584
636 585
635 586
635 587
635 588
636 589
637 590
636 591
637 592
637 593
637 594
637 595
637 596
635 597
636 598
637 599
638 600
638 601
638 602
637 603
638 604
638 605
638 606
637 607
636 608
638 609
636 610
637 611
638 612
635 613
636 614
636 615
638 616
638 617
638 618
637 619
638 620
637 621
637 622
636 623
636 624
638 625
637 626
636 627
637 628
634 629
632 630
633 631
632 632
635 633
633 634
636 635
637 636
637 637
636 638
636 639
637 640
638 641
638 642
634 643
635 644
634 645
635 646
634 647
634 648
635 649
635 650
634 651
632 652
636 653
635 654
630 655
636 656
635 657
634 658
635 659
633 660
635 661
632 662
629 663
624 664
629 665
628 666
628 667
627 668
627 669
627 670
622 671
620 672
628 673
623 674
619 675
625 676
623 677
623 678
627 679
622 680
624 681
619 682
620 683
623 684
615 685
619 686
620 687
627 688
624 689
618 690
609 691
613 692
612 693
616 694
618 695
618 696
622 697
620 698
622 699
616 700
616 701
619 702
617 703
610 704
618 705
607 706
609 707
614 708
616 709
607 710
602 711
606 712
598 713
596 714
595 715
593 716
605 717
608 718
607 719
