639 0
639 1
639 2
639 3
639 4
639 5
639 6
639 7
639 8
639 9
639 10
639 11
639 12
639 13
639 14
639 15
639 16
639 17
639 18
639 19
639 20
639 21
639 22
639 23
639 24
639 25
639 26
639 27
639 28
639 29
639 30
639 31
639 32
639 33
639 34
639 35
639 36
639 37
639 38
639 39
639 40
639 41
639 42
639 43
639 44
639 45
639 46
639 47
639 48
639 49
639 50
639 51
639 52
639 53
639 54
639 55
639 56
639 57
639 58
639 59
639 60
639 61
639 62
639 63
639 64
639 65
639 66
639 67
639 68
639 69
639 70
639 71
639 72
639 73
639 74
639 75
639 76
639 77
639 78
639 79
639 80
639 81
639 82
639 83
639 84
639 85
639 86
639 87
639 88
639 89
639 90
639 91
639 92
640 93
643 94
643 95
643 96
651 97
660 98
663 99
663 100
665 101
670 102
675 103
679 104
690 105
699 106
696 107
695 108
703 109
712 110
718 111
723 112
724 113
722 114
727 115
731 116
734 117
742 118
748 119
748 120
753 121
763 122
766 123
767 124
768 125
776 126
784 127
785 128
788 129
792 130
803 131
808 132
815 133
814 134
825 135
834 136
846 137
865 138
869 139
871 140
874 141
874 142
875 143
878 144
879 145
883 146
886 147
890 148
893 149
898 150
898 151
898 152
903 153
907 154
910 155
911 156
912 157
914 158
913 159
914 160
916 161
923 162
925 163
934 164
937 165
939 166
942 167
944 168
946 169
947 170
946 171
950 172
952 173
953 174
962 175
967 176
978 177
994 178
1006 179
1007 180
1009 181
1010 182
1009 183
1012 184
1013 185
1016 186
1018 187
1018 188
1021 189
1026 190
1026 191
1025 192
1041 193
1048 194
1055 195
1056 196
1053 197
1055 198
1065 199
1075 200
1092 201
1107 202
1106 203
1115 204
1120 205
1124 206
1128 207
1129 208
1139 209
1142 210
1151 211
1154 212
1154 213
1156 214
1160 215
1168 216
1173 217
1176 218
1173 219
1175 220
1177 221
1177 222
1182 223
1178 224
1190 225
1191 226
1197 227
1199 228
1203 229
1206 230
1206 231
1208 232
1214 233
1219 234
1225 235
1229 236
1235 237
1228 238
1212 239
1208 240
1226 241
1228 242
1241 243
1264 244
1242 245
1260 246
1199 247
1225 248
1253 249
1270 250
1235 251
1199 252
997 253
920 254
886 255
843 256
991 261
991 262
1236 263
1228 264
1039 266
985 267
854 268
855 269
1268 272
1271 279
1192 287
1192 288
1234 301
952 303
0 305
2 306
8 307
50 308
97 309
85 310
78 311
73 312
99 313
106 314
83 315
82 316
82 317
75 318
76 319
63 320
71 321
72 322
83 323
79 324
58 325
60 326
82 327
76 328
64 329
67 330
68 331
70 332
72 333
77 334
83 335
84 336
88 337
90 338
91 339
97 340
151 341
175 342
182 343
188 344
195 345
212 346
211 347
205 348
207 349
209 350
210 351
213 352
215 353
217 354
218 355
219 356
222 357
222 358
223 359
227 360
233 361
236 362
242 363
250 364
254 365
257 366
258 367
261 368
263 369
267 370
267 371
268 372
273 373
279 374
284 375
291 376
293 377
300 378
303 379
302 380
309 381
308 382
309 383
309 384
305 385
309 386
312 387
318 388
317 389
318 390
317 391
312 392
316 393
321 394
328 395
335 396
335 397
332 398
331 399
334 400
331 401
328 402
334 403
332 404
335 405
341 406
346 407
345 408
343 409
347 410
353 411
354 412
350 413
353 414
357 415
359 416
360 417
365 418
366 419
366 420
369 421
373 422
373 423
372 424
380 425
393 426
421 427
440 428
442 429
440 430
453 431
467 432
465 433
478 434
492 435
491 436
491 437
507 438
522 439
522 440
536 441
542 442
543 443
552 444
558 445
552 446
553 447
556 448
570 449
577 450
576 451
573 452
582 453
582 454
576 455
578 456
587 457
586 458
579 459
585 460
590 461
591 462
589 463
590 464
586 465
586 466
594 467
593 468
595 469
598 470
599 471
602 472
603 473
600 474
598 475
600 476
600 477
603 478
598 479
602 480
605 481
603 482
595 483
603 484
603 485
599 486
598 487
600 488
598 489
599 490
599 491
600 492
599 493
602 494
603 495
603 496
604 497
604 498
603 499
604 500
604 501
606 502
608 503
608 504
609 505
610 506
610 507
611 508
614 509
618 510
617 511
616 512
615 513
615 514
615 515
613 516
617 517
617 518
614 519
616 520
615 521
616 522
616 523
617 524
616 525
617 526
618 527
620 528
618 529
617 530
617 531
618 532
621 533
621 534
621 535
623 536
622 537
621 538
621 539
621 540
622 541
623 542
623 543
623 544
624 545
624 546
625 547
625 548
624 549
624 550
628 551
626 552
628 553
627 554
627 555
630 556
633 557
633 558
633 559
634 560
636 561
636 562
636 563
637 564
637 565
636 566
635 567
636 568
636 569
637 570
637 571
637 572
636 573
636 574
636 575
636 576
638 577
638 578
638 579
638 580
637 581
636 582
635 583
636 584
636 585
636 586
636 587
636 588
636 589
637 590
636 591
637 592
637 593
637 594
637 595
637 596
638 597
638 598
638 599
638 600
637 601
637 602
637 603
637 604
638 605
638 606
635 607
637 608
638 609
638 610
637 611
636 612
636 613
638 614
636 615
637 616
637 617
638 618
635 619
637 620
638 621
638 622
634 623
636 624
639 625
639 626
637 627
636 628
634 629
635 630
634 631
633 632
635 633
636 634
635 635
637 636
636 637
637 638
637 639
635 640
634 641
637 642
637 643
638 644
637 645
637 646
636 647
635 648
634 649
635 650
635 651
636 652
637 653
636 654
633 655
634 656
634 657
635 658
633 659
632 660
633 661
632 662
630 663
623 664
626 665
627 666
629 667
626 668
626 669
626 670
627 671
627 672
627 673
625 674
625 675
621 676
624 677
621 678
618 679
621 680
621 681
622 682
618 683
617 684
613 685
618 686
622 687
623 688
617 689
619 690
616 691
616 692
618 693
618 694
615 695
618 696
614 697
616 698
620 699
616 700
611 701
615 702
609 703
614 704
620 705
611 706
607 707
607 708
606 709
600 710
602 711
598 712
599 713
601 714
603 715
598 716
596 717
609 718
612 719
