639 0
639 1
639 2
639 3
639 4
639 5
639 6
639 7
639 8
639 9
639 10
639 11
639 12
639 13
639 14
639 15
639 16
639 17
639 18
639 19
639 20
639 21
639 22
639 23
639 24
639 25
639 26
639 27
639 28
639 29
639 30
639 31
639 32
639 33
639 34
639 35
639 36
639 37
639 38
639 39
639 40
639 41
639 42
639 43
639 44
639 45
639 46
639 47
639 48
639 49
639 50
639 51
639 52
639 53
639 54
639 55
639 56
639 57
639 58
639 59
639 60
639 61
639 62
639 63
639 64
639 65
639 66
639 67
639 68
639 69
639 70
639 71
639 72
639 73
639 74
639 75
639 76
639 77
639 78
639 79
639 80
639 81
639 82
639 83
639 84
639 85
639 86
639 87
639 88
639 89
639 90
639 91
639 92
640 93
642 94
643 95
647 96
655 97
656 98
663 99
669 100
666 101
666 102
665 103
683 104
691 105
697 106
695 107
697 108
701 109
710 110
715 111
720 112
722 113
718 114
720 115
727 116
737 117
744 118
745 119
752 120
756 121
763 122
767 123
767 124
773 125
775 126
782 127
788 128
786 129
792 130
799 131
806 132
811 133
817 134
820 135
833 136
848 137
868 138
868 139
868 140
874 141
874 142
877 143
875 144
879 145
885 146
890 147
892 148
894 149
898 150
898 151
895 152
903 153
906 154
907 155
909 156
911 157
912 158
915 159
914 160
917 161
921 162
928 163
935 164
936 165
938 166
940 167
945 168
946 169
948 170
947 171
949 172
952 173
953 174
959 175
961 176
981 177
989 178
999 179
1010 180
1008 181
1011 182
1010 183
1010 184
1014 185
1017 186
1018 187
1019 188
1022 189
1026 190
1026 191
1025 192
1038 193
1047 194
1055 195
1056 196
1055 197
1056 198
1067 199
1077 200
1091 201
1101 202
1108 203
1114 204
1121 205
1124 206
1127 207
1129 208
1139 209
1142 210
1151 211
1154 212
1149 213
1154 214
1165 215
1167 216
1173 217
1170 218
1174 219
1174 220
1177 221
1178 222
1187 223
1188 224
1190 225
1190 226
1195 227
1199 228
1201 229
1206 230
1207 231
1212 232
1217 233
1215 234
1221 235
1227 236
1209 237
1203 238
1216 239
1215 240
1242 241
1235 242
1229 243
1258 244
1262 245
1251 246
1201 247
1191 248
845 249
1247 251
1279 252
1047 253
855 254
960 257
844 258
844 259
799 261
811 262
850 263
1062 264
958 265
904 266
1236 267
856 268
1256 277
1256 278
1277 279
1264 282
1263 283
883 288
883 289
1256 295
1192 296
747 298
752 304
160 305
176 306
173 307
119 308
94 309
87 310
80 311
27 312
87 313
95 314
65 315
66 316
66 317
67 318
54 319
70 320
71 321
72 322
81 323
97 324
85 325
78 326
86 327
61 328
65 329
66 330
67 331
75 332
73 333
75 334
88 335
86 336
89 337
87 338
91 339
96 340
152 341
172 342
182 343
196 344
200 345
202 346
203 347
203 348
207 349
209 350
211 351
215 352
215 353
217 354
218 355
219 356
222 357
224 358
223 359
227 360
233 361
238 362
243 363
251 364
254 365
256 366
259 367
261 368
262 369
263 370
265 371
271 372
275 373
281 374
282 375
286 376
286 377
292 378
299 379
304 380
304 381
305 382
307 383
309 384
309 385
314 386
320 387
314 388
314 389
315 390
315 391
314 392
318 393
328 394
325 395
324 396
327 397
334 398
334 399
329 400
330 401
331 402
333 403
333 404
338 405
342 406
344 407
344 408
344 409
354 410
352 411
354 412
355 413
355 414
358 415
359 416
362 417
361 418
364 419
364 420
365 421
367 422
373 423
375 424
379 425
396 426
423 427
435 428
449 429
454 430
449 431
462 432
465 433
478 434
482 435
497 436
505 437
507 438
520 439
520 440
533 441
537 442
547 443
557 444
556 445
555 446
551 447
557 448
575 449
576 450
574 451
580 452
581 453
582 454
577 455
582 456
585 457
582 458
584 459
584 460
584 461
586 462
584 463
587 464
587 465
590 466
590 467
598 468
597 469
601 470
597 471
603 472
601 473
597 474
594 475
595 476
597 477
598 478
601 479
601 480
602 481
598 482
601 483
602 484
602 485
598 486
597 487
598 488
596 489
599 490
600 491
601 492
601 493
603 494
602 495
603 496
603 497
602 498
603 499
603 500
605 501
606 502
605 503
608 504
608 505
610 506
613 507
612 508
615 509
615 510
614 511
615 512
615 513
616 514
615 515
616 516
615 517
616 518
617 519
617 520
617 521
618 522
619 523
619 524
619 525
619 526
617 527
619 528
618 529
617 530
618 531
618 532
619 533
619 534
619 535
623 536
623 537
622 538
624 539
624 540
624 541
624 542
624 543
624 544
623 545
624 546
624 547
624 548
624 549
626 550
626 551
628 552
626 553
628 554
631 555
632 556
634 557
636 558
635 559
635 560
635 561
636 562
637 563
637 564
637 565
637 566
636 567
636 568
637 569
637 570
637 571
637 572
637 573
637 574
636 575
636 576
636 577
636 578
637 579
637 580
636 581
636 582
637 583
636 584
637 585
636 586
637 587
636 588
637 589
638 590
636 591
637 592
637 593
637 594
637 595
637 596
637 597
637 598
637 599
637 600
638 601
638 602
638 603
637 604
638 605
637 606
635 607
636 608
637 609
637 610
636 611
636 612
636 613
637 614
637 615
636 616
638 617
637 618
638 619
638 620
638 621
638 622
635 623
637 624
638 625
638 626
639 627
637 628
635 629
635 630
634 631
634 632
634 633
636 634
634 635
635 636
634 637
635 638
635 639
635 640
637 641
636 642
635 643
637 644
638 645
635 646
633 647
635 648
637 649
636 650
634 651
636 652
636 653
635 654
633 655
632 656
633 657
630 658
632 659
633 660
633 661
632 662
627 663
628 664
625 665
629 666
628 667
625 668
625 669
631 670
623 671
624 672
628 673
627 674
625 675
624 676
627 677
624 678
620 679
623 680
626 681
618 682
617 683
616 684
622 685
624 686
623 687
617 688
618 689
620 690
619 691
618 692
617 693
620 694
615 695
614 696
615 697
616 698
611 699
608 700
617 701
620 702
612 703
611 704
616 705
610 706
606 707
611 708
612 709
614 710
602 711
600 712
602 713
607 714
596 715
581 716
585 717
605 718
605 719
