639 0
639 1
639 2
639 3
639 4
639 5
639 6
639 7
639 8
639 9
639 10
639 11
639 12
639 13
639 14
639 15
639 16
639 17
639 18
639 19
639 20
639 21
639 22
639 23
639 24
639 25
639 26
639 27
639 28
639 29
639 30
639 31
639 32
639 33
639 34
639 35
639 36
639 37
639 38
639 39
639 40
639 41
639 42
639 43
639 44
639 45
639 46
639 47
639 48
639 49
639 50
639 51
639 52
639 53
639 54
639 55
639 56
639 57
639 58
639 59
639 60
639 61
639 62
639 63
639 64
639 65
639 66
639 67
639 68
639 69
639 70
639 71
639 72
639 73
639 74
639 75
639 76
639 77
639 78
639 79
639 80
639 81
639 82
639 83
639 84
639 85
639 86
639 87
639 88
639 89
639 90
639 91
639 92
641 93
642 94
643 95
642 96
649 97
661 98
665 99
667 100
670 101
667 102
669 103
676 104
687 105
693 106
691 107
700 108
701 109
707 110
713 111
716 112
723 113
727 114
727 115
731 116
732 117
742 118
746 119
749 120
756 121
766 122
770 123
770 124
773 125
776 126
785 127
790 128
789 129
789 130
803 131
810 132
814 133
816 134
824 135
834 136
846 137
868 138
869 139
874 140
873 141
872 142
876 143
876 144
879 145
883 146
889 147
892 148
893 149
898 150
898 151
901 152
901 153
906 154
908 155
910 156
912 157
913 158
915 159
916 160
918 161
919 162
925 163
935 164
937 165
938 166
939 167
942 168
948 169
948 170
948 171
952 172
954 173
954 174
963 175
969 176
981 177
996 178
1003 179
1007 180
1007 181
1005 182
1010 183
1013 184
1014 185
1016 186
1016 187
1016 188
1020 189
1025 190
1024 191
1025 192
1041 193
1046 194
1055 195
1056 196
1054 197
1056 198
1068 199
1075 200
1090 201
1106 202
1109 203
1117 204
1120 205
1124 206
1127 207
1131 208
1139 209
1143 210
1149 211
1153 212
1152 213
1158 214
1163 215
1175 216
1175 217
1176 218
1174 219
1174 220
1177 221
1180 222
1183 223
1186 224
1189 225
1191 226
1194 227
1196 228
1201 229
1207 230
1207 231
1214 232
1214 233
1217 234
1222 235
1226 236
1224 237
1224 238
1231 239
1229 240
1248 241
1233 242
1217 243
1206 244
1216 245
1248 246
1113 247
1205 248
1262 249
1234 250
1272 251
1272 252
1264 253
984 255
809 256
754 257
1002 258
1122 261
914 262
943 263
973 264
975 265
1221 266
1220 267
1244 270
1237 271
1243 272
1205 281
1224 284
1256 285
1217 291
1 305
4 306
5 307
85 308
104 309
64 310
61 311
53 312
53 313
74 314
86 315
104 316
79 317
60 318
62 319
55 320
57 321
53 322
61 323
63 324
59 325
60 326
68 327
64 328
70 329
79 330
73 331
69 332
74 333
80 334
94 335
97 336
98 337
91 338
92 339
97 340
155 341
173 342
183 343
193 344
195 345
198 346
201 347
203 348
207 349
208 350
212 351
213 352
215 353
216 354
218 355
219 356
220 357
222 358
225 359
227 360
233 361
237 362
241 363
251 364
253 365
257 366
258 367
261 368
264 369
266 370
268 371
270 372
271 373
276 374
286 375
289 376
285 377
296 378
301 379
305 380
305 381
308 382
312 383
310 384
315 385
313 386
311 387
312 388
315 389
319 390
317 391
318 392
315 393
322 394
322 395
325 396
330 397
328 398
327 399
331 400
333 401
336 402
337 403
337 404
341 405
341 406
345 407
348 408
344 409
347 410
352 411
359 412
356 413
355 414
357 415
354 416
358 417
366 418
362 419
360 420
365 421
370 422
369 423
369 424
375 425
398 426
420 427
434 428
441 429
446 430
440 431
459 432
473 433
481 434
487 435
497 436
504 437
512 438
514 439
518 440
524 441
535 442
544 443
555 444
559 445
557 446
556 447
565 448
570 449
575 450
577 451
580 452
579 453
574 454
579 455
582 456
581 457
581 458
586 459
584 460
582 461
584 462
587 463
582 464
586 465
589 466
589 467
591 468
594 469
601 470
602 471
599 472
603 473
599 474
598 475
599 476
602 477
599 478
597 479
602 480
604 481
602 482
602 483
602 484
601 485
599 486
595 487
598 488
597 489
598 490
599 491
602 492
602 493
601 494
601 495
603 496
604 497
603 498
604 499
605 500
604 501
605 502
607 503
608 504
609 505
608 506
611 507
611 508
614 509
615 510
614 511
616 512
616 513
614 514
613 515
615 516
616 517
616 518
616 519
617 520
614 521
615 522
618 523
619 524
618 525
618 526
617 527
618 528
619 529
620 530
620 531
616 532
620 533
622 534
621 535
620 536
621 537
625 538
623 539
623 540
624 541
623 542
624 543
623 544
623 545
622 546
625 547
623 548
624 549
625 550
626 551
625 552
627 553
627 554
629 555
632 556
633 557
635 558
636 559
635 560
634 561
636 562
637 563
637 564
636 565
637 566
636 567
637 568
636 569
636 570
637 571
637 572
637 573
636 574
636 575
637 576
637 577
636 578
637 579
638 580
637 581
636 582
636 583
636 584
637 585
636 586
636 587
636 588
636 589
636 590
636 591
637 592
637 593
636 594
638 595
637 596
637 597
638 598
638 599
636 600
636 601
638 602
638 603
639 604
638 605
638 606
636 607
637 608
637 609
638 610
638 611
638 612
637 613
637 614
637 615
638 616
638 617
637 618
638 619
638 620
638 621
638 622
636 623
637 624
638 625
638 626
637 627
636 628
635 629
636 630
633 631
633 632
634 633
636 634
636 635
635 636
634 637
638 638
638 639
637 640
635 641
638 642
638 643
637 644
638 645
638 646
634 647
635 648
633 649
635 650
636 651
635 652
636 653
635 654
635 655
634 656
634 657
635 658
634 659
635 660
634 661
634 662
627 663
627 664
630 665
629 666
627 667
627 668
627 669
628 670
619 671
622 672
628 673
625 674
619 675
624 676
625 677
622 678
622 679
622 680
622 681
620 682
615 683
619 684
616 685
618 686
617 687
620 688
622 689
619 690
617 691
617 692
618 693
616 694
617 695
614 696
614 697
609 698
612 699
606 700
614 701
616 702
611 703
613 704
615 705
609 706
616 707
615 708
612 709
605 710
605 711
596 712
594 713
598 714
600 715
588 716
598 717
612 718
607 719
