639 0
639 1
639 2
639 3
639 4
639 5
639 6
639 7
639 8
639 9
639 10
639 11
639 12
639 13
639 14
639 15
639 16
639 17
639 18
639 19
639 20
639 21
639 22
639 23
639 24
639 25
639 26
639 27
639 28
639 29
639 30
639 31
639 32
639 33
639 34
639 35
639 36
639 37
639 38
639 39
639 40
639 41
639 42
639 43
639 44
639 45
639 46
639 47
639 48
639 49
639 50
639 51
639 52
639 53
639 54
639 55
639 56
639 57
639 58
639 59
639 60
639 61
639 62
639 63
639 64
639 65
639 66
639 67
639 68
639 69
639 70
639 71
639 72
639 73
639 74
639 75
639 76
639 77
639 78
639 79
639 80
639 81
639 82
639 83
639 84
639 85
639 86
639 87
639 88
639 89
639 90
639 91
639 92
640 93
642 94
644 95
647 96
653 97
660 98
661 99
670 100
667 101
662 102
665 103
675 104
686 105
696 106
697 107
696 108
700 109
706 110
717 111
723 112
721 113
721 114
722 115
725 116
734 117
739 118
746 119
752 120
758 121
763 122
767 123
768 124
771 125
778 126
784 127
789 128
788 129
789 130
800 131
806 132
811 133
816 134
824 135
833 136
845 137
865 138
870 139
868 140
871 141
874 142
876 143
875 144
879 145
886 146
888 147
892 148
893 149
897 150
897 151
897 152
901 153
908 154
908 155
910 156
912 157
912 158
914 159
913 160
917 161
922 162
926 163
934 164
933 165
940 166
939 167
945 168
948 169
948 170
946 171
950 172
953 173
955 174
962 175
967 176
982 177
996 178
1001 179
1008 180
1010 181
1011 182
1012 183
1013 184
1016 185
1017 186
1016 187
1018 188
1022 189
1025 190
1025 191
1026 192
1037 193
1048 194
1056 195
1056 196
1055 197
1057 198
1065 199
1075 200
1091 201
1104 202
1105 203
1117 204
1122 205
1124 206
1129 207
1131 208
1140 209
1146 210
1153 211
1154 212
1151 213
1154 214
1162 215
1167 216
1175 217
1174 218
1173 219
1174 220
1176 221
1178 222
1185 223
1185 224
1181 225
1191 226
1193 227
1197 228
1198 229
1202 230
1208 231
1207 232
1216 233
1217 234
1216 235
1226 236
1221 237
1230 238
1217 239
1230 240
1230 241
1247 242
1260 243
1262 244
1219 245
1186 246
1063 247
1142 248
1242 249
735 254
851 255
874 256
843 258
847 259
848 262
847 263
1096 264
767 268
1254 274
936 282
950 288
743 295
1 305
3 306
7 307
11 308
15 309
63 310
77 311
76 312
31 313
33 314
57 315
82 316
89 317
68 318
93 319
64 320
58 321
54 322
54 323
69 324
58 325
72 326
88 327
76 328
84 329
85 330
80 331
76 332
71 333
75 334
83 335
86 336
83 337
87 338
91 339
96 340
155 341
174 342
177 343
191 344
193 345
198 346
203 347
204 348
207 349
209 350
212 351
212 352
215 353
216 354
218 355
219 356
221 357
222 358
225 359
229 360
234 361
241 362
247 363
248 364
254 365
255 366
259 367
262 368
262 369
264 370
266 371
268 372
269 373
271 374
279 375
280 376
281 377
287 378
292 379
296 380
304 381
302 382
307 383
311 384
310 385
309 386
310 387
311 388
313 389
315 390
313 391
311 392
315 393
322 394
323 395
320 396
325 397
327 398
325 399
329 400
329 401
329 402
332 403
337 404
335 405
340 406
343 407
345 408
344 409
343 410
343 411
349 412
358 413
360 414
358 415
358 416
366 417
362 418
361 419
366 420
366 421
364 422
367 423
372 424
376 425
385 426
409 427
428 428
444 429
442 430
441 431
460 432
471 433
487 434
488 435
496 436
498 437
504 438
509 439
519 440
537 441
545 442
549 443
558 444
558 445
553 446
555 447
554 448
569 449
563 450
564 451
576 452
582 453
583 454
579 455
582 456
586 457
586 458
585 459
582 460
579 461
579 462
585 463
587 464
587 465
580 466
586 467
591 468
592 469
595 470
597 471
597 472
601 473
600 474
596 475
596 476
600 477
599 478
596 479
596 480
603 481
603 482
601 483
603 484
602 485
601 486
596 487
597 488
598 489
596 490
599 491
599 492
601 493
601 494
604 495
604 496
604 497
603 498
603 499
603 500
602 501
605 502
605 503
605 504
608 505
609 506
611 507
614 508
613 509
614 510
618 511
615 512
616 513
614 514
616 515
616 516
616 517
615 518
616 519
616 520
617 521
616 522
616 523
616 524
617 525
616 526
616 527
617 528
618 529
619 530
618 531
616 532
618 533
622 534
619 535
621 536
620 537
621 538
619 539
620 540
623 541
625 542
623 543
624 544
625 545
624 546
623 547
625 548
625 549
625 550
625 551
626 552
626 553
626 554
629 555
632 556
633 557
634 558
635 559
635 560
636 561
636 562
635 563
637 564
637 565
637 566
638 567
637 568
637 569
637 570
638 571
638 572
637 573
637 574
638 575
637 576
637 577
638 578
638 579
637 580
638 581
637 582
636 583
636 584
637 585
636 586
636 587
637 588
638 589
637 590
637 591
636 592
636 593
637 594
636 595
636 596
636 597
637 598
636 599
637 600
638 601
637 602
638 603
639 604
638 605
638 606
637 607
637 608
637 609
637 610
638 611
638 612
637 613
638 614
637 615
637 616
638 617
638 618
638 619
639 620
638 621
639 622
639 623
636 624
638 625
638 626
639 627
638 628
637 629
638 630
636 631
634 632
634 633
631 634
629 635
634 636
636 637
636 638
636 639
635 640
636 641
636 642
637 643
636 644
637 645
637 646
636 647
634 648
635 649
636 650
638 651
635 652
637 653
636 654
635 655
633 656
635 657
635 658
635 659
635 660
632 661
631 662
629 663
625 664
627 665
628 666
628 667
625 668
628 669
630 670
617 671
621 672
626 673
625 674
624 675
628 676
624 677
624 678
620 679
624 680
627 681
626 682
624 683
622 684
619 685
625 686
625 687
621 688
616 689
617 690
619 691
622 692
622 693
618 694
613 695
607 696
612 697
616 698
616 699
611 700
607 701
605 702
608 703
609 704
602 705
609 706
615 707
615 708
610 709
611 710
605 711
598 712
604 713
601 714
597 715
596 716
597 717
601 718
610 719
