639 0
639 1
639 2
639 3
639 4
639 5
639 6
639 7
639 8
639 9
639 10
639 11
639 12
639 13
639 14
639 15
639 16
639 17
639 18
639 19
639 20
639 21
639 22
639 23
639 24
639 25
639 26
639 27
639 28
639 29
639 30
639 31
639 32
639 33
639 34
639 35
639 36
639 37
639 38
639 39
639 40
639 41
639 42
639 43
639 44
639 45
639 46
639 47
639 48
639 49
639 50
639 51
639 52
639 53
639 54
639 55
639 56
639 57
639 58
639 59
639 60
639 61
639 62
639 63
639 64
639 65
639 66
639 67
639 68
639 69
639 70
639 71
639 72
639 73
639 74
639 75
639 76
639 77
639 78
639 79
639 80
639 81
639 82
639 83
639 84
639 85
639 86
639 87
639 88
639 89
639 90
639 91
639 92
641 93
641 94
641 95
642 96
651 97
656 98
661 99
664 100
665 101
667 102
670 103
683 104
690 105
696 106
695 107
698 108
702 109
710 110
716 111
721 112
720 113
722 114
726 115
729 116
738 117
745 118
751 119
748 120
753 121
760 122
767 123
770 124
770 125
772 126
783 127
790 128
788 129
791 130
805 131
810 132
813 133
817 134
826 135
832 136
853 137
869 138
868 139
871 140
872 141
877 142
874 143
876 144
879 145
884 146
888 147
891 148
894 149
896 150
897 151
898 152
903 153
906 154
909 155
910 156
913 157
912 158
914 159
916 160
917 161
921 162
930 163
935 164
936 165
940 166
940 167
945 168
946 169
948 170
948 171
949 172
952 173
956 174
960 175
968 176
981 177
997 178
999 179
1007 180
1009 181
1008 182
1012 183
1010 184
1013 185
1015 186
1015 187
1016 188
1022 189
1025 190
1025 191
1025 192
1041 193
1049 194
1055 195
1056 196
1054 197
1057 198
1068 199
1079 200
1090 201
1105 202
1108 203
1116 204
1120 205
1125 206
1128 207
1132 208
1136 209
1143 210
1153 211
1155 212
1156 213
1155 214
1163 215
1172 216
1170 217
1173 218
1172 219
1174 220
1176 221
1177 222
1184 223
1190 224
1188 225
1189 226
1192 227
1197 228
1199 229
1204 230
1208 231
1208 232
1210 233
1213 234
1224 235
1227 236
1228 237
1227 238
1222 239
1218 240
1228 241
1225 242
1233 243
1258 244
1267 245
1257 246
1104 247
1267 248
1094 249
1271 250
1184 251
1272 252
1183 257
843 261
943 262
1119 263
1235 264
1167 265
1247 266
808 267
902 268
855 269
947 271
1251 276
1253 277
1251 278
961 279
1255 280
1225 284
1256 285
1256 286
1270 301
1270 302
3 306
6 307
11 308
70 309
65 310
61 311
83 312
61 313
57 314
67 315
104 316
69 317
78 318
79 319
79 320
78 321
72 322
68 323
71 324
64 325
85 326
93 327
62 328
63 329
67 330
67 331
70 332
72 333
75 334
78 335
91 336
84 337
87 338
90 339
94 340
159 341
174 342
181 343
192 344
193 345
197 346
205 347
210 348
207 349
209 350
211 351
213 352
215 353
217 354
218 355
220 356
221 357
224 358
228 359
228 360
234 361
237 362
244 363
250 364
253 365
257 366
259 367
261 368
263 369
265 370
267 371
270 372
272 373
274 374
277 375
279 376
284 377
291 378
297 379
306 380
306 381
304 382
310 383
308 384
313 385
309 386
314 387
322 388
320 389
317 390
317 391
312 392
320 393
320 394
316 395
322 396
325 397
326 398
329 399
327 400
329 401
331 402
332 403
339 404
340 405
342 406
341 407
343 408
345 409
343 410
349 411
358 412
358 413
353 414
353 415
354 416
358 417
358 418
358 419
360 420
363 421
366 422
365 423
368 424
371 425
382 426
419 427
437 428
444 429
448 430
452 431
466 432
468 433
481 434
492 435
498 436
508 437
515 438
521 439
519 440
537 441
549 442
547 443
560 444
557 445
556 446
554 447
553 448
557 449
563 450
570 451
573 452
575 453
578 454
573 455
578 456
580 457
581 458
580 459
580 460
581 461
575 462
572 463
575 464
581 465
586 466
589 467
587 468
590 469
594 470
596 471
599 472
602 473
601 474
603 475
599 476
603 477
601 478
598 479
603 480
606 481
605 482
604 483
605 484
604 485
602 486
596 487
599 488
597 489
598 490
598 491
601 492
603 493
603 494
603 495
601 496
602 497
603 498
602 499
604 500
605 501
605 502
606 503
606 504
606 505
606 506
610 507
611 508
611 509
614 510
614 511
614 512
615 513
615 514
617 515
615 516
613 517
615 518
614 519
616 520
616 521
617 522
615 523
616 524
619 525
619 526
617 527
618 528
617 529
618 530
617 531
617 532
615 533
618 534
620 535
621 536
622 537
619 538
622 539
623 540
623 541
623 542
622 543
624 544
624 545
623 546
622 547
624 548
625 549
624 550
624 551
627 552
627 553
626 554
630 555
632 556
634 557
635 558
635 559
634 560
636 561
636 562
636 563
635 564
635 565
637 566
637 567
637 568
637 569
637 570
636 571
638 572
638 573
637 574
636 575
637 576
637 577
637 578
637 579
638 580
636 581
637 582
637 583
637 584
637 585
637 586
636 587
637 588
636 589
636 590
637 591
637 592
636 593
636 594
637 595
637 596
638 597
637 598
636 599
637 600
638 601
638 602
637 603
637 604
638 605
638 606
637 607
637 608
637 609
638 610
638 611
638 612
637 613
638 614
638 615
638 616
637 617
638 618
636 619
638 620
637 621
638 622
638 623
637 624
638 625
637 626
638 627
637 628
638 629
636 630
633 631
630 632
633 633
633 634
630 635
633 636
636 637
637 638
637 639
636 640
636 641
637 642
635 643
635 644
638 645
638 646
638 647
634 648
634 649
633 650
635 651
636 652
637 653
637 654
635 655
634 656
635 657
633 658
636 659
635 660
636 661
633 662
628 663
625 664
623 665
627 666
628 667
628 668
628 669
627 670
621 671
624 672
626 673
624 674
625 675
627 676
625 677
624 678
615 679
618 680
624 681
624 682
619 683
616 684
616 685
621 686
624 687
623 688
625 689
621 690
622 691
615 692
619 693
622 694
615 695
616 696
610 697
605 698
611 699
606 700
616 701
622 702
614 703
611 704
616 705
611 706
602 707
594 708
599 709
606 710
605 711
609 712
596 713
594 714
593 715
593 716
597 717
603 718
613 719
