639 0
639 1
639 2
639 3
639 4
639 5
639 6
639 7
639 8
639 9
639 10
639 11
639 12
639 13
639 14
639 15
639 16
639 17
639 18
639 19
639 20
639 21
639 22
639 23
639 24
639 25
639 26
639 27
639 28
639 29
639 30
639 31
639 32
639 33
639 34
639 35
639 36
639 37
639 38
639 39
639 40
639 41
639 42
639 43
639 44
639 45
639 46
639 47
639 48
639 49
639 50
639 51
639 52
639 53
639 54
639 55
639 56
639 57
639 58
639 59
639 60
639 61
639 62
639 63
639 64
639 65
639 66
639 67
639 68
639 69
639 70
639 71
639 72
639 73
639 74
639 75
639 76
639 77
639 78
639 79
639 80
639 81
639 82
639 83
639 84
639 85
639 86
639 87
639 88
639 89
639 90
639 91
639 92
640 93
642 94
642 95
644 96
651 97
659 98
669 99
671 100
672 101
670 102
674 103
680 104
693 105
700 106
700 107
699 108
704 109
709 110
722 111
724 112
730 113
728 114
728 115
740 116
747 117
749 118
751 119
752 120
755 121
763 122
773 123
771 124
772 125
772 126
779 127
789 128
791 129
794 130
807 131
810 132
815 133
825 134
818 135
831 136
841 137
868 138
871 139
874 140
875 141
876 142
877 143
881 144
880 145
884 146
889 147
891 148
894 149
898 150
898 151
898 152
900 153
905 154
908 155
911 156
912 157
913 158
913 159
914 160
919 161
919 162
927 163
936 164
937 165
939 166
941 167
945 168
947 169
948 170
948 171
949 172
953 173
954 174
961 175
966 176
980 177
993 178
1002 179
1008 180
1009 181
1010 182
1012 183
1013 184
1016 185
1017 186
1018 187
1020 188
1023 189
1027 190
1030 191
1031 192
1041 193
1050 194
1058 195
1058 196
1059 197
1059 198
1069 199
1080 200
1101 201
1106 202
1108 203
1117 204
1122 205
1125 206
1127 207
1130 208
1138 209
1141 210
1150 211
1148 212
1153 213
1156 214
1162 215
1173 216
1176 217
1175 218
1172 219
1177 220
1177 221
1177 222
1182 223
1186 224
1188 225
1189 226
1194 227
1192 228
1197 229
1201 230
1208 231
1212 232
1215 233
1220 234
1224 235
1226 236
1229 237
1235 238
1238 239
1238 240
1251 241
1249 242
1223 243
1205 244
1190 245
1185 246
1258 247
1122 248
1214 249
1264 250
1263 252
785 254
1118 255
1178 256
958 258
1009 259
1037 260
969 261
959 262
959 263
1221 264
1240 269
1223 271
1056 272
1243 274
996 276
1008 277
1271 279
767 284
1095 288
1095 289
1096 291
1096 292
1097 293
1096 294
1083 295
1099 296
1080 303
7 306
6 307
11 308
129 309
41 310
44 311
24 312
27 313
61 314
62 315
40 316
41 317
43 318
57 319
77 320
51 321
52 322
55 323
57 324
57 325
59 326
59 327
61 328
64 329
65 330
67 331
67 332
71 333
76 334
76 335
78 336
82 337
87 338
89 339
95 340
113 341
167 342
187 343
184 344
194 345
200 346
199 347
200 348
204 349
208 350
209 351
212 352
214 353
215 354
216 355
218 356
220 357
220 358
222 359
227 360
231 361
234 362
239 363
248 364
253 365
254 366
258 367
260 368
262 369
263 370
269 371
271 372
273 373
274 374
273 375
281 376
282 377
290 378
290 379
285 380
288 381
292 382
291 383
291 384
295 385
296 386
298 387
307 388
314 389
314 390
315 391
324 392
326 393
331 394
333 395
338 396
342 397
344 398
358 399
368 400
386 401
391 402
393 403
390 404
391 405
395 406
396 407
403 408
411 409
412 410
407 411
404 412
409 413
412 414
412 415
414 416
416 417
410 418
406 419
404 420
410 421
414 422
416 423
425 424
428 425
428 426
425 427
428 428
429 429
431 430
428 431
434 432
432 433
427 434
440 435
450 436
450 437
451 438
463 439
468 440
467 441
489 442
497 443
499 444
507 445
504 446
512 447
520 448
538 449
538 450
538 451
528 452
528 453
529 454
511 455
536 456
541 457
535 458
540 459
546 460
542 461
547 462
554 463
557 464
558 465
565 466
566 467
568 468
572 469
570 470
565 471
562 472
561 473
566 474
565 475
568 476
567 477
570 478
563 479
561 480
565 481
561 482
561 483
568 484
571 485
571 486
571 487
575 488
578 489
580 490
581 491
578 492
575 493
578 494
582 495
579 496
585 497
589 498
591 499
592 500
591 501
591 502
598 503
604 504
603 505
604 506
607 507
607 508
607 509
606 510
605 511
602 512
606 513
604 514
604 515
603 516
605 517
603 518
601 519
600 520
598 521
600 522
603 523
606 524
606 525
605 526
606 527
607 528
606 529
607 530
604 531
603 532
605 533
605 534
603 535
603 536
603 537
603 538
601 539
601 540
603 541
602 542
602 543
598 544
598 545
597 546
598 547
598 548
599 549
599 550
599 551
598 552
600 553
603 554
603 555
599 556
598 557
597 558
597 559
596 560
601 561
601 562
601 563
601 564
600 565
600 566
602 567
602 568
601 569
603 570
600 571
604 572
605 573
604 574
603 575
603 576
607 577
607 578
605 579
603 580
606 581
610 582
608 583
607 584
607 585
608 586
608 587
609 588
609 589
608 590
606 591
609 592
609 593
609 594
609 595
610 596
611 597
612 598
612 599
615 600
616 601
618 602
622 603
621 604
623 605
630 606
628 607
630 608
634 609
635 610
634 611
633 612
631 613
634 614
633 615
634 616
635 617
633 618
634 619
635 620
635 621
635 622
631 623
632 624
633 625
632 626
629 627
632 628
631 629
628 630
626 631
629 632
629 633
631 634
634 635
629 636
628 637
629 638
629 639
627 640
630 641
631 642
629 643
628 644
627 645
630 646
626 647
627 648
630 649
629 650
625 651
631 652
632 653
630 654
624 655
625 656
625 657
622 658
628 659
627 660
625 661
623 662
626 663
627 664
627 665
625 666
624 667
624 668
625 669
622 670
614 671
615 672
619 673
622 674
621 675
616 676
612 677
617 678
621 679
613 680
616 681
616 682
618 683
613 684
605 685
606 686
613 687
609 688
605 689
598 690
609 691
600 692
593 693
594 694
597 695
594 696
593 697
585 698
592 699
597 700
599 701
598 702
593 703
597 704
607 705
592 706
580 707
586 708
605 709
601 710
589 711
593 712
588 713
593 714
588 715
596 716
594 717
588 718
596 719
