639 0
639 1
639 2
639 3
639 4
639 5
639 6
639 7
639 8
639 9
639 10
639 11
639 12
639 13
639 14
639 15
639 16
639 17
639 18
639 19
639 20
639 21
639 22
639 23
639 24
639 25
639 26
639 27
639 28
639 29
639 30
639 31
639 32
639 33
639 34
639 35
639 36
639 37
639 38
639 39
639 40
639 41
639 42
639 43
639 44
639 45
639 46
639 47
639 48
639 49
639 50
639 51
639 52
639 53
639 54
639 55
639 56
639 57
639 58
639 59
639 60
639 61
639 62
639 63
639 64
639 65
639 66
639 67
639 68
639 69
639 70
639 71
639 72
639 73
639 74
639 75
639 76
639 77
639 78
639 79
639 80
639 81
639 82
639 83
639 84
639 85
639 86
639 87
639 88
639 89
639 90
639 91
639 92
642 93
642 94
644 95
647 96
654 97
656 98
662 99
669 100
669 101
667 102
670 103
676 104
691 105
692 106
698 107
700 108
706 109
707 110
715 111
720 112
722 113
724 114
729 115
732 116
740 117
747 118
747 119
746 120
756 121
765 122
769 123
769 124
770 125
776 126
786 127
788 128
789 129
792 130
803 131
810 132
814 133
813 134
822 135
831 136
843 137
867 138
870 139
871 140
874 141
876 142
874 143
876 144
880 145
883 146
888 147
893 148
894 149
895 150
896 151
900 152
903 153
906 154
910 155
909 156
911 157
912 158
914 159
918 160
918 161
917 162
929 163
935 164
937 165
938 166
942 167
942 168
946 169
948 170
948 171
949 172
951 173
954 174
959 175
968 176
982 177
999 178
1000 179
1004 180
1010 181
1011 182
1008 183
1014 184
1015 185
1015 186
1016 187
1018 188
1023 189
1026 190
1024 191
1025 192
1041 193
1050 194
1055 195
1056 196
1055 197
1057 198
1068 199
1074 200
1092 201
1104 202
1108 203
1114 204
1120 205
1124 206
1130 207
1131 208
1140 209
1142 210
1151 211
1156 212
1153 213
1153 214
1167 215
1166 216
1174 217
1175 218
1173 219
1175 220
1174 221
1178 222
1184 223
1188 224
1191 225
1191 226
1194 227
1197 228
1196 229
1208 230
1208 231
1211 232
1219 233
1220 234
1218 235
1208 236
1217 237
1237 238
1197 239
1226 240
1244 241
1241 242
1200 243
1196 244
1262 245
1230 246
1157 247
1247 248
1272 249
1278 250
1278 251
1278 252
736 254
1020 255
902 256
1167 257
1231 258
860 260
1278 261
503 263
1249 264
1227 265
1238 272
1070 282
952 287
952 288
2 305
134 306
9 307
11 308
15 309
20 310
23 311
74 312
60 313
60 314
49 315
40 316
42 317
68 318
92 319
83 320
84 321
72 322
60 323
56 324
58 325
59 326
67 327
103 328
84 329
85 330
75 331
70 332
71 333
81 334
89 335
79 336
84 337
87 338
91 339
96 340
145 341
175 342
182 343
186 344
193 345
197 346
201 347
203 348
206 349
211 350
215 351
215 352
215 353
216 354
218 355
219 356
221 357
222 358
226 359
230 360
231 361
238 362
243 363
247 364
253 365
257 366
259 367
261 368
263 369
263 370
266 371
268 372
271 373
274 374
277 375
278 376
281 377
288 378
292 379
299 380
302 381
307 382
312 383
310 384
312 385
313 386
314 387
314 388
311 389
317 390
317 391
315 392
318 393
320 394
320 395
326 396
321 397
316 398
318 399
327 400
331 401
331 402
332 403
336 404
333 405
334 406
341 407
344 408
344 409
345 410
342 411
344 412
344 413
348 414
358 415
360 416
355 417
356 418
358 419
361 420
362 421
363 422
365 423
369 424
375 425
385 426
402 427
430 428
440 429
444 430
454 431
464 432
473 433
473 434
485 435
493 436
498 437
507 438
511 439
517 440
536 441
545 442
543 443
549 444
553 445
549 446
553 447
566 448
564 449
562 450
560 451
566 452
570 453
575 454
575 455
572 456
577 457
579 458
579 459
580 460
578 461
580 462
581 463
587 464
591 465
589 466
584 467
585 468
588 469
592 470
591 471
593 472
599 473
601 474
602 475
598 476
602 477
602 478
598 479
601 480
598 481
597 482
602 483
602 484
600 485
599 486
598 487
599 488
598 489
596 490
595 491
598 492
598 493
599 494
600 495
602 496
603 497
602 498
603 499
603 500
603 501
603 502
605 503
604 504
604 505
605 506
607 507
609 508
611 509
616 510
616 511
616 512
617 513
615 514
615 515
615 516
614 517
615 518
617 519
615 520
615 521
615 522
616 523
616 524
615 525
617 526
618 527
617 528
620 529
618 530
618 531
618 532
618 533
617 534
618 535
620 536
620 537
623 538
620 539
620 540
623 541
621 542
622 543
623 544
621 545
621 546
623 547
624 548
623 549
623 550
624 551
625 552
627 553
626 554
625 555
628 556
631 557
633 558
633 559
634 560
635 561
637 562
637 563
635 564
635 565
637 566
637 567
637 568
637 569
636 570
636 571
637 572
636 573
637 574
637 575
636 576
638 577
637 578
637 579
636 580
637 581
638 582
637 583
637 584
636 585
636 586
636 587
637 588
638 589
638 590
637 591
637 592
637 593
635 594
637 595
637 596
637 597
637 598
636 599
636 600
636 601
638 602
635 603
638 604
638 605
639 606
637 607
637 608
636 609
638 610
638 611
637 612
637 613
636 614
636 615
637 616
638 617
638 618
637 619
637 620
638 621
638 622
638 623
637 624
637 625
638 626
638 627
636 628
636 629
638 630
637 631
636 632
636 633
633 634
633 635
632 636
633 637
635 638
633 639
633 640
636 641
637 642
636 643
636 644
636 645
638 646
636 647
635 648
636 649
634 650
633 651
634 652
637 653
637 654
634 655
635 656
636 657
634 658
636 659
634 660
630 661
632 662
631 663
630 664
629 665
627 666
625 667
628 668
629 669
627 670
625 671
619 672
626 673
627 674
627 675
628 676
627 677
626 678
616 679
621 680
625 681
618 682
618 683
619 684
617 685
618 686
620 687
616 688
620 689
613 690
615 691
614 692
613 693
613 694
615 695
611 696
608 697
610 698
618 699
615 700
610 701
621 702
618 703
612 704
613 705
600 706
597 707
610 708
616 709
619 710
607 711
600 712
596 713
595 714
594 715
587 716
587 717
591 718
596 719
