639 0
639 1
639 2
639 3
639 4
639 5
639 6
639 7
639 8
639 9
639 10
639 11
639 12
639 13
639 14
639 15
639 16
639 17
639 18
639 19
639 20
639 21
639 22
639 23
639 24
639 25
639 26
639 27
639 28
639 29
639 30
639 31
639 32
639 33
639 34
639 35
639 36
639 37
639 38
639 39
639 40
639 41
639 42
639 43
639 44
639 45
639 46
639 47
639 48
639 49
639 50
639 51
639 52
639 53
639 54
639 55
639 56
639 57
639 58
639 59
639 60
639 61
639 62
639 63
639 64
639 65
639 66
639 67
639 68
639 69
639 70
639 71
639 72
639 73
639 74
639 75
639 76
639 77
639 78
639 79
639 80
639 81
639 82
639 83
639 84
639 85
639 86
639 87
639 88
639 89
639 90
639 91
639 92
642 93
643 94
646 95
645 96
652 97
658 98
660 99
666 100
669 101
667 102
667 103
674 104
690 105
698 106
694 107
698 108
703 109
704 110
715 111
723 112
725 113
727 114
726 115
729 116
740 117
745 118
747 119
752 120
756 121
763 122
769 123
768 124
769 125
775 126
785 127
788 128
790 129
793 130
800 131
808 132
811 133
819 134
821 135
829 136
848 137
867 138
870 139
871 140
874 141
875 142
874 143
877 144
879 145
883 146
889 147
892 148
894 149
898 150
898 151
899 152
903 153
906 154
910 155
910 156
909 157
911 158
913 159
916 160
920 161
924 162
929 163
933 164
936 165
938 166
941 167
944 168
946 169
948 170
948 171
950 172
951 173
955 174
960 175
965 176
982 177
993 178
1000 179
1007 180
1011 181
1010 182
1009 183
1011 184
1014 185
1016 186
1015 187
1016 188
1020 189
1026 190
1024 191
1025 192
1039 193
1051 194
1056 195
1056 196
1055 197
1057 198
1068 199
1076 200
1089 201
1103 202
1107 203
1118 204
1122 205
1125 206
1126 207
1129 208
1140 209
1143 210
1152 211
1150 212
1152 213
1156 214
1162 215
1163 216
1174 217
1177 218
1172 219
1176 220
1175 221
1180 222
1188 223
1189 224
1188 225
1190 226
1194 227
1196 228
1203 229
1206 230
1208 231
1209 232
1214 233
1218 234
1222 235
1224 236
1229 237
1214 238
1197 239
1226 240
1230 241
1216 242
1233 243
1247 244
1257 245
1245 246
1232 247
1192 248
1279 249
1253 250
1275 251
1235 252
1231 253
837 254
683 255
1232 258
843 262
843 263
1016 264
1055 265
1266 266
850 268
1224 269
853 270
853 271
1279 272
1172 279
944 288
1262 295
747 303
0 305
5 306
8 307
9 308
16 309
18 310
24 311
81 312
74 313
86 314
72 315
49 316
63 317
55 318
76 319
71 320
64 321
54 322
67 323
84 324
84 325
59 326
68 327
80 328
80 329
95 330
89 331
82 332
101 333
86 334
83 335
80 336
88 337
92 338
89 339
95 340
148 341
177 342
184 343
190 344
193 345
198 346
200 347
207 348
209 349
210 350
212 351
214 352
215 353
216 354
218 355
219 356
221 357
223 358
234 359
232 360
233 361
236 362
244 363
250 364
252 365
256 366
258 367
261 368
262 369
264 370
267 371
268 372
271 373
273 374
277 375
280 376
282 377
288 378
292 379
292 380
296 381
305 382
308 383
305 384
306 385
310 386
307 387
310 388
312 389
311 390
311 391
309 392
310 393
310 394
316 395
321 396
322 397
323 398
325 399
322 400
323 401
326 402
327 403
334 404
337 405
339 406
341 407
335 408
343 409
344 410
345 411
346 412
346 413
347 414
349 415
355 416
352 417
357 418
357 419
357 420
356 421
358 422
360 423
363 424
374 425
389 426
408 427
434 428
441 429
447 430
455 431
460 432
470 433
481 434
491 435
498 436
502 437
506 438
511 439
515 440
543 441
540 442
536 443
548 444
560 445
571 446
568 447
559 448
565 449
562 450
562 451
563 452
563 453
573 454
571 455
579 456
580 457
580 458
583 459
584 460
583 461
586 462
581 463
585 464
587 465
586 466
583 467
582 468
580 469
589 470
590 471
594 472
600 473
602 474
601 475
602 476
602 477
600 478
595 479
596 480
597 481
598 482
601 483
603 484
603 485
602 486
602 487
600 488
597 489
597 490
599 491
597 492
598 493
600 494
600 495
600 496
602 497
603 498
602 499
603 500
603 501
604 502
607 503
605 504
606 505
606 506
608 507
607 508
609 509
612 510
614 511
615 512
618 513
618 514
617 515
615 516
617 517
616 518
616 519
618 520
617 521
617 522
615 523
614 524
617 525
618 526
617 527
616 528
617 529
617 530
617 531
614 532
614 533
617 534
618 535
620 536
619 537
619 538
621 539
623 540
623 541
623 542
623 543
625 544
622 545
623 546
622 547
623 548
625 549
624 550
625 551
624 552
625 553
626 554
628 555
631 556
632 557
632 558
632 559
634 560
636 561
635 562
635 563
637 564
637 565
637 566
636 567
637 568
637 569
637 570
637 571
637 572
637 573
637 574
634 575
637 576
637 577
637 578
638 579
638 580
638 581
637 582
637 583
637 584
636 585
637 586
635 587
636 588
636 589
636 590
634 591
636 592
637 593
637 594
637 595
636 596
637 597
637 598
635 599
636 600
637 601
637 602
637 603
637 604
636 605
637 606
638 607
637 608
636 609
636 610
638 611
636 612
637 613
638 614
637 615
638 616
637 617
637 618
638 619
637 620
637 621
638 622
636 623
638 624
637 625
637 626
636 627
638 628
637 629
636 630
636 631
635 632
636 633
633 634
633 635
633 636
632 637
636 638
635 639
632 640
635 641
636 642
636 643
635 644
634 645
635 646
636 647
637 648
635 649
636 650
634 651
632 652
633 653
634 654
635 655
635 656
633 657
632 658
630 659
630 660
630 661
632 662
631 663
628 664
627 665
628 666
628 667
629 668
627 669
627 670
623 671
625 672
627 673
626 674
627 675
621 676
621 677
624 678
621 679
622 680
623 681
617 682
621 683
618 684
618 685
624 686
617 687
622 688
621 689
617 690
619 691
617 692
613 693
613 694
614 695
608 696
614 697
612 698
609 699
610 700
616 701
619 702
615 703
614 704
614 705
606 706
611 707
616 708
617 709
610 710
603 711
605 712
599 713
604 714
601 715
588 716
592 717
598 718
596 719
