639 0
639 1
639 2
639 3
639 4
639 5
639 6
639 7
639 8
639 9
639 10
639 11
639 12
639 13
639 14
639 15
639 16
639 17
639 18
639 19
639 20
639 21
639 22
639 23
639 24
639 25
639 26
639 27
639 28
639 29
639 30
639 31
639 32
639 33
639 34
639 35
639 36
639 37
639 38
639 39
639 40
639 41
639 42
639 43
639 44
639 45
639 46
639 47
639 48
639 49
639 50
639 51
639 52
639 53
639 54
639 55
639 56
639 57
639 58
639 59
639 60
639 61
639 62
639 63
639 64
639 65
639 66
639 67
639 68
639 69
639 70
639 71
639 72
639 73
639 74
639 75
639 76
639 77
639 78
639 79
639 80
639 81
639 82
639 83
639 84
639 85
639 86
639 87
639 88
639 89
639 90
639 91
639 92
641 93
642 94
642 95
647 96
653 97
663 98
669 99
669 100
670 101
671 102
671 103
676 104
688 105
694 106
696 107
701 108
706 109
708 110
717 111
722 112
719 113
726 114
728 115
733 116
736 117
743 118
747 119
749 120
756 121
761 122
768 123
768 124
771 125
773 126
788 127
789 128
789 129
793 130
800 131
811 132
814 133
818 134
829 135
833 136
843 137
867 138
868 139
871 140
874 141
875 142
876 143
877 144
880 145
886 146
888 147
890 148
894 149
898 150
898 151
901 152
902 153
906 154
909 155
910 156
912 157
912 158
914 159
915 160
920 161
921 162
927 163
934 164
936 165
938 166
940 167
942 168
946 169
948 170
950 171
950 172
951 173
956 174
961 175
969 176
982 177
996 178
1001 179
1008 180
1008 181
1011 182
1011 183
1012 184
1013 185
1017 186
1018 187
1019 188
1021 189
1025 190
1025 191
1026 192
1041 193
1049 194
1055 195
1056 196
1056 197
1057 198
1063 199
1077 200
1091 201
1100 202
1106 203
1118 204
1121 205
1123 206
1127 207
1131 208
1138 209
1145 210
1147 211
1153 212
1149 213
1152 214
1167 215
1170 216
1171 217
1176 218
1172 219
1177 220
1177 221
1178 222
1184 223
1190 224
1190 225
1190 226
1193 227
1198 228
1201 229
1202 230
1201 231
1207 232
1217 233
1220 234
1216 235
1227 236
1229 237
1214 238
1208 239
1213 240
1224 241
1224 242
1203 243
1175 244
1217 245
1146 246
1213 247
1128 248
676 253
747 254
929 255
1224 256
791 258
855 259
1250 260
1272 262
1142 263
1136 264
1236 265
1278 266
768 268
768 269
852 270
856 272
1259 294
1259 295
1259 296
1 305
2 306
7 307
11 308
15 309
20 310
23 311
75 312
73 313
85 314
85 315
40 316
67 317
83 318
78 319
87 320
85 321
73 322
69 323
77 324
78 325
72 326
79 327
81 328
88 329
113 330
80 331
76 332
72 333
76 334
84 335
81 336
84 337
88 338
90 339
95 340
156 341
177 342
181 343
189 344
197 345
199 346
200 347
204 348
208 349
209 350
212 351
214 352
215 353
216 354
218 355
219 356
220 357
222 358
223 359
228 360
232 361
236 362
245 363
251 364
255 365
257 366
259 367
263 368
262 369
264 370
266 371
269 372
270 373
272 374
274 375
279 376
282 377
287 378
290 379
300 380
302 381
306 382
304 383
306 384
308 385
312 386
318 387
315 388
311 389
311 390
313 391
312 392
312 393
314 394
318 395
316 396
316 397
322 398
318 399
323 400
327 401
330 402
331 403
335 404
333 405
336 406
339 407
344 408
347 409
345 410
343 411
342 412
345 413
347 414
352 415
352 416
353 417
352 418
357 419
358 420
357 421
357 422
360 423
361 424
372 425
385 426
413 427
434 428
440 429
449 430
453 431
454 432
468 433
479 434
488 435
493 436
503 437
502 438
512 439
512 440
530 441
539 442
543 443
550 444
564 445
565 446
567 447
569 448
560 449
557 450
564 451
562 452
567 453
571 454
572 455
576 456
583 457
581 458
583 459
584 460
577 461
578 462
583 463
586 464
590 465
590 466
587 467
583 468
584 469
591 470
591 471
594 472
599 473
601 474
598 475
600 476
602 477
599 478
598 479
597 480
600 481
599 482
602 483
603 484
601 485
599 486
599 487
598 488
599 489
596 490
596 491
598 492
598 493
599 494
600 495
600 496
603 497
603 498
603 499
603 500
604 501
604 502
604 503
605 504
604 505
604 506
605 507
608 508
609 509
611 510
612 511
616 512
617 513
617 514
617 515
616 516
613 517
615 518
613 519
616 520
615 521
616 522
616 523
616 524
618 525
617 526
618 527
618 528
618 529
618 530
618 531
618 532
618 533
620 534
621 535
622 536
619 537
617 538
620 539
622 540
620 541
620 542
623 543
623 544
622 545
623 546
623 547
624 548
623 549
625 550
625 551
625 552
625 553
627 554
628 555
629 556
632 557
633 558
630 559
633 560
634 561
636 562
637 563
637 564
637 565
637 566
635 567
637 568
637 569
637 570
637 571
637 572
637 573
637 574
637 575
637 576
637 577
637 578
637 579
638 580
638 581
638 582
638 583
637 584
637 585
637 586
637 587
637 588
637 589
637 590
637 591
635 592
636 593
635 594
634 595
637 596
637 597
637 598
637 599
638 600
637 601
637 602
637 603
637 604
637 605
638 606
635 607
635 608
638 609
638 610
638 611
638 612
638 613
638 614
639 615
637 616
639 617
638 618
638 619
638 620
637 621
638 622
638 623
637 624
638 625
638 626
638 627
635 628
635 629
636 630
637 631
635 632
636 633
631 634
632 635
635 636
633 637
635 638
635 639
634 640
634 641
636 642
635 643
637 644
636 645
638 646
637 647
634 648
637 649
636 650
635 651
635 652
634 653
634 654
632 655
636 656
636 657
634 658
633 659
633 660
633 661
633 662
625 663
625 664
626 665
627 666
628 667
625 668
625 669
625 670
625 671
624 672
624 673
622 674
623 675
621 676
622 677
622 678
623 679
620 680
625 681
624 682
624 683
622 684
619 685
621 686
627 687
626 688
623 689
623 690
623 691
621 692
615 693
616 694
615 695
616 696
611 697
612 698
616 699
613 700
616 701
617 702
619 703
618 704
617 705
608 706
613 707
618 708
615 709
612 710
611 711
616 712
606 713
599 714
605 715
604 716
592 717
596 718
605 719
