639 0
639 1
639 2
639 3
639 4
639 5
639 6
639 7
639 8
639 9
639 10
639 11
639 12
639 13
639 14
639 15
639 16
639 17
639 18
639 19
639 20
639 21
639 22
639 23
639 24
639 25
639 26
639 27
639 28
639 29
639 30
639 31
639 32
639 33
639 34
639 35
639 36
639 37
639 38
639 39
639 40
639 41
639 42
639 43
639 44
639 45
639 46
639 47
639 48
639 49
639 50
639 51
639 52
639 53
639 54
639 55
639 56
639 57
639 58
639 59
639 60
639 61
639 62
639 63
639 64
639 65
639 66
639 67
639 68
639 69
639 70
639 71
639 72
639 73
639 74
639 75
639 76
639 77
639 78
639 79
639 80
639 81
639 82
639 83
639 84
639 85
639 86
639 87
639 88
639 89
639 90
639 91
639 92
640 93
641 94
642 95
644 96
650 97
661 98
663 99
670 100
667 101
668 102
671 103
679 104
690 105
701 106
700 107
700 108
704 109
710 110
716 111
719 112
730 113
727 114
721 115
727 116
741 117
744 118
744 119
749 120
754 121
761 122
764 123
769 124
772 125
774 126
782 127
785 128
788 129
790 130
796 131
808 132
813 133
819 134
819 135
833 136
849 137
868 138
871 139
870 140
873 141
876 142
876 143
877 144
881 145
884 146
887 147
891 148
893 149
895 150
896 151
900 152
902 153
906 154
909 155
912 156
911 157
913 158
915 159
918 160
918 161
918 162
930 163
934 164
936 165
940 166
942 167
944 168
947 169
948 170
948 171
951 172
954 173
956 174
959 175
962 176
980 177
993 178
1000 179
1006 180
1006 181
1012 182
1012 183
1016 184
1016 185
1017 186
1018 187
1020 188
1026 189
1027 190
1028 191
1026 192
1040 193
1046 194
1054 195
1054 196
1053 197
1057 198
1067 199
1078 200
1089 201
1104 202
1105 203
1115 204
1119 205
1125 206
1126 207
1131 208
1138 209
1145 210
1152 211
1151 212
1155 213
1155 214
1168 215
1172 216
1176 217
1172 218
1171 219
1175 220
1178 221
1178 222
1177 223
1187 224
1190 225
1190 226
1196 227
1198 228
1203 229
1202 230
1205 231
1214 232
1218 233
1218 234
1220 235
1221 236
1221 237
1236 238
1205 239
1212 240
1235 241
1247 242
1242 243
1181 244
1206 245
1233 246
975 247
880 248
1146 250
1029 251
1036 253
862 254
967 255
1228 256
920 258
1228 259
842 260
943 261
1031 263
1203 264
1244 265
1033 266
1215 269
855 272
1200 274
1200 275
998 295
1124 296
927 297
927 298
927 299
1200 303
749 304
250 305
5 306
7 307
11 308
16 309
66 310
97 311
60 312
59 313
60 314
61 315
50 316
42 317
68 318
105 319
70 320
65 321
69 322
77 323
69 324
70 325
71 326
72 327
79 328
76 329
83 330
85 331
88 332
90 333
92 334
104 335
82 336
82 337
88 338
91 339
96 340
146 341
172 342
183 343
188 344
200 345
201 346
201 347
204 348
209 349
212 350
212 351
215 352
217 353
219 354
218 355
219 356
222 357
222 358
229 359
227 360
232 361
237 362
244 363
250 364
253 365
256 366
258 367
262 368
263 369
265 370
267 371
269 372
271 373
274 374
278 375
279 376
282 377
282 378
286 379
296 380
306 381
305 382
306 383
308 384
308 385
309 386
311 387
313 388
307 389
310 390
313 391
313 392
316 393
317 394
317 395
318 396
319 397
324 398
323 399
325 400
325 401
326 402
331 403
330 404
336 405
340 406
339 407
342 408
346 409
345 410
343 411
344 412
346 413
349 414
351 415
357 416
353 417
351 418
354 419
357 420
359 421
362 422
359 423
363 424
364 425
384 426
419 427
428 428
437 429
443 430
447 431
465 432
468 433
482 434
493 435
489 436
495 437
503 438
509 439
518 440
534 441
540 442
554 443
555 444
556 445
558 446
561 447
560 448
565 449
566 450
562 451
564 452
566 453
572 454
574 455
578 456
584 457
585 458
583 459
584 460
580 461
581 462
580 463
586 464
590 465
588 466
587 467
585 468
587 469
586 470
590 471
593 472
595 473
597 474
601 475
601 476
602 477
600 478
594 479
595 480
597 481
596 482
597 483
602 484
602 485
600 486
599 487
600 488
598 489
596 490
596 491
598 492
599 493
600 494
601 495
600 496
604 497
606 498
605 499
606 500
603 501
604 502
604 503
604 504
604 505
605 506
607 507
609 508
609 509
612 510
611 511
612 512
614 513
613 514
613 515
614 516
615 517
616 518
617 519
620 520
615 521
617 522
617 523
617 524
617 525
618 526
620 527
618 528
618 529
618 530
617 531
616 532
617 533
616 534
614 535
618 536
620 537
621 538
621 539
622 540
625 541
622 542
618 543
620 544
623 545
623 546
622 547
623 548
623 549
622 550
620 551
621 552
624 553
626 554
626 555
628 556
633 557
634 558
634 559
633 560
634 561
635 562
636 563
636 564
637 565
637 566
636 567
637 568
637 569
636 570
637 571
637 572
636 573
635 574
635 575
636 576
637 577
636 578
636 579
637 580
638 581
638 582
636 583
636 584
637 585
635 586
636 587
637 588
637 589
637 590
636 591
637 592
636 593
637 594
636 595
637 596
637 597
637 598
636 599
636 600
637 601
637 602
637 603
638 604
638 605
638 606
637 607
637 608
637 609
638 610
638 611
635 612
637 613
637 614
636 615
636 616
638 617
638 618
638 619
635 620
636 621
637 622
636 623
637 624
637 625
639 626
639 627
639 628
637 629
636 630
637 631
637 632
637 633
633 634
633 635
631 636
632 637
633 638
634 639
636 640
638 641
638 642
637 643
635 644
634 645
638 646
638 647
636 648
635 649
636 650
636 651
635 652
634 653
635 654
632 655
635 656
633 657
633 658
635 659
633 660
633 661
632 662
629 663
627 664
629 665
626 666
628 667
629 668
627 669
626 670
628 671
626 672
624 673
629 674
628 675
623 676
627 677
627 678
620 679
625 680
625 681
620 682
617 683
617 684
616 685
619 686
624 687
625 688
624 689
617 690
613 691
621 692
621 693
616 694
618 695
616 696
614 697
607 698
606 699
608 700
610 701
609 702
607 703
612 704
618 705
613 706
611 707
612 708
613 709
613 710
600 711
595 712
596 713
591 714
584 715
586 716
593 717
596 718
601 719
