639 0
639 1
639 2
639 3
639 4
639 5
639 6
639 7
639 8
639 9
639 10
639 11
639 12
639 13
639 14
639 15
639 16
639 17
639 18
639 19
639 20
639 21
639 22
639 23
639 24
639 25
639 26
639 27
639 28
639 29
639 30
639 31
639 32
639 33
639 34
639 35
639 36
639 37
639 38
639 39
639 40
639 41
639 42
639 43
639 44
639 45
639 46
639 47
639 48
639 49
639 50
639 51
639 52
639 53
639 54
639 55
639 56
639 57
639 58
639 59
639 60
639 61
639 62
639 63
639 64
639 65
639 66
639 67
639 68
639 69
639 70
639 71
639 72
639 73
639 74
639 75
639 76
639 77
639 78
639 79
639 80
639 81
639 82
639 83
639 84
639 85
639 86
639 87
639 88
639 89
639 90
639 91
639 92
640 93
642 94
643 95
647 96
651 97
658 98
664 99
670 100
666 101
669 102
667 103
675 104
695 105
705 106
693 107
698 108
705 109
713 110
719 111
720 112
727 113
725 114
722 115
730 116
739 117
740 118
743 119
749 120
758 121
762 122
769 123
769 124
772 125
777 126
785 127
789 128
789 129
793 130
800 131
812 132
812 133
813 134
824 135
825 136
847 137
867 138
870 139
869 140
874 141
876 142
874 143
876 144
880 145
884 146
889 147
893 148
893 149
895 150
897 151
901 152
902 153
906 154
910 155
909 156
911 157
912 158
910 159
917 160
918 161
921 162
928 163
934 164
936 165
939 166
939 167
945 168
948 169
949 170
949 171
950 172
953 173
956 174
963 175
967 176
984 177
997 178
1003 179
1008 180
1010 181
1012 182
1011 183
1012 184
1017 185
1018 186
1017 187
1018 188
1023 189
1024 190
1026 191
1025 192
1041 193
1048 194
1055 195
1055 196
1055 197
1057 198
1069 199
1076 200
1092 201
1105 202
1107 203
1117 204
1122 205
1125 206
1128 207
1131 208
1139 209
1143 210
1148 211
1152 212
1155 213
1159 214
1161 215
1165 216
1177 217
1176 218
1176 219
1173 220
1173 221
1179 222
1190 223
1187 224
1191 225
1191 226
1194 227
1198 228
1202 229
1206 230
1208 231
1205 232
1218 233
1213 234
1202 235
1223 236
1225 237
1225 238
1204 239
1215 240
1232 241
1244 242
1251 243
1240 244
1234 245
1176 246
1167 247
1055 248
1069 249
1199 250
1234 251
1192 252
897 253
923 254
898 255
897 256
897 257
903 258
898 259
874 260
899 261
903 262
903 263
1064 264
903 265
903 266
1233 267
1200 276
1215 279
1215 280
1187 281
1277 285
967 288
967 291
967 292
1135 299
1263 303
1 305
72 306
114 307
81 308
39 309
20 310
94 311
76 312
91 313
77 314
61 315
64 316
85 317
84 318
76 319
50 320
51 321
52 322
63 323
72 324
59 325
59 326
61 327
77 328
64 329
65 330
68 331
95 332
90 333
87 334
78 335
102 336
94 337
86 338
90 339
97 340
157 341
178 342
185 343
188 344
193 345
198 346
202 347
204 348
207 349
210 350
211 351
213 352
215 353
218 354
221 355
222 356
225 357
227 358
225 359
232 360
232 361
236 362
245 363
254 364
253 365
258 366
259 367
262 368
263 369
264 370
267 371
274 372
282 373
286 374
287 375
288 376
291 377
297 378
301 379
300 380
299 381
296 382
302 383
316 384
313 385
316 386
315 387
318 388
320 389
327 390
328 391
326 392
324 393
333 394
339 395
340 396
338 397
339 398
340 399
341 400
343 401
345 402
345 403
349 404
349 405
350 406
350 407
355 408
353 409
354 410
353 411
355 412
358 413
362 414
368 415
372 416
370 417
372 418
376 419
381 420
379 421
380 422
378 423
382 424
384 425
390 426
419 427
438 428
448 429
460 430
465 431
472 432
489 433
496 434
499 435
506 436
504 437
511 438
521 439
524 440
516 441
531 442
548 443
554 444
551 445
557 446
564 447
558 448
572 449
580 450
576 451
573 452
573 453
579 454
577 455
574 456
580 457
579 458
580 459
587 460
586 461
582 462
585 463
586 464
588 465
590 466
586 467
589 468
590 469
593 470
591 471
596 472
594 473
594 474
594 475
597 476
601 477
599 478
601 479
599 480
603 481
602 482
600 483
604 484
604 485
605 486
600 487
604 488
606 489
606 490
605 491
603 492
602 493
599 494
600 495
601 496
601 497
603 498
603 499
603 500
604 501
605 502
602 503
602 504
607 505
608 506
608 507
609 508
610 509
611 510
610 511
614 512
615 513
613 514
613 515
612 516
613 517
614 518
614 519
614 520
616 521
616 522
614 523
614 524
615 525
617 526
616 527
619 528
620 529
620 530
618 531
618 532
619 533
619 534
616 535
616 536
615 537
616 538
618 539
618 540
618 541
618 542
616 543
618 544
619 545
618 546
619 547
618 548
618 549
620 550
620 551
621 552
622 553
624 554
625 555
625 556
628 557
628 558
629 559
634 560
636 561
636 562
636 563
636 564
636 565
636 566
635 567
636 568
637 569
637 570
637 571
636 572
635 573
636 574
635 575
636 576
636 577
637 578
637 579
635 580
636 581
636 582
634 583
635 584
635 585
635 586
635 587
635 588
636 589
636 590
636 591
636 592
636 593
636 594
637 595
637 596
637 597
637 598
637 599
638 600
637 601
637 602
638 603
637 604
638 605
638 606
636 607
634 608
636 609
636 610
636 611
638 612
638 613
636 614
634 615
638 616
638 617
637 618
637 619
636 620
634 621
636 622
635 623
636 624
638 625
638 626
636 627
635 628
636 629
635 630
633 631
632 632
633 633
634 634
634 635
635 636
637 637
637 638
635 639
636 640
635 641
633 642
634 643
635 644
636 645
637 646
636 647
632 648
633 649
635 650
635 651
635 652
635 653
636 654
636 655
629 656
631 657
632 658
634 659
635 660
632 661
630 662
625 663
628 664
625 665
626 666
629 667
630 668
630 669
626 670
623 671
624 672
621 673
624 674
624 675
621 676
622 677
622 678
615 679
624 680
624 681
620 682
618 683
618 684
619 685
618 686
611 687
612 688
618 689
618 690
615 691
613 692
610 693
614 694
616 695
612 696
610 697
605 698
606 699
607 700
614 701
620 702
609 703
604 704
612 705
607 706
603 707
605 708
613 709
613 710
602 711
601 712
588 713
590 714
595 715
576 716
582 717
601 718
605 719
