639 0
639 1
639 2
639 3
639 4
639 5
639 6
639 7
639 8
639 9
639 10
639 11
639 12
639 13
639 14
639 15
639 16
639 17
639 18
639 19
639 20
639 21
639 22
639 23
639 24
639 25
639 26
639 27
639 28
639 29
639 30
639 31
639 32
639 33
639 34
639 35
639 36
639 37
639 38
639 39
639 40
639 41
639 42
639 43
639 44
639 45
639 46
639 47
639 48
639 49
639 50
639 51
639 52
639 53
639 54
639 55
639 56
639 57
639 58
639 59
639 60
639 61
639 62
639 63
639 64
639 65
639 66
639 67
639 68
639 69
639 70
639 71
639 72
639 73
639 74
639 75
639 76
639 77
639 78
639 79
639 80
639 81
639 82
639 83
639 84
639 85
639 86
639 87
639 88
639 89
639 90
639 91
639 92
640 93
641 94
640 95
645 96
653 97
665 98
667 99
671 100
672 101
668 102
668 103
680 104
691 105
693 106
692 107
701 108
708 109
711 110
714 111
721 112
726 113
732 114
731 115
730 116
738 117
745 118
749 119
750 120
758 121
768 122
770 123
769 124
770 125
776 126
789 127
787 128
788 129
792 130
802 131
810 132
811 133
815 134
825 135
833 136
851 137
868 138
867 139
867 140
872 141
874 142
876 143
878 144
880 145
885 146
889 147
894 148
895 149
895 150
896 151
899 152
902 153
904 154
909 155
913 156
912 157
913 158
915 159
916 160
919 161
923 162
929 163
935 164
936 165
940 166
940 167
944 168
946 169
949 170
950 171
950 172
953 173
955 174
963 175
966 176
980 177
995 178
1006 179
1011 180
1011 181
1010 182
1012 183
1014 184
1016 185
1017 186
1017 187
1019 188
1022 189
1024 190
1026 191
1025 192
1039 193
1046 194
1054 195
1055 196
1056 197
1057 198
1070 199
1079 200
1091 201
1101 202
1105 203
1118 204
1123 205
1124 206
1128 207
1131 208
1141 209
1142 210
1153 211
1154 212
1149 213
1149 214
1160 215
1167 216
1170 217
1176 218
1174 219
1172 220
1177 221
1180 222
1186 223
1187 224
1191 225
1191 226
1183 227
1198 228
1201 229
1206 230
1208 231
1211 232
1212 233
1217 234
1224 235
1224 236
1229 237
1235 238
1231 239
1236 240
1220 241
1183 242
1199 243
1249 244
1203 245
1164 246
1183 247
1093 248
1035 249
1027 250
1066 251
978 252
945 253
945 254
1181 256
1059 258
1211 261
1211 262
1252 264
1216 266
1279 270
1279 271
1183 272
848 276
848 277
951 278
946 279
1160 282
1160 283
1216 284
1216 285
1000 286
1066 287
1198 288
865 290
865 291
866 292
867 293
868 294
951 295
977 296
869 297
869 298
870 299
871 300
873 301
873 302
873 303
1 304
1 305
6 306
7 307
12 308
13 309
20 310
23 311
26 312
31 313
32 314
38 315
40 316
43 317
46 318
48 319
49 320
51 321
54 322
72 323
73 324
82 325
60 326
62 327
60 328
63 329
65 330
68 331
90 332
92 333
75 334
77 335
91 336
90 337
85 338
90 339
96 340
151 341
175 342
190 343
193 344
195 345
198 346
203 347
206 348
209 349
210 350
211 351
213 352
215 353
217 354
218 355
219 356
223 357
224 358
223 359
227 360
232 361
240 362
242 363
250 364
258 365
259 366
260 367
263 368
266 369
271 370
277 371
281 372
282 373
281 374
288 375
288 376
285 377
300 378
306 379
313 380
316 381
314 382
321 383
329 384
332 385
334 386
337 387
340 388
344 389
347 390
350 391
348 392
350 393
350 394
354 395
354 396
356 397
358 398
358 399
362 400
363 401
368 402
372 403
371 404
372 405
376 406
380 407
382 408
384 409
386 410
385 411
387 412
390 413
396 414
394 415
403 416
399 417
405 418
404 419
404 420
405 421
406 422
406 423
408 424
411 425
408 426
424 427
439 428
458 429
468 430
468 431
470 432
483 433
488 434
499 435
501 436
513 437
518 438
522 439
524 440
538 441
541 442
553 443
554 444
556 445
559 446
561 447
569 448
582 449
589 450
597 451
597 452
601 453
598 454
588 455
587 456
590 457
587 458
585 459
582 460
588 461
591 462
591 463
588 464
590 465
589 466
597 467
596 468
599 469
601 470
599 471
598 472
602 473
601 474
602 475
603 476
603 477
605 478
605 479
603 480
601 481
605 482
605 483
605 484
608 485
605 486
602 487
605 488
606 489
608 490
606 491
605 492
603 493
603 494
607 495
603 496
604 497
606 498
606 499
606 500
605 501
606 502
606 503
606 504
607 505
609 506
609 507
609 508
611 509
613 510
612 511
614 512
611 513
611 514
611 515
612 516
612 517
612 518
615 519
611 520
613 521
614 522
613 523
614 524
614 525
615 526
616 527
615 528
615 529
615 530
616 531
615 532
613 533
612 534
611 535
613 536
612 537
613 538
613 539
615 540
615 541
614 542
613 543
616 544
615 545
616 546
617 547
618 548
618 549
619 550
619 551
622 552
623 553
623 554
627 555
629 556
630 557
630 558
630 559
631 560
632 561
633 562
633 563
633 564
634 565
634 566
633 567
634 568
635 569
635 570
634 571
633 572
632 573
635 574
635 575
635 576
635 577
636 578
636 579
635 580
635 581
636 582
636 583
636 584
637 585
637 586
636 587
637 588
638 589
638 590
637 591
638 592
638 593
638 594
638 595
637 596
638 597
638 598
638 599
637 600
637 601
636 602
637 603
637 604
638 605
637 606
636 607
634 608
637 609
638 610
637 611
636 612
637 613
636 614
636 615
634 616
637 617
636 618
636 619
636 620
633 621
630 622
633 623
632 624
638 625
638 626
636 627
636 628
637 629
634 630
633 631
635 632
636 633
636 634
636 635
634 636
635 637
636 638
635 639
637 640
637 641
636 642
633 643
636 644
635 645
633 646
629 647
634 648
634 649
633 650
635 651
635 652
634 653
633 654
632 655
632 656
633 657
631 658
630 659
630 660
630 661
630 662
629 663
624 664
623 665
626 666
625 667
624 668
623 669
622 670
614 671
618 672
624 673
625 674
622 675
621 676
624 677
622 678
620 679
624 680
624 681
620 682
619 683
619 684
619 685
622 686
619 687
627 688
623 689
620 690
620 691
617 692
606 693
604 694
614 695
616 696
622 697
617 698
608 699
611 700
617 701
617 702
612 703
613 704
612 705
607 706
602 707
600 708
595 709
594 710
596 711
600 712
597 713
606 714
613 715
614 716
607 717
609 718
611 719
