639 0
639 1
639 2
639 3
639 4
639 5
639 6
639 7
639 8
639 9
639 10
639 11
639 12
639 13
639 14
639 15
639 16
639 17
639 18
639 19
639 20
639 21
639 22
639 23
639 24
639 25
639 26
639 27
639 28
639 29
639 30
639 31
639 32
639 33
639 34
639 35
639 36
639 37
639 38
639 39
639 40
639 41
639 42
639 43
639 44
639 45
639 46
639 47
639 48
639 49
639 50
639 51
639 52
639 53
639 54
639 55
639 56
639 57
639 58
639 59
639 60
639 61
639 62
639 63
639 64
639 65
639 66
639 67
639 68
639 69
639 70
639 71
639 72
639 73
639 74
639 75
639 76
639 77
639 78
639 79
639 80
639 81
639 82
639 83
639 84
639 85
639 86
639 87
639 88
639 89
639 90
639 91
639 92
640 93
641 94
643 95
645 96
654 97
659 98
663 99
669 100
668 101
670 102
671 103
682 104
690 105
697 106
695 107
697 108
705 109
715 110
718 111
720 112
721 113
722 114
725 115
724 116
734 117
742 118
747 119
755 120
756 121
763 122
768 123
767 124
769 125
774 126
785 127
790 128
788 129
790 130
797 131
807 132
814 133
816 134
823 135
833 136
847 137
865 138
866 139
874 140
876 141
875 142
876 143
877 144
879 145
883 146
888 147
892 148
892 149
896 150
896 151
899 152
899 153
905 154
909 155
912 156
911 157
911 158
915 159
918 160
918 161
923 162
929 163
935 164
937 165
940 166
940 167
940 168
946 169
948 170
949 171
950 172
953 173
955 174
963 175
966 176
983 177
997 178
1003 179
1010 180
1012 181
1010 182
1011 183
1011 184
1015 185
1016 186
1019 187
1020 188
1021 189
1025 190
1025 191
1026 192
1040 193
1049 194
1055 195
1056 196
1056 197
1059 198
1068 199
1078 200
1091 201
1102 202
1108 203
1114 204
1121 205
1125 206
1128 207
1132 208
1139 209
1144 210
1153 211
1153 212
1154 213
1154 214
1164 215
1168 216
1170 217
1177 218
1175 219
1176 220
1177 221
1180 222
1189 223
1187 224
1190 225
1191 226
1195 227
1198 228
1201 229
1203 230
1209 231
1207 232
1211 233
1209 234
1222 235
1229 236
1231 237
1237 238
1230 239
1230 240
1246 241
1239 242
1260 243
1250 244
1219 245
1207 246
1192 247
1080 248
948 249
948 250
987 251
1013 252
1052 253
1046 254
1014 255
984 256
955 259
1002 260
993 261
957 262
1018 263
958 264
957 280
855 281
1181 283
1176 284
1003 290
1014 291
1007 292
1007 293
871 294
871 295
962 296
873 297
1003 298
947 299
876 300
876 301
894 302
897 303
177 305
3 306
6 307
12 308
17 309
40 310
43 311
43 312
30 313
32 314
36 315
38 316
43 317
45 318
48 319
50 320
52 321
52 322
53 323
57 324
58 325
60 326
61 327
62 328
64 329
66 330
68 331
69 332
73 333
75 334
78 335
87 336
84 337
97 338
95 339
96 340
158 341
175 342
184 343
193 344
196 345
197 346
203 347
204 348
208 349
212 350
215 351
213 352
215 353
216 354
218 355
223 356
224 357
223 358
224 359
228 360
233 361
238 362
244 363
253 364
260 365
259 366
261 367
262 368
266 369
268 370
272 371
277 372
277 373
276 374
286 375
290 376
293 377
302 378
301 379
295 380
306 381
316 382
317 383
324 384
324 385
328 386
332 387
334 388
340 389
344 390
341 391
343 392
348 393
354 394
352 395
352 396
352 397
354 398
360 399
365 400
364 401
367 402
369 403
369 404
371 405
377 406
378 407
375 408
377 409
382 410
383 411
387 412
391 413
394 414
393 415
395 416
396 417
398 418
398 419
403 420
405 421
405 422
406 423
407 424
405 425
407 426
419 427
444 428
453 429
453 430
452 431
465 432
480 433
481 434
491 435
499 436
511 437
514 438
523 439
521 440
524 441
529 442
534 443
539 444
552 445
559 446
558 447
548 448
571 449
584 450
593 451
591 452
593 453
594 454
598 455
593 456
601 457
592 458
584 459
582 460
580 461
580 462
582 463
587 464
588 465
584 466
588 467
586 468
586 469
594 470
592 471
595 472
599 473
602 474
602 475
602 476
599 477
602 478
599 479
596 480
601 481
602 482
602 483
601 484
604 485
606 486
605 487
604 488
603 489
605 490
606 491
608 492
606 493
605 494
606 495
605 496
603 497
603 498
604 499
606 500
605 501
604 502
606 503
605 504
605 505
605 506
605 507
606 508
606 509
610 510
610 511
609 512
611 513
610 514
610 515
611 516
613 517
613 518
611 519
613 520
613 521
612 522
614 523
614 524
613 525
614 526
614 527
615 528
616 529
614 530
613 531
615 532
615 533
612 534
613 535
613 536
612 537
610 538
611 539
612 540
612 541
612 542
612 543
613 544
614 545
615 546
616 547
616 548
616 549
617 550
618 551
619 552
620 553
622 554
625 555
626 556
626 557
628 558
629 559
630 560
630 561
633 562
634 563
634 564
633 565
634 566
634 567
635 568
636 569
635 570
634 571
633 572
633 573
635 574
635 575
634 576
634 577
636 578
636 579
635 580
635 581
634 582
634 583
635 584
636 585
637 586
637 587
636 588
637 589
637 590
636 591
639 592
638 593
637 594
636 595
636 596
636 597
638 598
637 599
636 600
637 601
636 602
637 603
638 604
638 605
637 606
637 607
634 608
636 609
638 610
638 611
638 612
637 613
637 614
637 615
635 616
636 617
635 618
636 619
636 620
636 621
637 622
632 623
630 624
630 625
635 626
636 627
637 628
636 629
636 630
636 631
636 632
635 633
635 634
635 635
637 636
638 637
637 638
636 639
633 640
631 641
633 642
633 643
633 644
631 645
633 646
634 647
633 648
631 649
631 650
632 651
632 652
633 653
631 654
632 655
632 656
634 657
631 658
631 659
628 660
629 661
629 662
628 663
626 664
629 665
629 666
625 667
624 668
624 669
624 670
620 671
621 672
624 673
623 674
621 675
625 676
626 677
621 678
617 679
620 680
625 681
625 682
624 683
621 684
620 685
618 686
621 687
621 688
617 689
622 690
619 691
621 692
614 693
617 694
616 695
617 696
615 697
614 698
611 699
614 700
622 701
620 702
618 703
611 704
607 705
607 706
603 707
601 708
599 709
598 710
601 711
591 712
592 713
607 714
611 715
607 716
601 717
599 718
600 719
