639 0
639 1
639 2
639 3
639 4
639 5
639 6
639 7
639 8
639 9
639 10
639 11
639 12
639 13
639 14
639 15
639 16
639 17
639 18
639 19
639 20
639 21
639 22
639 23
639 24
639 25
639 26
639 27
639 28
639 29
639 30
639 31
639 32
639 33
639 34
639 35
639 36
639 37
639 38
639 39
639 40
639 41
639 42
639 43
639 44
639 45
639 46
639 47
639 48
639 49
639 50
639 51
639 52
639 53
639 54
639 55
639 56
639 57
639 58
639 59
639 60
639 61
639 62
639 63
639 64
639 65
639 66
639 67
639 68
639 69
639 70
639 71
639 72
639 73
639 74
639 75
639 76
639 77
639 78
639 79
639 80
639 81
639 82
639 83
639 84
639 85
639 86
639 87
639 88
639 89
639 90
639 91
639 92
639 93
641 94
642 95
645 96
655 97
660 98
664 99
669 100
672 101
669 102
666 103
680 104
688 105
700 106
700 107
699 108
707 109
712 110
717 111
722 112
726 113
726 114
723 115
731 116
738 117
746 118
751 119
753 120
759 121
761 122
770 123
772 124
771 125
775 126
786 127
787 128
790 129
794 130
807 131
813 132
814 133
819 134
825 135
831 136
856 137
862 138
866 139
869 140
874 141
875 142
876 143
876 144
878 145
884 146
889 147
893 148
894 149
898 150
898 151
901 152
902 153
905 154
909 155
910 156
910 157
914 158
913 159
916 160
920 161
923 162
925 163
930 164
935 165
939 166
941 167
944 168
947 169
948 170
948 171
951 172
954 173
955 174
961 175
968 176
983 177
995 178
1004 179
1010 180
1011 181
1011 182
1012 183
1013 184
1014 185
1017 186
1018 187
1020 188
1024 189
1027 190
1026 191
1026 192
1043 193
1050 194
1056 195
1056 196
1056 197
1060 198
1067 199
1078 200
1092 201
1105 202
1103 203
1117 204
1121 205
1125 206
1129 207
1132 208
1137 209
1145 210
1149 211
1152 212
1153 213
1149 214
1156 215
1167 216
1177 217
1173 218
1171 219
1172 220
1177 221
1179 222
1187 223
1190 224
1191 225
1192 226
1196 227
1196 228
1200 229
1202 230
1208 231
1208 232
1214 233
1202 234
1214 235
1230 236
1227 237
1229 238
1228 239
1241 240
1226 241
1227 242
1254 243
1248 244
1235 245
1254 246
1265 247
1197 248
947 249
947 250
880 251
814 252
1075 253
951 254
935 255
952 256
998 257
1064 258
1165 259
1176 260
1279 261
1216 263
1264 264
957 265
1235 266
1235 267
1244 268
951 272
993 283
856 284
859 288
859 289
879 296
791 298
875 299
876 300
877 301
878 302
878 303
896 304
587 305
266 306
207 307
99 308
93 309
61 310
58 311
57 312
57 313
33 314
37 315
41 316
43 317
45 318
57 319
49 320
50 321
52 322
55 323
57 324
58 325
60 326
69 327
62 328
64 329
66 330
68 331
69 332
73 333
75 334
77 335
86 336
94 337
112 338
101 339
98 340
157 341
177 342
181 343
191 344
194 345
197 346
200 347
203 348
207 349
211 350
214 351
218 352
215 353
216 354
218 355
219 356
221 357
225 358
224 359
228 360
233 361
237 362
243 363
252 364
253 365
256 366
259 367
260 368
263 369
264 370
268 371
273 372
272 373
274 374
280 375
283 376
289 377
290 378
293 379
297 380
309 381
310 382
307 383
309 384
313 385
321 386
325 387
333 388
331 389
330 390
332 391
344 392
344 393
349 394
350 395
354 396
353 397
355 398
354 399
357 400
360 401
365 402
359 403
359 404
369 405
371 406
371 407
378 408
375 409
376 410
379 411
380 412
385 413
388 414
388 415
391 416
388 417
392 418
396 419
397 420
395 421
404 422
409 423
406 424
407 425
407 426
416 427
429 428
439 429
446 430
454 431
470 432
491 433
495 434
496 435
509 436
510 437
519 438
528 439
524 440
530 441
532 442
542 443
544 444
546 445
556 446
557 447
553 448
563 449
569 450
572 451
577 452
573 453
584 454
576 455
587 456
598 457
601 458
599 459
592 460
591 461
587 462
588 463
586 464
579 465
583 466
581 467
583 468
587 469
590 470
589 471
594 472
593 473
595 474
598 475
599 476
604 477
605 478
597 479
600 480
602 481
602 482
601 483
602 484
604 485
602 486
599 487
604 488
604 489
604 490
604 491
606 492
606 493
604 494
600 495
604 496
603 497
603 498
604 499
603 500
604 501
605 502
604 503
605 504
607 505
606 506
606 507
606 508
606 509
605 510
606 511
609 512
609 513
610 514
611 515
612 516
611 517
610 518
612 519
612 520
611 521
611 522
613 523
614 524
612 525
613 526
615 527
615 528
615 529
615 530
614 531
616 532
616 533
615 534
614 535
614 536
612 537
612 538
612 539
610 540
611 541
613 542
611 543
614 544
612 545
613 546
614 547
613 548
614 549
616 550
616 551
616 552
620 553
622 554
623 555
623 556
623 557
624 558
626 559
628 560
631 561
631 562
631 563
634 564
633 565
633 566
633 567
633 568
635 569
634 570
634 571
635 572
635 573
634 574
633 575
634 576
635 577
635 578
634 579
633 580
634 581
635 582
635 583
636 584
636 585
636 586
636 587
636 588
637 589
638 590
637 591
637 592
637 593
636 594
637 595
638 596
637 597
637 598
637 599
636 600
635 601
637 602
638 603
638 604
637 605
637 606
637 607
637 608
637 609
638 610
638 611
637 612
637 613
636 614
637 615
635 616
637 617
636 618
637 619
637 620
637 621
638 622
635 623
637 624
632 625
630 626
631 627
632 628
634 629
636 630
635 631
635 632
637 633
637 634
635 635
637 636
635 637
632 638
636 639
635 640
636 641
633 642
632 643
634 644
634 645
635 646
633 647
632 648
632 649
632 650
630 651
634 652
634 653
633 654
632 655
633 656
631 657
629 658
631 659
628 660
629 661
629 662
628 663
623 664
627 665
625 666
623 667
623 668
625 669
627 670
622 671
623 672
626 673
623 674
621 675
620 676
620 677
617 678
622 679
615 680
619 681
620 682
619 683
617 684
614 685
621 686
618 687
612 688
616 689
620 690
615 691
618 692
617 693
615 694
617 695
619 696
620 697
608 698
606 699
611 700
614 701
615 702
608 703
604 704
606 705
601 706
609 707
610 708
609 709
605 710
590 711
595 712
595 713
596 714
588 715
589 716
598 717
606 718
610 719
