639 0
639 1
639 2
639 3
639 4
639 5
639 6
639 7
639 8
639 9
639 10
639 11
639 12
639 13
639 14
639 15
639 16
639 17
639 18
639 19
639 20
639 21
639 22
639 23
639 24
639 25
639 26
639 27
639 28
639 29
639 30
639 31
639 32
639 33
639 34
639 35
639 36
639 37
639 38
639 39
639 40
639 41
639 42
639 43
639 44
639 45
639 46
639 47
639 48
639 49
639 50
639 51
639 52
639 53
639 54
639 55
639 56
639 57
639 58
639 59
639 60
639 61
639 62
639 63
639 64
639 65
639 66
639 67
639 68
639 69
639 70
639 71
639 72
639 73
639 74
639 75
639 76
639 77
639 78
639 79
639 80
639 81
639 82
639 83
639 84
639 85
639 86
639 87
639 88
639 89
639 90
639 91
639 92
641 93
640 94
644 95
647 96
651 97
659 98
663 99
675 100
668 101
667 102
668 103
674 104
689 105
694 106
695 107
705 108
704 109
705 110
713 111
729 112
727 113
726 114
729 115
730 116
737 117
747 118
747 119
748 120
756 121
764 122
771 123
768 124
769 125
773 126
785 127
788 128
788 129
789 130
803 131
811 132
814 133
817 134
822 135
836 136
858 137
868 138
869 139
871 140
874 141
873 142
876 143
875 144
880 145
886 146
890 147
892 148
894 149
895 150
898 151
900 152
901 153
908 154
907 155
907 156
912 157
913 158
915 159
916 160
920 161
927 162
929 163
935 164
936 165
939 166
942 167
942 168
947 169
947 170
948 171
950 172
953 173
954 174
961 175
969 176
985 177
998 178
999 179
1009 180
1010 181
1009 182
1012 183
1012 184
1015 185
1017 186
1017 187
1018 188
1023 189
1026 190
1025 191
1024 192
1041 193
1050 194
1054 195
1056 196
1055 197
1059 198
1068 199
1079 200
1095 201
1105 202
1107 203
1115 204
1121 205
1125 206
1128 207
1132 208
1140 209
1143 210
1152 211
1149 212
1145 213
1154 214
1157 215
1171 216
1177 217
1178 218
1173 219
1175 220
1175 221
1177 222
1189 223
1188 224
1188 225
1190 226
1195 227
1197 228
1200 229
1207 230
1207 231
1215 232
1214 233
1212 234
1221 235
1215 236
1213 237
1234 238
1223 239
1223 240
1232 241
1233 242
1236 243
1259 244
1263 245
1265 246
1228 247
1244 248
1272 249
1065 250
1075 251
952 252
921 253
947 254
1019 255
952 256
953 258
1194 259
1195 260
1114 261
959 262
1240 265
1200 266
1243 267
1030 268
1265 275
1214 291
1262 295
871 297
871 298
878 300
878 301
879 302
881 303
881 304
504 305
297 306
224 307
12 308
15 309
19 310
24 311
43 312
30 313
38 314
37 315
40 316
54 317
66 318
47 319
58 320
50 321
52 322
54 323
57 324
58 325
60 326
60 327
77 328
78 329
80 330
67 331
70 332
72 333
75 334
76 335
82 336
89 337
88 338
89 339
98 340
160 341
176 342
186 343
195 344
196 345
196 346
199 347
204 348
207 349
210 350
211 351
215 352
218 353
215 354
219 355
220 356
221 357
222 358
224 359
229 360
235 361
238 362
243 363
251 364
253 365
257 366
263 367
266 368
265 369
269 370
268 371
267 372
274 373
276 374
280 375
285 376
290 377
293 378
296 379
294 380
298 381
300 382
305 383
304 384
309 385
327 386
332 387
334 388
331 389
334 390
337 391
345 392
344 393
352 394
352 395
352 396
354 397
351 398
353 399
355 400
359 401
359 402
357 403
358 404
358 405
362 406
371 407
372 408
375 409
375 410
379 411
386 412
389 413
386 414
387 415
393 416
389 417
391 418
394 419
396 420
401 421
401 422
402 423
407 424
404 425
410 426
408 427
421 428
434 429
445 430
454 431
458 432
475 433
489 434
492 435
499 436
509 437
514 438
518 439
523 440
532 441
543 442
547 443
550 444
545 445
559 446
559 447
557 448
560 449
564 450
563 451
574 452
579 453
588 454
591 455
592 456
593 457
602 458
602 459
601 460
594 461
587 462
576 463
583 464
586 465
582 466
577 467
582 468
583 469
588 470
590 471
590 472
591 473
590 474
592 475
592 476
595 477
602 478
599 479
600 480
598 481
601 482
599 483
599 484
602 485
601 486
601 487
605 488
606 489
606 490
606 491
604 492
605 493
604 494
605 495
603 496
601 497
603 498
603 499
609 500
605 501
604 502
605 503
604 504
606 505
604 506
606 507
606 508
606 509
606 510
608 511
607 512
610 513
610 514
609 515
613 516
614 517
614 518
613 519
612 520
614 521
612 522
611 523
613 524
615 525
614 526
613 527
614 528
614 529
615 530
615 531
614 532
615 533
614 534
613 535
613 536
611 537
611 538
611 539
611 540
611 541
611 542
610 543
610 544
613 545
614 546
614 547
615 548
615 549
615 550
615 551
618 552
618 553
619 554
621 555
621 556
622 557
624 558
625 559
627 560
629 561
630 562
631 563
632 564
633 565
633 566
632 567
631 568
632 569
633 570
633 571
633 572
634 573
634 574
635 575
633 576
634 577
635 578
634 579
635 580
635 581
637 582
634 583
637 584
636 585
636 586
635 587
634 588
636 589
636 590
635 591
635 592
637 593
637 594
637 595
637 596
637 597
638 598
637 599
636 600
637 601
638 602
638 603
638 604
638 605
637 606
636 607
633 608
638 609
637 610
637 611
638 612
638 613
637 614
636 615
636 616
637 617
637 618
638 619
636 620
635 621
636 622
634 623
634 624
637 625
632 626
631 627
629 628
635 629
636 630
636 631
636 632
636 633
636 634
635 635
636 636
635 637
636 638
635 639
634 640
637 641
634 642
632 643
634 644
635 645
635 646
630 647
635 648
635 649
633 650
631 651
632 652
634 653
633 654
631 655
629 656
633 657
632 658
630 659
634 660
632 661
629 662
627 663
628 664
626 665
625 666
626 667
623 668
622 669
623 670
620 671
619 672
623 673
625 674
627 675
623 676
618 677
619 678
620 679
618 680
623 681
618 682
620 683
624 684
623 685
621 686
618 687
618 688
620 689
618 690
618 691
620 692
613 693
616 694
612 695
612 696
610 697
610 698
614 699
612 700
619 701
621 702
612 703
609 704
605 705
605 706
605 707
602 708
611 709
611 710
595 711
591 712
594 713
597 714
608 715
604 716
601 717
609 718
610 719
