639 0
639 1
639 2
639 3
639 4
639 5
639 6
639 7
639 8
639 9
639 10
639 11
639 12
639 13
639 14
639 15
639 16
639 17
639 18
639 19
639 20
639 21
639 22
639 23
639 24
639 25
639 26
639 27
639 28
639 29
639 30
639 31
639 32
639 33
639 34
639 35
639 36
639 37
639 38
639 39
639 40
639 41
639 42
639 43
639 44
639 45
639 46
639 47
639 48
639 49
639 50
639 51
639 52
639 53
639 54
639 55
639 56
639 57
639 58
639 59
639 60
639 61
639 62
639 63
639 64
639 65
639 66
639 67
639 68
639 69
639 70
639 71
639 72
639 73
639 74
639 75
639 76
639 77
639 78
639 79
639 80
639 81
639 82
639 83
639 84
639 85
639 86
639 87
639 88
639 89
639 90
639 91
639 92
641 93
642 94
644 95
648 96
648 97
661 98
663 99
666 100
668 101
668 102
670 103
679 104
687 105
694 106
701 107
701 108
705 109
711 110
723 111
722 112
722 113
726 114
722 115
730 116
739 117
740 118
746 119
750 120
758 121
765 122
767 123
769 124
770 125
773 126
784 127
788 128
789 129
791 130
805 131
807 132
813 133
823 134
826 135
834 136
846 137
865 138
865 139
873 140
875 141
873 142
876 143
875 144
881 145
886 146
890 147
893 148
894 149
898 150
898 151
901 152
902 153
906 154
909 155
909 156
912 157
913 158
914 159
916 160
917 161
923 162
928 163
936 164
937 165
938 166
940 167
943 168
945 169
947 170
949 171
950 172
952 173
955 174
963 175
966 176
979 177
991 178
999 179
1009 180
1011 181
1011 182
1011 183
1013 184
1016 185
1017 186
1020 187
1022 188
1022 189
1025 190
1026 191
1025 192
1040 193
1051 194
1056 195
1056 196
1055 197
1060 198
1070 199
1076 200
1092 201
1104 202
1107 203
1114 204
1119 205
1122 206
1128 207
1130 208
1138 209
1145 210
1153 211
1154 212
1155 213
1156 214
1165 215
1172 216
1173 217
1173 218
1172 219
1176 220
1177 221
1180 222
1187 223
1185 224
1189 225
1191 226
1194 227
1198 228
1204 229
1208 230
1206 231
1208 232
1213 233
1210 234
1222 235
1225 236
1229 237
1235 238
1233 239
1242 240
1249 241
1248 242
1239 243
1252 244
1245 245
1149 246
1107 247
940 248
1167 249
1273 250
1279 251
976 252
953 253
955 254
974 255
1040 256
954 257
804 258
1035 259
1208 268
1264 274
1075 277
1279 285
862 291
926 297
836 298
879 299
880 300
949 301
880 302
880 303
883 304
296 305
239 306
170 307
11 308
93 309
78 310
23 311
28 312
30 313
33 314
36 315
39 316
42 317
46 318
47 319
47 320
51 321
53 322
54 323
56 324
58 325
59 326
68 327
63 328
64 329
66 330
67 331
70 332
72 333
87 334
84 335
85 336
83 337
89 338
100 339
100 340
157 341
173 342
183 343
189 344
195 345
196 346
200 347
203 348
207 349
209 350
212 351
215 352
215 353
217 354
217 355
221 356
221 357
224 358
230 359
230 360
235 361
237 362
242 363
250 364
254 365
257 366
262 367
261 368
263 369
265 370
266 371
269 372
273 373
274 374
285 375
283 376
289 377
291 378
289 379
290 380
289 381
294 382
298 383
309 384
303 385
312 386
326 387
332 388
338 389
333 390
337 391
341 392
342 393
347 394
352 395
352 396
353 397
352 398
355 399
353 400
356 401
358 402
356 403
360 404
361 405
369 406
374 407
375 408
375 409
374 410
378 411
382 412
385 413
383 414
385 415
389 416
393 417
391 418
392 419
397 420
399 421
402 422
401 423
405 424
407 425
409 426
410 427
420 428
433 429
436 430
450 431
461 432
480 433
492 434
498 435
499 436
508 437
513 438
513 439
522 440
528 441
532 442
532 443
547 444
544 445
544 446
552 447
553 448
563 449
564 450
566 451
566 452
575 453
583 454
592 455
600 456
601 457
600 458
601 459
597 460
587 461
579 462
583 463
580 464
584 465
581 466
583 467
583 468
580 469
579 470
582 471
591 472
593 473
592 474
592 475
596 476
598 477
600 478
601 479
603 480
602 481
602 482
602 483
602 484
603 485
603 486
603 487
603 488
603 489
603 490
602 491
604 492
604 493
605 494
603 495
604 496
606 497
606 498
606 499
603 500
602 501
602 502
603 503
602 504
604 505
605 506
606 507
606 508
606 509
606 510
606 511
607 512
607 513
607 514
607 515
610 516
610 517
610 518
611 519
611 520
610 521
610 522
611 523
610 524
612 525
614 526
615 527
614 528
614 529
613 530
614 531
615 532
614 533
614 534
612 535
611 536
611 537
611 538
611 539
609 540
609 541
610 542
611 543
609 544
611 545
612 546
613 547
613 548
614 549
615 550
615 551
617 552
616 553
618 554
621 555
622 556
622 557
623 558
622 559
625 560
629 561
630 562
632 563
634 564
633 565
633 566
634 567
634 568
634 569
634 570
634 571
633 572
635 573
634 574
635 575
634 576
635 577
635 578
633 579
633 580
635 581
634 582
634 583
635 584
635 585
635 586
634 587
635 588
635 589
633 590
635 591
637 592
636 593
637 594
638 595
638 596
638 597
637 598
636 599
635 600
638 601
637 602
637 603
637 604
638 605
638 606
636 607
634 608
637 609
638 610
638 611
637 612
638 613
639 614
637 615
636 616
637 617
637 618
636 619
636 620
637 621
636 622
636 623
635 624
635 625
631 626
630 627
628 628
628 629
634 630
636 631
636 632
636 633
636 634
637 635
637 636
635 637
634 638
634 639
635 640
636 641
636 642
633 643
632 644
630 645
632 646
632 647
630 648
632 649
633 650
634 651
634 652
631 653
632 654
628 655
629 656
630 657
630 658
628 659
631 660
631 661
631 662
627 663
623 664
626 665
627 666
624 667
621 668
623 669
626 670
624 671
619 672
622 673
624 674
622 675
619 676
620 677
617 678
612 679
614 680
623 681
625 682
619 683
621 684
616 685
615 686
616 687
613 688
613 689
611 690
620 691
613 692
599 693
609 694
615 695
608 696
618 697
615 698
617 699
618 700
615 701
614 702
613 703
611 704
607 705
607 706
609 707
606 708
606 709
606 710
599 711
593 712
592 713
595 714
595 715
590 716
602 717
602 718
610 719
