639 0
639 1
639 2
639 3
639 4
639 5
639 6
639 7
639 8
639 9
639 10
639 11
639 12
639 13
639 14
639 15
639 16
639 17
639 18
639 19
639 20
639 21
639 22
639 23
639 24
639 25
639 26
639 27
639 28
639 29
639 30
639 31
639 32
639 33
639 34
639 35
639 36
639 37
639 38
639 39
639 40
639 41
639 42
639 43
639 44
639 45
639 46
639 47
639 48
639 49
639 50
639 51
639 52
639 53
639 54
639 55
639 56
639 57
639 58
639 59
639 60
639 61
639 62
639 63
639 64
639 65
639 66
639 67
639 68
639 69
639 70
639 71
639 72
639 73
639 74
639 75
639 76
639 77
639 78
639 79
639 80
639 81
639 82
639 83
639 84
639 85
639 86
639 87
639 88
639 89
639 90
639 91
639 92
640 93
642 94
643 95
642 96
653 97
655 98
661 99
672 100
671 101
669 102
673 103
680 104
690 105
700 106
700 107
702 108
704 109
717 110
717 111
722 112
726 113
729 114
737 115
733 116
739 117
746 118
754 119
755 120
756 121
767 122
770 123
770 124
772 125
776 126
784 127
790 128
791 129
795 130
805 131
810 132
816 133
824 134
821 135
832 136
844 137
868 138
871 139
871 140
876 141
876 142
876 143
875 144
879 145
884 146
887 147
891 148
893 149
897 150
896 151
900 152
902 153
906 154
909 155
911 156
911 157
912 158
915 159
918 160
918 161
919 162
926 163
936 164
936 165
937 166
942 167
944 168
946 169
948 170
948 171
949 172
952 173
954 174
961 175
965 176
981 177
995 178
1004 179
1009 180
1011 181
1011 182
1012 183
1017 184
1016 185
1019 186
1019 187
1021 188
1021 189
1025 190
1028 191
1026 192
1036 193
1048 194
1057 195
1060 196
1059 197
1060 198
1072 199
1077 200
1093 201
1109 202
1111 203
1112 204
1115 205
1124 206
1128 207
1130 208
1136 209
1142 210
1153 211
1155 212
1155 213
1156 214
1155 215
1171 216
1174 217
1178 218
1172 219
1173 220
1175 221
1178 222
1181 223
1188 224
1187 225
1192 226
1196 227
1197 228
1201 229
1204 230
1206 231
1204 232
1214 233
1214 234
1223 235
1228 236
1228 237
1231 238
1220 239
1240 240
1245 241
1251 242
1255 243
1246 244
1262 245
1231 246
1096 247
1198 248
1158 249
1088 250
1139 251
1019 252
981 253
975 254
980 255
1022 256
1124 257
1190 259
1191 260
1049 263
1222 265
994 266
995 267
1107 268
992 270
985 271
1046 272
1060 280
968 286
976 295
1110 296
1127 298
1041 302
1138 304
1038 305
535 306
308 307
7 308
43 309
19 310
23 311
47 312
29 313
30 314
33 315
39 316
42 317
44 318
46 319
58 320
50 321
75 322
78 323
64 324
58 325
59 326
63 327
78 328
64 329
66 330
68 331
67 332
70 333
71 334
77 335
78 336
84 337
86 338
86 339
90 340
127 341
171 342
176 343
184 344
192 345
195 346
199 347
203 348
206 349
209 350
209 351
213 352
215 353
216 354
221 355
219 356
219 357
222 358
222 359
226 360
227 361
237 362
239 363
250 364
252 365
253 366
257 367
257 368
262 369
263 370
265 371
268 372
270 373
272 374
274 375
277 376
279 377
282 378
283 379
288 380
293 381
292 382
292 383
294 384
297 385
299 386
301 387
302 388
302 389
305 390
306 391
312 392
313 393
313 394
313 395
316 396
317 397
321 398
323 399
327 400
331 401
339 402
349 403
346 404
345 405
350 406
356 407
370 408
365 409
363 410
371 411
371 412
378 413
381 414
395 415
404 416
404 417
403 418
403 419
403 420
413 421
421 422
424 423
426 424
426 425
415 426
417 427
424 428
422 429
420 430
421 431
423 432
420 433
418 434
421 435
422 436
430 437
444 438
451 439
468 440
474 441
475 442
475 443
484 444
496 445
498 446
512 447
492 448
497 449
507 450
507 451
501 452
497 453
507 454
495 455
520 456
520 457
518 458
509 459
510 460
517 461
526 462
526 463
530 464
532 465
531 466
530 467
534 468
528 469
534 470
535 471
535 472
534 473
538 474
537 475
536 476
538 477
546 478
561 479
556 480
558 481
555 482
558 483
560 484
562 485
563 486
562 487
562 488
562 489
561 490
563 491
565 492
568 493
569 494
567 495
569 496
572 497
573 498
569 499
570 500
570 501
571 502
572 503
571 504
569 505
569 506
572 507
577 508
578 509
580 510
587 511
589 512
595 513
598 514
599 515
596 516
601 517
604 518
599 519
600 520
602 521
600 522
597 523
598 524
598 525
600 526
601 527
597 528
595 529
600 530
601 531
600 532
604 533
604 534
604 535
602 536
602 537
602 538
602 539
603 540
602 541
603 542
604 543
602 544
601 545
601 546
600 547
601 548
602 549
602 550
598 551
601 552
601 553
601 554
600 555
600 556
599 557
598 558
599 559
597 560
598 561
600 562
599 563
597 564
598 565
593 566
595 567
595 568
593 569
597 570
595 571
591 572
596 573
596 574
598 575
597 576
597 577
597 578
598 579
598 580
599 581
598 582
600 583
595 584
596 585
599 586
603 587
606 588
604 589
602 590
603 591
602 592
604 593
602 594
602 595
604 596
607 597
605 598
603 599
604 600
605 601
604 602
607 603
611 604
612 605
608 606
612 607
612 608
617 609
617 610
616 611
621 612
621 613
619 614
622 615
627 616
630 617
632 618
632 619
631 620
632 621
633 622
633 623
631 624
633 625
633 626
631 627
630 628
630 629
631 630
630 631
632 632
633 633
627 634
625 635
626 636
628 637
626 638
624 639
627 640
629 641
627 642
621 643
620 644
628 645
627 646
623 647
620 648
621 649
623 650
626 651
626 652
628 653
629 654
623 655
621 656
625 657
626 658
628 659
624 660
620 661
621 662
620 663
617 664
620 665
624 666
624 667
619 668
621 669
626 670
620 671
622 672
618 673
619 674
622 675
619 676
621 677
621 678
618 679
623 680
621 681
615 682
610 683
604 684
604 685
603 686
608 687
608 688
612 689
611 690
603 691
601 692
604 693
609 694
611 695
602 696
609 697
604 698
600 699
602 700
601 701
603 702
601 703
593 704
585 705
582 706
584 707
598 708
602 709
596 710
583 711
575 712
571 713
572 714
579 715
582 716
584 717
595 718
593 719
