639 0
639 1
639 2
639 3
639 4
639 5
639 6
639 7
639 8
639 9
639 10
639 11
639 12
639 13
639 14
639 15
639 16
639 17
639 18
639 19
639 20
639 21
639 22
639 23
639 24
639 25
639 26
639 27
639 28
639 29
639 30
639 31
639 32
639 33
639 34
639 35
639 36
639 37
639 38
639 39
639 40
639 41
639 42
639 43
639 44
639 45
639 46
639 47
639 48
639 49
639 50
639 51
639 52
639 53
639 54
639 55
639 56
639 57
639 58
639 59
639 60
639 61
639 62
639 63
639 64
639 65
639 66
639 67
639 68
639 69
639 70
639 71
639 72
639 73
639 74
639 75
639 76
639 77
639 78
639 79
639 80
639 81
639 82
639 83
639 84
639 85
639 86
639 87
639 88
639 89
639 90
639 91
639 92
640 93
642 94
643 95
647 96
651 97
658 98
665 99
670 100
670 101
668 102
670 103
681 104
690 105
693 106
694 107
698 108
703 109
710 110
721 111
723 112
727 113
728 114
724 115
731 116
738 117
746 118
747 119
751 120
756 121
760 122
767 123
770 124
771 125
773 126
785 127
790 128
789 129
792 130
795 131
811 132
816 133
816 134
822 135
837 136
848 137
864 138
872 139
872 140
874 141
875 142
877 143
878 144
880 145
884 146
889 147
891 148
894 149
895 150
898 151
900 152
902 153
906 154
908 155
911 156
912 157
913 158
915 159
917 160
922 161
921 162
929 163
932 164
934 165
939 166
941 167
943 168
946 169
947 170
948 171
950 172
951 173
955 174
962 175
967 176
978 177
994 178
1004 179
1009 180
1010 181
1011 182
1011 183
1012 184
1014 185
1016 186
1016 187
1019 188
1023 189
1026 190
1025 191
1027 192
1040 193
1048 194
1055 195
1056 196
1054 197
1058 198
1068 199
1077 200
1093 201
1105 202
1109 203
1113 204
1122 205
1125 206
1128 207
1129 208
1138 209
1142 210
1151 211
1151 212
1152 213
1153 214
1163 215
1169 216
1174 217
1179 218
1176 219
1176 220
1177 221
1180 222
1187 223
1184 224
1188 225
1191 226
1193 227
1197 228
1201 229
1202 230
1198 231
1203 232
1212 233
1221 234
1221 235
1222 236
1227 237
1231 238
1233 239
1230 240
1237 241
1238 242
1237 243
1238 244
1250 245
1254 246
1211 247
1039 248
1255 251
935 252
982 253
1033 254
914 255
1006 256
955 258
945 259
1030 260
1219 261
1239 264
1228 266
1226 267
1208 268
960 269
1250 271
1200 276
1261 278
1255 280
1027 293
878 295
925 301
879 302
879 303
879 304
882 305
317 306
174 307
93 308
66 309
81 310
44 311
62 312
30 313
32 314
38 315
41 316
42 317
43 318
54 319
49 320
51 321
53 322
54 323
57 324
58 325
60 326
61 327
62 328
85 329
87 330
68 331
70 332
73 333
76 334
78 335
80 336
83 337
94 338
92 339
95 340
157 341
173 342
189 343
190 344
194 345
197 346
200 347
203 348
206 349
209 350
213 351
222 352
220 353
221 354
221 355
219 356
222 357
225 358
227 359
230 360
232 361
238 362
243 363
250 364
254 365
256 366
259 367
261 368
262 369
265 370
267 371
271 372
272 373
278 374
280 375
282 376
281 377
287 378
290 379
294 380
302 381
305 382
306 383
315 384
313 385
315 386
314 387
328 388
336 389
337 390
335 391
345 392
341 393
346 394
348 395
350 396
348 397
347 398
350 399
354 400
352 401
357 402
358 403
359 404
361 405
367 406
367 407
370 408
370 409
373 410
375 411
376 412
385 413
385 414
389 415
388 416
387 417
388 418
389 419
393 420
394 421
396 422
398 423
406 424
405 425
407 426
410 427
420 428
434 429
436 430
440 431
457 432
471 433
483 434
495 435
501 436
508 437
512 438
517 439
528 440
542 441
545 442
548 443
536 444
545 445
551 446
555 447
559 448
558 449
565 450
564 451
562 452
567 453
570 454
577 455
590 456
595 457
601 458
597 459
597 460
595 461
589 462
587 463
586 464
587 465
586 466
580 467
585 468
584 469
586 470
585 471
589 472
589 473
587 474
589 475
593 476
600 477
604 478
599 479
600 480
603 481
603 482
601 483
602 484
603 485
603 486
603 487
603 488
603 489
605 490
606 491
607 492
606 493
604 494
604 495
604 496
606 497
605 498
604 499
604 500
605 501
604 502
603 503
604 504
605 505
605 506
603 507
606 508
606 509
606 510
606 511
608 512
607 513
610 514
612 515
612 516
613 517
613 518
612 519
611 520
612 521
612 522
614 523
612 524
612 525
614 526
613 527
614 528
614 529
614 530
613 531
614 532
614 533
615 534
613 535
614 536
612 537
611 538
611 539
612 540
611 541
611 542
614 543
610 544
613 545
613 546
614 547
615 548
616 549
616 550
615 551
617 552
619 553
619 554
619 555
621 556
620 557
624 558
625 559
627 560
628 561
627 562
629 563
632 564
633 565
634 566
632 567
633 568
632 569
633 570
634 571
634 572
635 573
634 574
634 575
633 576
632 577
634 578
635 579
634 580
635 581
636 582
635 583
635 584
635 585
635 586
633 587
635 588
637 589
637 590
636 591
638 592
636 593
638 594
638 595
636 596
637 597
637 598
638 599
636 600
637 601
637 602
637 603
638 604
638 605
638 606
637 607
636 608
637 609
637 610
637 611
637 612
637 613
638 614
637 615
636 616
637 617
636 618
636 619
636 620
635 621
636 622
636 623
635 624
637 625
634 626
630 627
628 628
627 629
634 630
635 631
636 632
636 633
636 634
633 635
633 636
635 637
635 638
634 639
636 640
636 641
635 642
634 643
634 644
631 645
634 646
634 647
631 648
633 649
634 650
633 651
629 652
629 653
632 654
632 655
632 656
630 657
631 658
633 659
631 660
627 661
632 662
628 663
625 664
628 665
628 666
626 667
623 668
624 669
626 670
620 671
618 672
627 673
625 674
623 675
624 676
620 677
616 678
620 679
620 680
618 681
622 682
622 683
621 684
622 685
622 686
616 687
614 688
611 689
613 690
616 691
618 692
620 693
621 694
620 695
616 696
609 697
610 698
613 699
616 700
617 701
617 702
606 703
608 704
612 705
611 706
609 707
605 708
603 709
606 710
597 711
590 712
596 713
603 714
603 715
594 716
599 717
606 718
611 719
