639 0
639 1
639 2
639 3
639 4
639 5
639 6
639 7
639 8
639 9
639 10
639 11
639 12
639 13
639 14
639 15
639 16
639 17
639 18
639 19
639 20
639 21
639 22
639 23
639 24
639 25
639 26
639 27
639 28
639 29
639 30
639 31
639 32
639 33
639 34
639 35
639 36
639 37
639 38
639 39
639 40
639 41
639 42
639 43
639 44
639 45
639 46
639 47
639 48
639 49
639 50
639 51
639 52
639 53
639 54
639 55
639 56
639 57
639 58
639 59
639 60
639 61
639 62
639 63
639 64
639 65
639 66
639 67
639 68
639 69
639 70
639 71
639 72
639 73
639 74
639 75
639 76
639 77
639 78
639 79
639 80
639 81
639 82
639 83
639 84
639 85
639 86
639 87
639 88
639 89
639 90
639 91
639 92
641 93
642 94
643 95
649 96
651 97
661 98
664 99
668 100
671 101
666 102
671 103
679 104
690 105
697 106
697 107
701 108
702 109
709 110
719 111
722 112
728 113
726 114
725 115
727 116
732 117
741 118
751 119
753 120
758 121
765 122
770 123
769 124
771 125
774 126
784 127
788 128
789 129
793 130
802 131
811 132
816 133
818 134
826 135
834 136
849 137
864 138
869 139
873 140
875 141
876 142
873 143
878 144
881 145
885 146
889 147
892 148
893 149
898 150
898 151
901 152
901 153
905 154
908 155
908 156
911 157
914 158
914 159
918 160
919 161
923 162
928 163
935 164
937 165
941 166
941 167
943 168
947 169
948 170
948 171
949 172
951 173
955 174
962 175
966 176
981 177
999 178
1003 179
1009 180
1011 181
1011 182
1012 183
1015 184
1015 185
1015 186
1016 187
1018 188
1021 189
1025 190
1026 191
1025 192
1042 193
1047 194
1055 195
1056 196
1056 197
1059 198
1068 199
1075 200
1092 201
1108 202
1106 203
1116 204
1121 205
1124 206
1129 207
1131 208
1139 209
1143 210
1151 211
1151 212
1154 213
1156 214
1163 215
1164 216
1176 217
1176 218
1173 219
1175 220
1176 221
1179 222
1181 223
1188 224
1187 225
1189 226
1195 227
1199 228
1202 229
1205 230
1204 231
1206 232
1213 233
1221 234
1222 235
1225 236
1225 237
1223 238
1222 239
1217 240
1238 241
1225 242
1246 243
1259 244
1231 245
1227 246
1263 247
1155 248
1230 249
1163 250
1113 251
1076 252
998 253
980 254
1025 255
952 256
953 257
1009 258
786 259
1020 260
960 261
1116 262
1087 263
1243 265
1234 266
1094 267
1094 268
1271 269
1257 277
1036 285
1232 288
1237 290
1028 293
879 295
1010 296
880 300
879 302
879 303
880 304
629 305
296 306
191 307
187 308
116 309
19 310
23 311
28 312
30 313
35 314
37 315
41 316
41 317
43 318
57 319
49 320
70 321
70 322
55 323
57 324
59 325
59 326
61 327
62 328
78 329
80 330
75 331
71 332
71 333
75 334
77 335
81 336
83 337
87 338
95 339
106 340
154 341
172 342
182 343
190 344
194 345
197 346
201 347
203 348
207 349
209 350
215 351
213 352
215 353
218 354
221 355
222 356
225 357
225 358
228 359
227 360
236 361
239 362
243 363
249 364
253 365
256 366
259 367
260 368
262 369
268 370
271 371
275 372
275 373
274 374
275 375
285 376
283 377
288 378
292 379
296 380
301 381
302 382
300 383
309 384
314 385
312 386
312 387
320 388
331 389
333 390
337 391
341 392
343 393
346 394
349 395
350 396
352 397
351 398
352 399
355 400
356 401
362 402
358 403
358 404
362 405
365 406
368 407
373 408
373 409
376 410
374 411
379 412
383 413
386 414
386 415
386 416
389 417
389 418
391 419
393 420
397 421
397 422
396 423
399 424
405 425
408 426
412 427
419 428
434 429
440 430
443 431
466 432
473 433
476 434
495 435
507 436
518 437
509 438
524 439
529 440
537 441
540 442
545 443
555 444
553 445
549 446
545 447
541 448
557 449
559 450
564 451
565 452
570 453
580 454
580 455
588 456
598 457
601 458
602 459
597 460
597 461
588 462
584 463
585 464
585 465
583 466
581 467
588 468
586 469
591 470
590 471
586 472
597 473
596 474
596 475
594 476
600 477
604 478
605 479
604 480
604 481
601 482
601 483
602 484
602 485
601 486
601 487
603 488
604 489
603 490
604 491
604 492
605 493
605 494
605 495
604 496
605 497
604 498
605 499
604 500
604 501
604 502
604 503
604 504
605 505
605 506
605 507
607 508
607 509
606 510
605 511
607 512
607 513
608 514
608 515
609 516
609 517
610 518
611 519
611 520
610 521
612 522
613 523
612 524
613 525
613 526
612 527
614 528
614 529
615 530
614 531
615 532
617 533
616 534
613 535
614 536
612 537
609 538
608 539
611 540
610 541
610 542
610 543
611 544
613 545
613 546
612 547
615 548
615 549
615 550
617 551
617 552
617 553
619 554
620 555
622 556
622 557
621 558
623 559
626 560
627 561
629 562
631 563
632 564
634 565
633 566
633 567
633 568
634 569
633 570
634 571
633 572
633 573
634 574
633 575
635 576
635 577
635 578
635 579
634 580
634 581
635 582
634 583
635 584
634 585
635 586
634 587
636 588
636 589
636 590
635 591
636 592
637 593
638 594
637 595
638 596
638 597
638 598
637 599
637 600
638 601
638 602
638 603
638 604
636 605
635 606
637 607
636 608
636 609
637 610
638 611
637 612
636 613
637 614
638 615
636 616
637 617
636 618
637 619
638 620
637 621
637 622
637 623
637 624
635 625
636 626
633 627
630 628
629 629
633 630
636 631
637 632
637 633
636 634
635 635
636 636
635 637
634 638
636 639
634 640
635 641
635 642
635 643
634 644
632 645
631 646
633 647
632 648
635 649
633 650
628 651
631 652
633 653
633 654
632 655
629 656
632 657
631 658
632 659
633 660
630 661
627 662
630 663
625 664
629 665
627 666
622 667
625 668
620 669
621 670
623 671
617 672
623 673
625 674
621 675
624 676
621 677
616 678
618 679
622 680
621 681
620 682
622 683
623 684
617 685
614 686
614 687
616 688
624 689
623 690
615 691
617 692
615 693
617 694
615 695
620 696
620 697
607 698
614 699
618 700
615 701
613 702
609 703
607 704
604 705
607 706
610 707
606 708
599 709
605 710
596 711
597 712
593 713
596 714
596 715
598 716
601 717
601 718
611 719
