639 0
639 1
639 2
639 3
639 4
639 5
639 6
639 7
639 8
639 9
639 10
639 11
639 12
639 13
639 14
639 15
639 16
639 17
639 18
639 19
639 20
639 21
639 22
639 23
639 24
639 25
639 26
639 27
639 28
639 29
639 30
639 31
639 32
639 33
639 34
639 35
639 36
639 37
639 38
639 39
639 40
639 41
639 42
639 43
639 44
639 45
639 46
639 47
639 48
639 49
639 50
639 51
639 52
639 53
639 54
639 55
639 56
639 57
639 58
639 59
639 60
639 61
639 62
639 63
639 64
639 65
639 66
639 67
639 68
639 69
639 70
639 71
639 72
639 73
639 74
639 75
639 76
639 77
639 78
639 79
639 80
639 81
639 82
639 83
639 84
639 85
639 86
639 87
639 88
639 89
639 90
639 91
639 92
641 93
642 94
641 95
648 96
651 97
659 98
661 99
669 100
669 101
670 102
666 103
671 104
689 105
694 106
698 107
699 108
703 109
710 110
716 111
718 112
723 113
728 114
727 115
728 116
740 117
746 118
748 119
748 120
755 121
763 122
768 123
769 124
770 125
775 126
786 127
788 128
787 129
791 130
802 131
807 132
814 133
817 134
825 135
829 136
848 137
865 138
866 139
872 140
873 141
873 142
875 143
879 144
878 145
884 146
888 147
892 148
891 149
897 150
898 151
900 152
903 153
904 154
910 155
909 156
913 157
912 158
914 159
918 160
918 161
922 162
926 163
931 164
936 165
939 166
942 167
944 168
947 169
948 170
948 171
951 172
954 173
957 174
961 175
968 176
983 177
993 178
1004 179
1009 180
1009 181
1011 182
1011 183
1015 184
1015 185
1015 186
1016 187
1019 188
1022 189
1026 190
1026 191
1025 192
1041 193
1048 194
1055 195
1056 196
1056 197
1058 198
1068 199
1078 200
1092 201
1103 202
1108 203
1118 204
1119 205
1125 206
1129 207
1130 208
1142 209
1144 210
1152 211
1153 212
1154 213
1157 214
1163 215
1171 216
1176 217
1174 218
1175 219
1176 220
1176 221
1178 222
1186 223
1189 224
1191 225
1191 226
1193 227
1195 228
1201 229
1205 230
1209 231
1207 232
1212 233
1216 234
1218 235
1214 236
1221 237
1236 238
1239 239
1235 240
1250 241
1247 242
1244 243
1251 244
1266 245
1250 246
1134 247
1251 248
1251 249
1040 250
1040 251
960 252
1067 254
1023 255
955 256
954 257
1028 258
968 259
1026 260
996 261
958 262
961 268
1272 279
1149 282
1272 283
1260 284
861 286
858 287
856 288
862 291
1022 301
1267 302
960 303
954 304
354 305
410 306
276 307
210 308
77 309
20 310
60 311
73 312
31 313
33 314
37 315
39 316
42 317
44 318
47 319
61 320
51 321
52 322
71 323
66 324
58 325
59 326
60 327
63 328
64 329
67 330
69 331
83 332
73 333
75 334
83 335
81 336
84 337
86 338
89 339
94 340
160 341
173 342
186 343
192 344
197 345
201 346
200 347
203 348
210 349
209 350
211 351
215 352
216 353
220 354
219 355
222 356
225 357
223 358
227 359
230 360
235 361
237 362
244 363
250 364
254 365
257 366
258 367
260 368
266 369
268 370
269 371
271 372
273 373
278 374
281 375
283 376
292 377
290 378
289 379
292 380
297 381
301 382
306 383
310 384
315 385
318 386
316 387
318 388
329 389
334 390
339 391
343 392
344 393
347 394
348 395
350 396
354 397
353 398
355 399
354 400
353 401
354 402
355 403
356 404
359 405
359 406
360 407
362 408
369 409
374 410
374 411
374 412
378 413
379 414
379 415
386 416
388 417
388 418
391 419
390 420
396 421
396 422
400 423
397 424
397 425
407 426
411 427
430 428
437 429
437 430
444 431
457 432
470 433
480 434
495 435
501 436
510 437
518 438
526 439
517 440
541 441
540 442
550 443
549 444
553 445
559 446
559 447
559 448
561 449
560 450
556 451
560 452
561 453
568 454
572 455
576 456
586 457
594 458
595 459
591 460
595 461
595 462
593 463
589 464
589 465
586 466
581 467
580 468
580 469
586 470
585 471
583 472
591 473
590 474
590 475
595 476
593 477
595 478
595 479
600 480
603 481
604 482
601 483
602 484
603 485
603 486
601 487
603 488
604 489
603 490
604 491
606 492
605 493
606 494
607 495
606 496
604 497
605 498
603 499
603 500
603 501
603 502
604 503
603 504
604 505
604 506
605 507
605 508
604 509
605 510
605 511
607 512
608 513
609 514
609 515
607 516
608 517
610 518
611 519
611 520
611 521
611 522
613 523
613 524
612 525
614 526
616 527
615 528
614 529
614 530
613 531
613 532
614 533
615 534
613 535
613 536
612 537
613 538
612 539
610 540
611 541
613 542
612 543
612 544
613 545
612 546
613 547
613 548
614 549
616 550
615 551
618 552
616 553
618 554
620 555
621 556
622 557
623 558
622 559
624 560
626 561
628 562
628 563
632 564
631 565
633 566
633 567
632 568
634 569
634 570
633 571
633 572
634 573
635 574
634 575
635 576
635 577
634 578
635 579
634 580
634 581
635 582
635 583
635 584
636 585
634 586
634 587
635 588
636 589
636 590
635 591
635 592
635 593
635 594
638 595
638 596
638 597
638 598
636 599
638 600
637 601
638 602
638 603
638 604
638 605
639 606
637 607
637 608
637 609
636 610
637 611
636 612
638 613
638 614
636 615
638 616
637 617
637 618
636 619
637 620
634 621
636 622
635 623
634 624
638 625
638 626
634 627
633 628
631 629
629 630
634 631
633 632
636 633
636 634
634 635
636 636
636 637
637 638
636 639
634 640
634 641
634 642
634 643
634 644
636 645
633 646
632 647
631 648
634 649
633 650
633 651
633 652
632 653
632 654
633 655
633 656
631 657
630 658
633 659
632 660
631 661
631 662
629 663
628 664
627 665
629 666
624 667
625 668
625 669
628 670
621 671
619 672
621 673
622 674
620 675
622 676
621 677
627 678
622 679
620 680
617 681
619 682
624 683
619 684
614 685
617 686
618 687
619 688
619 689
620 690
623 691
621 692
622 693
616 694
614 695
615 696
617 697
608 698
610 699
619 700
621 701
614 702
609 703
607 704
610 705
607 706
603 707
605 708
610 709
603 710
593 711
594 712
592 713
592 714
595 715
589 716
597 717
603 718
612 719
