639 0
639 1
639 2
639 3
639 4
639 5
639 6
639 7
639 8
639 9
639 10
639 11
639 12
639 13
639 14
639 15
639 16
639 17
639 18
639 19
639 20
639 21
639 22
639 23
639 24
639 25
639 26
639 27
639 28
639 29
639 30
639 31
639 32
639 33
639 34
639 35
639 36
639 37
639 38
639 39
639 40
639 41
639 42
639 43
639 44
639 45
639 46
639 47
639 48
639 49
639 50
639 51
639 52
639 53
639 54
639 55
639 56
639 57
639 58
639 59
639 60
639 61
639 62
639 63
639 64
639 65
639 66
639 67
639 68
639 69
639 70
639 71
639 72
639 73
639 74
639 75
639 76
639 77
639 78
639 79
639 80
639 81
639 82
639 83
639 84
639 85
639 86
639 87
639 88
639 89
639 90
639 91
639 92
641 93
641 94
644 95
649 96
651 97
656 98
661 99
669 100
668 101
667 102
671 103
677 104
688 105
694 106
694 107
697 108
702 109
707 110
718 111
718 112
721 113
723 114
721 115
723 116
736 117
744 118
743 119
751 120
755 121
764 122
768 123
769 124
770 125
776 126
784 127
786 128
789 129
790 130
805 131
811 132
817 133
813 134
825 135
830 136
846 137
865 138
866 139
868 140
875 141
875 142
876 143
874 144
879 145
883 146
887 147
892 148
892 149
892 150
896 151
900 152
902 153
905 154
909 155
909 156
910 157
912 158
916 159
918 160
918 161
923 162
930 163
933 164
937 165
939 166
940 167
945 168
945 169
948 170
949 171
950 172
954 173
953 174
962 175
967 176
987 177
992 178
997 179
1008 180
1010 181
1010 182
1011 183
1013 184
1014 185
1017 186
1018 187
1018 188
1024 189
1027 190
1026 191
1025 192
1042 193
1049 194
1054 195
1056 196
1055 197
1055 198
1066 199
1074 200
1088 201
1106 202
1109 203
1115 204
1121 205
1125 206
1126 207
1130 208
1141 209
1142 210
1150 211
1151 212
1153 213
1156 214
1151 215
1171 216
1171 217
1169 218
1162 219
1175 220
1175 221
1177 222
1180 223
1187 224
1187 225
1192 226
1196 227
1198 228
1203 229
1204 230
1202 231
1200 232
1207 233
1209 234
1209 235
1217 236
1227 237
1236 238
1227 239
1242 240
1243 241
1251 242
1249 243
1209 244
1214 245
990 246
1038 247
1018 248
779 249
1148 250
1086 251
1279 252
1006 253
1028 254
943 255
988 256
937 257
1057 258
1057 259
937 260
940 261
940 262
998 263
1017 264
1085 265
1156 266
1223 272
1256 273
1256 274
1255 279
1245 280
840 287
843 289
838 290
838 291
837 292
1008 301
943 303
860 304
192 305
3 306
136 307
98 308
113 309
107 310
99 311
126 312
101 313
79 314
107 315
96 316
97 317
81 318
72 319
58 320
69 321
70 322
80 323
81 324
75 325
60 326
61 327
62 328
63 329
72 330
80 331
83 332
72 333
75 334
77 335
99 336
84 337
91 338
95 339
102 340
155 341
174 342
183 343
194 344
194 345
197 346
201 347
204 348
206 349
210 350
211 351
215 352
216 353
217 354
222 355
223 356
222 357
225 358
228 359
231 360
231 361
239 362
246 363
253 364
254 365
256 366
260 367
261 368
264 369
265 370
268 371
274 372
278 373
281 374
284 375
289 376
288 377
294 378
297 379
300 380
302 381
302 382
301 383
307 384
310 385
319 386
318 387
323 388
328 389
339 390
330 391
339 392
337 393
339 394
342 395
346 396
346 397
346 398
349 399
355 400
351 401
354 402
354 403
355 404
355 405
356 406
358 407
360 408
364 409
369 410
369 411
370 412
374 413
374 414
373 415
379 416
382 417
382 418
385 419
387 420
388 421
388 422
388 423
391 424
390 425
397 426
406 427
426 428
435 429
443 430
443 431
458 432
468 433
489 434
500 435
506 436
517 437
525 438
531 439
530 440
538 441
553 442
556 443
561 444
568 445
564 446
570 447
560 448
566 449
569 450
567 451
559 452
564 453
567 454
566 455
591 456
590 457
592 458
595 459
593 460
597 461
595 462
591 463
599 464
600 465
600 466
593 467
588 468
591 469
584 470
582 471
582 472
586 473
586 474
584 475
584 476
593 477
596 478
596 479
598 480
598 481
601 482
604 483
602 484
601 485
604 486
604 487
605 488
605 489
606 490
605 491
604 492
604 493
605 494
606 495
605 496
606 497
605 498
603 499
603 500
604 501
604 502
603 503
603 504
603 505
602 506
604 507
604 508
605 509
606 510
607 511
607 512
607 513
607 514
608 515
608 516
609 517
611 518
613 519
614 520
614 521
614 522
612 523
614 524
616 525
617 526
617 527
615 528
617 529
616 530
616 531
615 532
617 533
617 534
617 535
615 536
613 537
614 538
615 539
615 540
616 541
615 542
614 543
611 544
613 545
613 546
615 547
615 548
617 549
617 550
617 551
617 552
618 553
618 554
619 555
620 556
621 557
621 558
621 559
623 560
623 561
625 562
630 563
633 564
634 565
635 566
635 567
636 568
636 569
636 570
635 571
635 572
635 573
635 574
635 575
636 576
637 577
636 578
636 579
635 580
637 581
636 582
636 583
636 584
636 585
637 586
637 587
638 588
637 589
636 590
636 591
637 592
637 593
638 594
637 595
637 596
638 597
638 598
636 599
637 600
637 601
636 602
638 603
638 604
638 605
637 606
636 607
634 608
637 609
638 610
637 611
637 612
636 613
637 614
635 615
637 616
637 617
637 618
637 619
637 620
638 621
638 622
636 623
636 624
637 625
637 626
636 627
633 628
636 629
635 630
631 631
634 632
635 633
636 634
637 635
637 636
636 637
638 638
636 639
633 640
637 641
636 642
636 643
634 644
636 645
637 646
636 647
634 648
636 649
635 650
636 651
634 652
636 653
635 654
635 655
631 656
632 657
631 658
633 659
635 660
635 661
634 662
629 663
630 664
630 665
629 666
626 667
628 668
627 669
625 670
624 671
620 672
625 673
625 674
623 675
620 676
622 677
623 678
615 679
622 680
625 681
623 682
624 683
625 684
620 685
618 686
611 687
621 688
622 689
619 690
618 691
622 692
623 693
624 694
622 695
617 696
618 697
621 698
614 699
614 700
616 701
617 702
609 703
612 704
612 705
611 706
611 707
615 708
612 709
615 710
609 711
603 712
600 713
595 714
591 715
593 716
603 717
607 718
603 719
