639 0
639 1
639 2
639 3
639 4
639 5
639 6
639 7
639 8
639 9
639 10
639 11
639 12
639 13
639 14
639 15
639 16
639 17
639 18
639 19
639 20
639 21
639 22
639 23
639 24
639 25
639 26
639 27
639 28
639 29
639 30
639 31
639 32
639 33
639 34
639 35
639 36
639 37
639 38
639 39
639 40
639 41
639 42
639 43
639 44
639 45
639 46
639 47
639 48
639 49
639 50
639 51
639 52
639 53
639 54
639 55
639 56
639 57
639 58
639 59
639 60
639 61
639 62
639 63
639 64
639 65
639 66
639 67
639 68
639 69
639 70
639 71
639 72
639 73
639 74
639 75
639 76
639 77
639 78
639 79
639 80
639 81
639 82
639 83
639 84
639 85
639 86
639 87
639 88
639 89
639 90
639 91
639 92
641 93
642 94
644 95
649 96
657 97
661 98
662 99
666 100
667 101
666 102
675 103
685 104
696 105
698 106
696 107
700 108
701 109
709 110
714 111
722 112
721 113
723 114
726 115
729 116
737 117
745 118
748 119
754 120
758 121
764 122
769 123
769 124
771 125
777 126
786 127
786 128
789 129
795 130
806 131
811 132
814 133
820 134
826 135
834 136
850 137
869 138
870 139
871 140
874 141
877 142
873 143
877 144
879 145
887 146
890 147
893 148
894 149
896 150
896 151
899 152
903 153
906 154
910 155
909 156
912 157
911 158
911 159
916 160
920 161
926 162
929 163
935 164
934 165
940 166
938 167
939 168
946 169
948 170
946 171
951 172
954 173
956 174
963 175
965 176
984 177
996 178
1004 179
1010 180
1005 181
1010 182
1012 183
1015 184
1016 185
1015 186
1016 187
1020 188
1025 189
1025 190
1025 191
1026 192
1043 193
1050 194
1054 195
1056 196
1056 197
1060 198
1070 199
1084 200
1096 201
1107 202
1110 203
1115 204
1123 205
1126 206
1129 207
1132 208
1142 209
1150 210
1152 211
1151 212
1154 213
1157 214
1160 215
1167 216
1173 217
1174 218
1175 219
1175 220
1176 221
1179 222
1185 223
1185 224
1189 225
1187 226
1192 227
1199 228
1199 229
1202 230
1201 231
1211 232
1208 233
1205 234
1213 235
1213 236
1210 237
1233 238
1217 239
1231 240
1225 241
1237 242
1252 243
1237 244
1221 245
1186 246
1029 247
1047 248
899 249
881 250
1177 254
970 255
1074 256
1273 257
1273 258
993 260
930 261
931 262
997 263
1043 264
1056 265
1091 266
996 267
1240 269
1031 271
975 272
1273 273
1270 278
938 279
1208 280
1088 283
1177 284
829 295
830 296
836 303
0 304
2 305
5 306
10 307
13 308
16 309
21 310
38 311
28 312
56 313
79 314
97 315
103 316
95 317
71 318
64 319
80 320
73 321
69 322
63 323
66 324
80 325
89 326
90 327
92 328
92 329
86 330
88 331
89 332
91 333
81 334
84 335
92 336
85 337
88 338
93 339
109 340
164 341
185 342
197 343
187 344
195 345
201 346
203 347
205 348
209 349
210 350
211 351
215 352
215 353
217 354
218 355
219 356
221 357
223 358
225 359
228 360
235 361
238 362
244 363
251 364
255 365
257 366
259 367
263 368
265 369
266 370
266 371
269 372
270 373
273 374
277 375
285 376
289 377
292 378
296 379
297 380
299 381
301 382
305 383
310 384
311 385
313 386
315 387
316 388
320 389
325 390
336 391
334 392
338 393
338 394
333 395
339 396
335 397
332 398
331 399
342 400
345 401
346 402
346 403
347 404
349 405
349 406
350 407
351 408
351 409
353 410
353 411
355 412
359 413
359 414
361 415
365 416
362 417
371 418
377 419
380 420
379 421
379 422
383 423
384 424
386 425
383 426
391 427
413 428
430 429
431 430
442 431
456 432
467 433
474 434
497 435
504 436
511 437
521 438
531 439
535 440
547 441
556 442
559 443
554 444
556 445
563 446
564 447
555 448
569 449
567 450
565 451
570 452
568 453
568 454
565 455
570 456
580 457
580 458
576 459
577 460
580 461
585 462
583 463
592 464
593 465
595 466
596 467
599 468
595 469
595 470
590 471
585 472
587 473
586 474
584 475
586 476
589 477
593 478
589 479
599 480
598 481
598 482
598 483
599 484
602 485
602 486
600 487
604 488
606 489
605 490
606 491
606 492
604 493
604 494
603 495
603 496
603 497
602 498
604 499
604 500
603 501
603 502
605 503
602 504
602 505
602 506
603 507
604 508
605 509
605 510
605 511
604 512
606 513
605 514
606 515
608 516
607 517
608 518
612 519
615 520
613 521
613 522
613 523
613 524
614 525
614 526
615 527
612 528
615 529
615 530
616 531
617 532
617 533
617 534
618 535
619 536
618 537
616 538
615 539
615 540
614 541
614 542
614 543
614 544
615 545
616 546
615 547
615 548
615 549
616 550
615 551
618 552
618 553
619 554
620 555
622 556
620 557
620 558
623 559
625 560
625 561
629 562
630 563
631 564
632 565
633 566
634 567
635 568
636 569
637 570
637 571
637 572
636 573
636 574
636 575
637 576
637 577
637 578
636 579
636 580
637 581
637 582
636 583
638 584
638 585
638 586
636 587
637 588
636 589
638 590
637 591
635 592
637 593
636 594
635 595
636 596
638 597
638 598
635 599
637 600
637 601
638 602
638 603
638 604
636 605
638 606
638 607
638 608
637 609
635 610
637 611
638 612
638 613
637 614
636 615
637 616
637 617
636 618
637 619
637 620
637 621
637 622
636 623
637 624
638 625
638 626
637 627
637 628
636 629
637 630
636 631
636 632
638 633
634 634
629 635
632 636
632 637
635 638
637 639
635 640
637 641
636 642
636 643
636 644
635 645
635 646
635 647
638 648
636 649
634 650
631 651
631 652
632 653
634 654
631 655
633 656
629 657
630 658
631 659
629 660
630 661
630 662
626 663
629 664
630 665
628 666
627 667
625 668
624 669
626 670
625 671
620 672
624 673
621 674
620 675
622 676
621 677
619 678
612 679
613 680
619 681
622 682
621 683
619 684
615 685
619 686
620 687
615 688
621 689
621 690
623 691
622 692
620 693
623 694
617 695
619 696
619 697
618 698
613 699
613 700
614 701
621 702
616 703
616 704
620 705
616 706
606 707
600 708
606 709
606 710
608 711
605 712
605 713
600 714
601 715
598 716
596 717
599 718
606 719
