639 0
639 1
639 2
639 3
639 4
639 5
639 6
639 7
639 8
639 9
639 10
639 11
639 12
639 13
639 14
639 15
639 16
639 17
639 18
639 19
639 20
639 21
639 22
639 23
639 24
639 25
639 26
639 27
639 28
639 29
639 30
639 31
639 32
639 33
639 34
639 35
639 36
639 37
639 38
639 39
639 40
639 41
639 42
639 43
639 44
639 45
639 46
639 47
639 48
639 49
639 50
639 51
639 52
639 53
639 54
639 55
639 56
639 57
639 58
639 59
639 60
639 61
639 62
639 63
639 64
639 65
639 66
639 67
639 68
639 69
639 70
639 71
639 72
639 73
639 74
639 75
639 76
639 77
639 78
639 79
639 80
639 81
639 82
639 83
639 84
639 85
639 86
639 87
639 88
639 89
639 90
639 91
639 92
641 93
642 94
641 95
646 96
654 97
663 98
667 99
669 100
667 101
667 102
671 103
677 104
688 105
694 106
699 107
702 108
706 109
710 110
721 111
723 112
728 113
730 114
732 115
726 116
737 117
744 118
750 119
751 120
759 121
763 122
768 123
768 124
769 125
774 126
782 127
787 128
790 129
791 130
795 131
805 132
811 133
813 134
822 135
831 136
847 137
866 138
868 139
869 140
873 141
873 142
874 143
875 144
877 145
881 146
889 147
890 148
893 149
897 150
896 151
898 152
903 153
907 154
909 155
910 156
911 157
911 158
911 159
913 160
920 161
919 162
926 163
935 164
935 165
937 166
939 167
942 168
946 169
947 170
948 171
949 172
952 173
955 174
962 175
962 176
979 177
995 178
1003 179
1008 180
1009 181
1011 182
1012 183
1014 184
1015 185
1015 186
1018 187
1018 188
1026 189
1026 190
1026 191
1026 192
1038 193
1050 194
1055 195
1056 196
1055 197
1056 198
1065 199
1073 200
1092 201
1104 202
1104 203
1116 204
1122 205
1125 206
1128 207
1131 208
1139 209
1144 210
1153 211
1149 212
1150 213
1156 214
1162 215
1172 216
1177 217
1175 218
1168 219
1172 220
1169 221
1173 222
1184 223
1186 224
1187 225
1192 226
1194 227
1197 228
1198 229
1204 230
1198 231
1198 232
1214 233
1204 234
1223 235
1229 236
1219 237
1199 238
1202 239
1222 240
1235 241
1230 242
1254 243
1236 244
1202 245
1274 246
1207 247
1150 248
1193 249
1208 251
1175 252
976 255
944 256
928 257
1021 258
1067 259
880 261
891 262
997 263
1004 264
1039 265
1116 266
1103 267
1134 268
1158 269
1103 272
939 274
939 275
1263 277
1200 284
1200 285
1263 288
831 291
1218 292
1218 293
872 298
887 299
1272 301
5 306
8 307
11 308
16 309
19 310
22 311
42 312
31 313
80 314
98 315
96 316
95 317
87 318
73 319
76 320
51 321
53 322
53 323
73 324
74 325
75 326
82 327
84 328
85 329
80 330
81 331
83 332
85 333
83 334
78 335
81 336
85 337
95 338
96 339
102 340
157 341
180 342
190 343
189 344
195 345
197 346
201 347
205 348
208 349
211 350
215 351
217 352
217 353
216 354
218 355
219 356
221 357
223 358
225 359
227 360
233 361
236 362
242 363
254 364
256 365
257 366
261 367
262 368
263 369
265 370
266 371
267 372
270 373
273 374
276 375
280 376
285 377
288 378
290 379
294 380
299 381
302 382
306 383
305 384
306 385
311 386
313 387
315 388
321 389
318 390
322 391
329 392
332 393
331 394
332 395
334 396
339 397
337 398
336 399
343 400
347 401
349 402
350 403
349 404
349 405
349 406
347 407
356 408
358 409
355 410
354 411
357 412
353 413
356 414
368 415
364 416
371 417
374 418
375 419
374 420
373 421
377 422
381 423
383 424
383 425
385 426
392 427
413 428
422 429
427 430
433 431
445 432
462 433
474 434
483 435
503 436
519 437
527 438
523 439
535 440
542 441
550 442
554 443
565 444
574 445
574 446
567 447
564 448
568 449
564 450
565 451
565 452
565 453
565 454
570 455
572 456
574 457
576 458
577 459
575 460
579 461
579 462
580 463
586 464
590 465
593 466
590 467
593 468
598 469
601 470
595 471
591 472
593 473
588 474
587 475
586 476
585 477
590 478
589 479
590 480
597 481
596 482
594 483
599 484
600 485
602 486
604 487
606 488
604 489
604 490
604 491
605 492
604 493
604 494
604 495
606 496
604 497
604 498
605 499
604 500
602 501
602 502
602 503
602 504
602 505
603 506
603 507
603 508
603 509
603 510
604 511
606 512
604 513
606 514
606 515
607 516
607 517
607 518
610 519
612 520
613 521
613 522
613 523
612 524
613 525
614 526
616 527
617 528
618 529
616 530
615 531
615 532
616 533
617 534
617 535
615 536
614 537
615 538
618 539
613 540
613 541
614 542
612 543
613 544
612 545
611 546
613 547
614 548
615 549
616 550
617 551
616 552
618 553
617 554
617 555
616 556
619 557
619 558
619 559
622 560
626 561
626 562
627 563
630 564
630 565
632 566
634 567
635 568
635 569
635 570
636 571
636 572
636 573
637 574
637 575
636 576
636 577
636 578
637 579
636 580
637 581
636 582
637 583
636 584
637 585
637 586
637 587
636 588
637 589
637 590
636 591
636 592
636 593
636 594
637 595
637 596
636 597
637 598
637 599
638 600
636 601
638 602
638 603
638 604
637 605
638 606
635 607
637 608
638 609
637 610
636 611
637 612
637 613
638 614
637 615
636 616
638 617
638 618
638 619
638 620
636 621
638 622
638 623
638 624
638 625
638 626
637 627
637 628
635 629
635 630
636 631
636 632
637 633
632 634
628 635
631 636
631 637
634 638
636 639
634 640
636 641
636 642
635 643
637 644
633 645
636 646
636 647
635 648
634 649
633 650
634 651
634 652
629 653
633 654
634 655
631 656
635 657
633 658
631 659
633 660
633 661
631 662
629 663
626 664
631 665
631 666
629 667
630 668
627 669
627 670
627 671
622 672
624 673
627 674
625 675
623 676
623 677
625 678
617 679
627 680
623 681
624 682
618 683
619 684
618 685
617 686
621 687
621 688
621 689
620 690
621 691
622 692
615 693
620 694
615 695
618 696
617 697
609 698
613 699
615 700
618 701
620 702
617 703
617 704
614 705
613 706
616 707
615 708
616 709
614 710
606 711
605 712
615 713
608 714
602 715
597 716
601 717
601 718
601 719
