639 0
639 1
639 2
639 3
639 4
639 5
639 6
639 7
639 8
639 9
639 10
639 11
639 12
639 13
639 14
639 15
639 16
639 17
639 18
639 19
639 20
639 21
639 22
639 23
639 24
639 25
639 26
639 27
639 28
639 29
639 30
639 31
639 32
639 33
639 34
639 35
639 36
639 37
639 38
639 39
639 40
639 41
639 42
639 43
639 44
639 45
639 46
639 47
639 48
639 49
639 50
639 51
639 52
639 53
639 54
639 55
639 56
639 57
639 58
639 59
639 60
639 61
639 62
639 63
639 64
639 65
639 66
639 67
639 68
639 69
639 70
639 71
639 72
639 73
639 74
639 75
639 76
639 77
639 78
639 79
639 80
639 81
639 82
639 83
639 84
639 85
639 86
639 87
639 88
639 89
639 90
639 91
639 92
641 93
642 94
643 95
645 96
654 97
659 98
661 99
665 100
665 101
665 102
671 103
677 104
688 105
692 106
696 107
699 108
702 109
711 110
714 111
722 112
727 113
727 114
721 115
727 116
736 117
746 118
744 119
748 120
758 121
762 122
769 123
770 124
770 125
772 126
784 127
787 128
789 129
792 130
798 131
808 132
810 133
820 134
819 135
835 136
849 137
866 138
870 139
870 140
873 141
874 142
874 143
876 144
879 145
882 146
888 147
893 148
894 149
894 150
897 151
899 152
902 153
907 154
909 155
914 156
911 157
912 158
914 159
914 160
918 161
923 162
927 163
935 164
937 165
938 166
941 167
945 168
947 169
949 170
948 171
951 172
953 173
955 174
960 175
969 176
983 177
995 178
999 179
1007 180
1009 181
1011 182
1011 183
1011 184
1015 185
1016 186
1016 187
1018 188
1022 189
1025 190
1027 191
1023 192
1038 193
1047 194
1055 195
1056 196
1055 197
1061 198
1069 199
1075 200
1096 201
1103 202
1107 203
1117 204
1123 205
1124 206
1129 207
1129 208
1138 209
1146 210
1152 211
1153 212
1152 213
1154 214
1156 215
1170 216
1173 217
1175 218
1173 219
1175 220
1176 221
1180 222
1183 223
1188 224
1190 225
1192 226
1196 227
1199 228
1202 229
1200 230
1205 231
1203 232
1218 233
1219 234
1224 235
1227 236
1211 237
1222 238
1219 239
1212 240
1213 241
1222 242
1256 243
1264 244
1268 245
1262 246
1127 247
854 248
783 249
902 250
1277 251
953 255
1131 256
1148 257
927 260
926 261
928 262
929 263
1013 264
930 265
932 266
931 267
941 268
935 269
931 271
1279 277
988 291
1026 295
830 296
1004 300
1004 301
1152 304
6 306
9 307
13 308
58 309
53 310
23 311
67 312
43 313
45 314
78 315
97 316
87 317
71 318
73 319
98 320
91 321
83 322
79 323
73 324
94 325
81 326
76 327
68 328
79 329
86 330
68 331
83 332
98 333
87 334
79 335
80 336
85 337
86 338
91 339
97 340
155 341
175 342
183 343
188 344
194 345
198 346
206 347
210 348
209 349
210 350
211 351
215 352
215 353
216 354
218 355
219 356
221 357
222 358
226 359
226 360
231 361
238 362
242 363
251 364
255 365
257 366
260 367
264 368
262 369
264 370
266 371
271 372
270 373
273 374
275 375
282 376
281 377
287 378
292 379
297 380
301 381
302 382
304 383
306 384
306 385
308 386
315 387
320 388
319 389
322 390
325 391
330 392
327 393
339 394
338 395
337 396
339 397
341 398
341 399
344 400
345 401
348 402
348 403
348 404
345 405
346 406
350 407
351 408
352 409
354 410
354 411
356 412
355 413
353 414
366 415
368 416
372 417
370 418
370 419
370 420
373 421
377 422
380 423
380 424
384 425
388 426
400 427
408 428
420 429
423 430
436 431
453 432
467 433
475 434
487 435
495 436
508 437
515 438
528 439
532 440
533 441
547 442
555 443
555 444
572 445
572 446
558 447
566 448
568 449
569 450
564 451
562 452
560 453
565 454
569 455
573 456
576 457
575 458
573 459
578 460
577 461
577 462
579 463
583 464
584 465
587 466
590 467
591 468
596 469
596 470
597 471
595 472
588 473
584 474
581 475
586 476
583 477
585 478
591 479
596 480
596 481
596 482
598 483
599 484
601 485
603 486
597 487
599 488
604 489
604 490
603 491
603 492
604 493
605 494
605 495
604 496
604 497
605 498
603 499
604 500
603 501
602 502
603 503
604 504
603 505
603 506
604 507
603 508
603 509
606 510
604 511
605 512
606 513
605 514
607 515
607 516
608 517
609 518
610 519
613 520
613 521
612 522
614 523
613 524
613 525
614 526
615 527
615 528
615 529
615 530
615 531
615 532
616 533
617 534
616 535
616 536
617 537
617 538
614 539
612 540
613 541
611 542
611 543
613 544
612 545
613 546
615 547
614 548
616 549
617 550
617 551
618 552
618 553
617 554
619 555
619 556
619 557
622 558
622 559
625 560
625 561
628 562
628 563
631 564
633 565
632 566
633 567
634 568
634 569
636 570
636 571
637 572
637 573
636 574
636 575
637 576
637 577
636 578
636 579
636 580
637 581
638 582
636 583
636 584
637 585
637 586
636 587
637 588
638 589
638 590
637 591
637 592
637 593
637 594
637 595
637 596
637 597
637 598
638 599
637 600
637 601
637 602
637 603
638 604
636 605
637 606
636 607
636 608
637 609
637 610
638 611
637 612
637 613
638 614
638 615
637 616
638 617
637 618
637 619
638 620
636 621
638 622
636 623
637 624
638 625
637 626
636 627
634 628
636 629
636 630
637 631
636 632
637 633
636 634
635 635
629 636
630 637
635 638
635 639
634 640
637 641
637 642
635 643
635 644
636 645
636 646
635 647
635 648
634 649
635 650
634 651
634 652
635 653
633 654
633 655
633 656
628 657
634 658
635 659
631 660
630 661
632 662
628 663
629 664
631 665
629 666
627 667
626 668
627 669
629 670
627 671
622 672
627 673
625 674
623 675
619 676
625 677
623 678
621 679
624 680
623 681
623 682
620 683
615 684
619 685
616 686
618 687
619 688
617 689
620 690
621 691
619 692
619 693
621 694
627 695
615 696
616 697
621 698
619 699
613 700
613 701
620 702
612 703
608 704
618 705
612 706
598 707
599 708
611 709
611 710
596 711
597 712
598 713
603 714
601 715
591 716
591 717
599 718
610 719
