639 0
639 1
639 2
639 3
639 4
639 5
639 6
639 7
639 8
639 9
639 10
639 11
639 12
639 13
639 14
639 15
639 16
639 17
639 18
639 19
639 20
639 21
639 22
639 23
639 24
639 25
639 26
639 27
639 28
639 29
639 30
639 31
639 32
639 33
639 34
639 35
639 36
639 37
639 38
639 39
639 40
639 41
639 42
639 43
639 44
639 45
639 46
639 47
639 48
639 49
639 50
639 51
639 52
639 53
639 54
639 55
639 56
639 57
639 58
639 59
639 60
639 61
639 62
639 63
639 64
639 65
639 66
639 67
639 68
639 69
639 70
639 71
639 72
639 73
639 74
639 75
639 76
639 77
639 78
639 79
639 80
639 81
639 82
639 83
639 84
639 85
639 86
639 87
639 88
639 89
639 90
639 91
639 92
639 93
641 94
641 95
644 96
653 97
658 98
659 99
664 100
670 101
666 102
665 103
675 104
682 105
691 106
696 107
704 108
703 109
705 110
712 111
720 112
723 113
727 114
727 115
726 116
737 117
738 118
745 119
748 120
756 121
763 122
767 123
769 124
770 125
773 126
782 127
787 128
789 129
791 130
798 131
809 132
810 133
813 134
823 135
831 136
843 137
866 138
869 139
870 140
873 141
875 142
876 143
876 144
879 145
883 146
890 147
891 148
893 149
895 150
897 151
899 152
902 153
907 154
909 155
910 156
912 157
911 158
915 159
915 160
917 161
920 162
927 163
932 164
936 165
934 166
939 167
942 168
946 169
949 170
948 171
949 172
952 173
956 174
959 175
964 176
979 177
994 178
1001 179
1006 180
1008 181
1012 182
1012 183
1013 184
1015 185
1015 186
1016 187
1018 188
1021 189
1025 190
1026 191
1025 192
1041 193
1046 194
1053 195
1056 196
1054 197
1060 198
1068 199
1076 200
1092 201
1106 202
1103 203
1114 204
1119 205
1124 206
1128 207
1131 208
1138 209
1142 210
1146 211
1153 212
1151 213
1153 214
1157 215
1167 216
1177 217
1174 218
1171 219
1174 220
1176 221
1177 222
1187 223
1187 224
1186 225
1188 226
1196 227
1199 228
1202 229
1204 230
1204 231
1200 232
1214 233
1213 234
1220 235
1225 236
1228 237
1220 238
1220 239
1218 240
1215 241
1231 242
1237 243
1230 244
1218 245
1236 246
1067 247
1208 248
1060 249
1048 250
1265 251
1190 252
1161 253
907 255
1181 256
917 257
917 258
687 259
1036 260
1083 261
871 262
941 263
1091 264
1012 265
1161 266
1105 267
929 268
1043 269
1275 271
1089 274
1247 275
1247 276
1240 279
941 280
940 281
941 282
1192 296
1252 298
991 304
1 305
5 306
7 307
10 308
16 309
19 310
22 311
56 312
41 313
57 314
68 315
95 316
94 317
94 318
71 319
72 320
81 321
74 322
69 323
56 324
57 325
60 326
76 327
77 328
78 329
66 330
68 331
83 332
96 333
99 334
102 335
79 336
84 337
97 338
96 339
95 340
135 341
173 342
183 343
186 344
194 345
201 346
202 347
203 348
206 349
209 350
215 351
213 352
214 353
216 354
218 355
219 356
220 357
223 358
228 359
229 360
232 361
237 362
241 363
252 364
255 365
257 366
261 367
262 368
264 369
264 370
267 371
268 372
271 373
272 374
276 375
279 376
280 377
283 378
289 379
295 380
295 381
296 382
307 383
304 384
308 385
309 386
314 387
316 388
318 389
316 390
317 391
328 392
327 393
330 394
336 395
335 396
335 397
333 398
339 399
344 400
344 401
346 402
347 403
352 404
345 405
345 406
346 407
347 408
347 409
349 410
351 411
352 412
355 413
355 414
354 415
361 416
362 417
364 418
365 419
371 420
373 421
371 422
378 423
376 424
378 425
381 426
387 427
409 428
423 429
427 430
426 431
445 432
463 433
469 434
485 435
498 436
507 437
519 438
532 439
534 440
536 441
549 442
558 443
567 444
562 445
558 446
561 447
562 448
572 449
565 450
568 451
569 452
565 453
564 454
572 455
572 456
573 457
576 458
565 459
568 460
568 461
578 462
577 463
585 464
585 465
581 466
586 467
591 468
596 469
599 470
601 471
599 472
595 473
593 474
589 475
589 476
589 477
593 478
592 479
592 480
598 481
600 482
599 483
603 484
602 485
603 486
600 487
603 488
604 489
604 490
604 491
603 492
603 493
604 494
604 495
603 496
604 497
605 498
605 499
604 500
602 501
602 502
603 503
603 504
603 505
603 506
603 507
604 508
605 509
605 510
603 511
606 512
608 513
607 514
608 515
608 516
607 517
610 518
611 519
614 520
615 521
614 522
612 523
613 524
614 525
614 526
617 527
616 528
614 529
617 530
617 531
616 532
617 533
617 534
614 535
616 536
617 537
617 538
616 539
617 540
615 541
614 542
615 543
613 544
613 545
613 546
613 547
613 548
615 549
617 550
618 551
618 552
620 553
619 554
618 555
619 556
621 557
621 558
625 559
626 560
627 561
629 562
629 563
632 564
632 565
634 566
634 567
635 568
636 569
637 570
636 571
636 572
634 573
635 574
637 575
637 576
637 577
637 578
637 579
637 580
637 581
636 582
639 583
638 584
637 585
636 586
636 587
637 588
638 589
637 590
635 591
637 592
636 593
636 594
635 595
637 596
636 597
636 598
635 599
637 600
638 601
638 602
637 603
637 604
638 605
638 606
636 607
637 608
638 609
638 610
639 611
637 612
638 613
636 614
635 615
637 616
638 617
637 618
637 619
637 620
637 621
638 622
637 623
637 624
638 625
638 626
638 627
638 628
636 629
636 630
636 631
636 632
636 633
636 634
635 635
633 636
634 637
631 638
633 639
634 640
635 641
636 642
635 643
636 644
636 645
636 646
630 647
635 648
635 649
634 650
636 651
635 652
634 653
633 654
633 655
634 656
631 657
627 658
634 659
632 660
633 661
635 662
630 663
625 664
626 665
627 666
626 667
628 668
629 669
627 670
623 671
621 672
626 673
621 674
622 675
625 676
622 677
620 678
618 679
622 680
626 681
622 682
621 683
618 684
620 685
619 686
617 687
621 688
618 689
619 690
616 691
616 692
617 693
617 694
621 695
616 696
618 697
613 698
613 699
614 700
616 701
611 702
611 703
609 704
614 705
614 706
611 707
605 708
614 709
615 710
611 711
604 712
610 713
604 714
605 715
605 716
595 717
592 718
606 719
