639 0
639 1
639 2
639 3
639 4
639 5
639 6
639 7
639 8
639 9
639 10
639 11
639 12
639 13
639 14
639 15
639 16
639 17
639 18
639 19
639 20
639 21
639 22
639 23
639 24
639 25
639 26
639 27
639 28
639 29
639 30
639 31
639 32
639 33
639 34
639 35
639 36
639 37
639 38
639 39
639 40
639 41
639 42
639 43
639 44
639 45
639 46
639 47
639 48
639 49
639 50
639 51
639 52
639 53
639 54
639 55
639 56
639 57
639 58
639 59
639 60
639 61
639 62
639 63
639 64
639 65
639 66
639 67
639 68
639 69
639 70
639 71
639 72
639 73
639 74
639 75
639 76
639 77
639 78
639 79
639 80
639 81
639 82
639 83
639 84
639 85
639 86
639 87
639 88
639 89
639 90
639 91
639 92
640 93
641 94
642 95
643 96
652 97
658 98
659 99
668 100
670 101
664 102
665 103
677 104
687 105
692 106
695 107
700 108
702 109
708 110
714 111
720 112
724 113
723 114
722 115
730 116
736 117
742 118
745 119
750 120
759 121
767 122
770 123
769 124
767 125
773 126
781 127
788 128
786 129
789 130
805 131
811 132
812 133
813 134
817 135
828 136
842 137
868 138
870 139
869 140
873 141
874 142
873 143
877 144
879 145
883 146
890 147
892 148
894 149
896 150
898 151
899 152
902 153
904 154
909 155
910 156
911 157
912 158
915 159
916 160
920 161
921 162
924 163
934 164
937 165
937 166
941 167
944 168
946 169
945 170
948 171
950 172
952 173
955 174
963 175
966 176
978 177
987 178
998 179
1006 180
1010 181
1010 182
1009 183
1012 184
1014 185
1015 186
1016 187
1019 188
1021 189
1025 190
1026 191
1025 192
1040 193
1048 194
1055 195
1056 196
1055 197
1058 198
1064 199
1073 200
1090 201
1102 202
1107 203
1117 204
1121 205
1124 206
1128 207
1131 208
1140 209
1145 210
1151 211
1154 212
1154 213
1158 214
1166 215
1169 216
1174 217
1174 218
1173 219
1173 220
1173 221
1178 222
1181 223
1186 224
1186 225
1192 226
1196 227
1197 228
1201 229
1207 230
1209 231
1207 232
1217 233
1218 234
1223 235
1225 236
1206 237
1218 238
1215 239
1205 240
1243 241
1245 242
1245 243
1249 244
1219 245
1262 246
1171 247
1137 248
1237 249
1221 250
1273 251
1278 252
1029 255
1116 256
1192 258
703 259
935 261
926 263
926 264
926 265
987 266
1041 267
927 269
930 270
930 271
931 272
935 274
935 275
1208 280
1191 281
1259 282
955 299
998 300
834 303
992 304
3 305
3 306
9 307
56 308
44 309
19 310
66 311
27 312
31 313
45 314
46 315
59 316
61 317
94 318
97 319
111 320
111 321
111 322
103 323
97 324
99 325
83 326
83 327
97 328
85 329
80 330
68 331
70 332
97 333
75 334
78 335
80 336
83 337
88 338
91 339
96 340
161 341
178 342
187 343
193 344
196 345
200 346
201 347
212 348
208 349
209 350
211 351
215 352
215 353
218 354
220 355
219 356
221 357
222 358
227 359
227 360
233 361
238 362
243 363
250 364
255 365
257 366
260 367
262 368
266 369
265 370
267 371
268 372
271 373
272 374
274 375
280 376
282 377
285 378
287 379
293 380
298 381
299 382
303 383
303 384
304 385
309 386
313 387
313 388
314 389
314 390
317 391
322 392
329 393
332 394
332 395
339 396
341 397
340 398
345 399
349 400
346 401
351 402
341 403
347 404
349 405
348 406
349 407
350 408
350 409
352 410
352 411
351 412
352 413
355 414
357 415
358 416
359 417
360 418
366 419
369 420
367 421
370 422
375 423
377 424
379 425
382 426
390 427
410 428
423 429
427 430
430 431
450 432
459 433
466 434
480 435
499 436
503 437
504 438
530 439
532 440
538 441
549 442
549 443
556 444
563 445
572 446
571 447
572 448
578 449
568 450
561 451
567 452
571 453
574 454
563 455
566 456
574 457
564 458
564 459
569 460
569 461
572 462
570 463
576 464
581 465
583 466
583 467
587 468
588 469
596 470
599 471
599 472
596 473
594 474
587 475
586 476
585 477
591 478
587 479
586 480
590 481
595 482
596 483
601 484
601 485
602 486
599 487
599 488
602 489
603 490
604 491
603 492
604 493
605 494
603 495
602 496
603 497
604 498
605 499
604 500
603 501
602 502
600 503
601 504
602 505
604 506
604 507
604 508
603 509
604 510
605 511
607 512
605 513
605 514
608 515
608 516
607 517
608 518
612 519
614 520
614 521
615 522
612 523
612 524
614 525
615 526
614 527
615 528
616 529
617 530
616 531
617 532
616 533
616 534
617 535
616 536
617 537
617 538
616 539
616 540
615 541
615 542
616 543
613 544
612 545
612 546
613 547
614 548
613 549
616 550
617 551
618 552
619 553
618 554
619 555
620 556
621 557
622 558
624 559
626 560
627 561
630 562
630 563
630 564
632 565
633 566
633 567
633 568
634 569
637 570
636 571
636 572
636 573
637 574
637 575
637 576
637 577
636 578
636 579
637 580
636 581
639 582
638 583
636 584
638 585
636 586
637 587
636 588
637 589
637 590
635 591
637 592
637 593
636 594
636 595
636 596
637 597
636 598
637 599
636 600
635 601
635 602
637 603
636 604
636 605
637 606
636 607
637 608
638 609
638 610
638 611
638 612
638 613
638 614
637 615
637 616
636 617
637 618
638 619
637 620
637 621
637 622
638 623
638 624
638 625
638 626
637 627
637 628
637 629
637 630
637 631
637 632
637 633
635 634
634 635
633 636
635 637
632 638
631 639
634 640
635 641
636 642
636 643
636 644
637 645
636 646
634 647
635 648
634 649
637 650
634 651
636 652
636 653
634 654
631 655
631 656
633 657
630 658
632 659
635 660
634 661
634 662
630 663
628 664
630 665
629 666
628 667
628 668
629 669
627 670
620 671
625 672
628 673
627 674
626 675
626 676
626 677
624 678
620 679
619 680
622 681
623 682
618 683
619 684
614 685
619 686
621 687
624 688
621 689
621 690
624 691
610 692
615 693
622 694
619 695
618 696
623 697
619 698
617 699
615 700
617 701
618 702
607 703
609 704
613 705
615 706
608 707
613 708
611 709
614 710
616 711
605 712
599 713
608 714
604 715
581 716
595 717
606 718
613 719
