639 0
639 1
639 2
639 3
639 4
639 5
639 6
639 7
639 8
639 9
639 10
639 11
639 12
639 13
639 14
639 15
639 16
639 17
639 18
639 19
639 20
639 21
639 22
639 23
639 24
639 25
639 26
639 27
639 28
639 29
639 30
639 31
639 32
639 33
639 34
639 35
639 36
639 37
639 38
639 39
639 40
639 41
639 42
639 43
639 44
639 45
639 46
639 47
639 48
639 49
639 50
639 51
639 52
639 53
639 54
639 55
639 56
639 57
639 58
639 59
639 60
639 61
639 62
639 63
639 64
639 65
639 66
639 67
639 68
639 69
639 70
639 71
639 72
639 73
639 74
639 75
639 76
639 77
639 78
639 79
639 80
639 81
639 82
639 83
639 84
639 85
639 86
639 87
639 88
639 89
639 90
639 91
639 92
640 93
641 94
644 95
645 96
653 97
658 98
661 99
668 100
667 101
667 102
671 103
678 104
688 105
697 106
696 107
699 108
709 109
712 110
722 111
723 112
726 113
727 114
727 115
727 116
735 117
745 118
744 119
746 120
756 121
764 122
767 123
768 124
768 125
774 126
788 127
787 128
789 129
792 130
803 131
809 132
815 133
820 134
824 135
834 136
849 137
867 138
869 139
869 140
874 141
876 142
873 143
877 144
877 145
885 146
889 147
893 148
894 149
894 150
896 151
900 152
904 153
906 154
910 155
912 156
910 157
913 158
912 159
918 160
919 161
921 162
929 163
935 164
938 165
938 166
941 167
944 168
947 169
948 170
949 171
951 172
953 173
954 174
962 175
968 176
982 177
991 178
1003 179
1008 180
1011 181
1010 182
1011 183
1013 184
1014 185
1016 186
1018 187
1018 188
1022 189
1026 190
1026 191
1026 192
1041 193
1049 194
1054 195
1054 196
1055 197
1056 198
1068 199
1080 200
1092 201
1104 202
1107 203
1116 204
1121 205
1125 206
1127 207
1131 208
1141 209
1141 210
1147 211
1150 212
1153 213
1156 214
1155 215
1171 216
1178 217
1178 218
1175 219
1174 220
1174 221
1179 222
1185 223
1178 224
1191 225
1190 226
1191 227
1197 228
1200 229
1208 230
1204 231
1213 232
1205 233
1213 234
1218 235
1227 236
1216 237
1229 238
1217 239
1195 240
1185 241
1206 242
1239 243
1245 244
1240 245
1220 246
1123 247
1197 248
1253 249
1122 250
1267 251
1183 252
1230 258
820 259
1097 260
923 263
867 264
922 265
922 266
922 267
921 268
925 269
1176 271
1227 275
1264 279
1264 281
1264 282
1215 291
824 300
825 301
828 303
3 306
7 307
9 308
13 309
22 310
49 311
28 312
29 313
33 314
36 315
60 316
60 317
70 318
81 319
96 320
82 321
69 322
78 323
79 324
88 325
90 326
83 327
91 328
92 329
93 330
88 331
89 332
86 333
80 334
84 335
81 336
89 337
92 338
95 339
101 340
164 341
175 342
183 343
194 344
203 345
202 346
201 347
210 348
215 349
213 350
215 351
213 352
214 353
218 354
219 355
219 356
221 357
223 358
226 359
229 360
233 361
235 362
243 363
251 364
253 365
256 366
260 367
262 368
264 369
265 370
267 371
268 372
272 373
274 374
275 375
279 376
278 377
282 378
285 379
291 380
295 381
300 382
303 383
308 384
308 385
308 386
315 387
317 388
319 389
322 390
326 391
318 392
323 393
331 394
331 395
329 396
334 397
336 398
339 399
337 400
342 401
341 402
338 403
342 404
346 405
349 406
347 407
352 408
351 409
350 410
350 411
350 412
348 413
351 414
356 415
357 416
358 417
356 418
357 419
362 420
369 421
374 422
371 423
376 424
375 425
378 426
393 427
407 428
418 429
428 430
429 431
444 432
456 433
472 434
486 435
500 436
500 437
512 438
518 439
523 440
536 441
540 442
556 443
556 444
562 445
565 446
565 447
568 448
570 449
572 450
575 451
569 452
567 453
570 454
565 455
567 456
574 457
566 458
568 459
570 460
571 461
576 462
575 463
577 464
576 465
583 466
584 467
589 468
596 469
597 470
595 471
596 472
593 473
592 474
585 475
588 476
589 477
589 478
586 479
579 480
594 481
595 482
595 483
599 484
603 485
602 486
602 487
597 488
596 489
602 490
604 491
602 492
603 493
604 494
603 495
602 496
604 497
604 498
602 499
601 500
601 501
602 502
602 503
602 504
603 505
602 506
601 507
604 508
605 509
606 510
604 511
605 512
606 513
609 514
611 515
608 516
609 517
610 518
607 519
616 520
614 521
614 522
613 523
612 524
613 525
614 526
616 527
614 528
613 529
614 530
614 531
614 532
615 533
615 534
615 535
616 536
617 537
616 538
616 539
613 540
615 541
615 542
613 543
613 544
612 545
612 546
613 547
613 548
614 549
615 550
618 551
617 552
618 553
619 554
619 555
619 556
619 557
622 558
620 559
626 560
627 561
627 562
630 563
631 564
631 565
633 566
634 567
634 568
636 569
636 570
635 571
636 572
637 573
637 574
637 575
635 576
638 577
636 578
636 579
636 580
636 581
636 582
636 583
637 584
636 585
636 586
635 587
635 588
636 589
635 590
635 591
635 592
634 593
635 594
635 595
635 596
635 597
635 598
635 599
634 600
635 601
635 602
635 603
636 604
637 605
637 606
637 607
636 608
636 609
636 610
636 611
635 612
635 613
637 614
637 615
637 616
637 617
638 618
637 619
636 620
637 621
638 622
637 623
637 624
638 625
638 626
636 627
636 628
636 629
637 630
636 631
636 632
637 633
636 634
635 635
634 636
630 637
629 638
630 639
631 640
633 641
635 642
633 643
635 644
636 645
637 646
636 647
635 648
634 649
636 650
635 651
635 652
634 653
632 654
627 655
629 656
631 657
631 658
629 659
629 660
633 661
633 662
624 663
629 664
622 665
623 666
621 667
623 668
627 669
623 670
620 671
622 672
623 673
623 674
625 675
626 676
622 677
617 678
615 679
623 680
625 681
617 682
618 683
619 684
618 685
614 686
617 687
623 688
624 689
619 690
618 691
618 692
623 693
620 694
618 695
611 696
611 697
618 698
612 699
609 700
613 701
612 702
599 703
607 704
619 705
609 706
607 707
613 708
610 709
607 710
608 711
603 712
600 713
612 714
610 715
604 716
596 717
608 718
611 719
