639 0
639 1
639 2
639 3
639 4
639 5
639 6
639 7
639 8
639 9
639 10
639 11
639 12
639 13
639 14
639 15
639 16
639 17
639 18
639 19
639 20
639 21
639 22
639 23
639 24
639 25
639 26
639 27
639 28
639 29
639 30
639 31
639 32
639 33
639 34
639 35
639 36
639 37
639 38
639 39
639 40
639 41
639 42
639 43
639 44
639 45
639 46
639 47
639 48
639 49
639 50
639 51
639 52
639 53
639 54
639 55
639 56
639 57
639 58
639 59
639 60
639 61
639 62
639 63
639 64
639 65
639 66
639 67
639 68
639 69
639 70
639 71
639 72
639 73
639 74
639 75
639 76
639 77
639 78
639 79
639 80
639 81
639 82
639 83
639 84
639 85
639 86
639 87
639 88
639 89
639 90
639 91
639 92
639 93
641 94
644 95
646 96
654 97
658 98
664 99
673 100
673 101
667 102
673 103
676 104
695 105
701 106
697 107
702 108
709 109
717 110
720 111
720 112
727 113
731 114
728 115
728 116
740 117
748 118
751 119
755 120
760 121
762 122
771 123
771 124
771 125
774 126
784 127
790 128
790 129
791 130
806 131
814 132
814 133
820 134
822 135
830 136
844 137
866 138
870 139
872 140
872 141
873 142
880 143
876 144
880 145
885 146
890 147
892 148
894 149
895 150
896 151
899 152
902 153
906 154
909 155
910 156
913 157
915 158
916 159
915 160
917 161
922 162
920 163
926 164
938 165
938 166
941 167
946 168
948 169
949 170
948 171
951 172
953 173
955 174
960 175
964 176
980 177
993 178
1002 179
1007 180
1009 181
1012 182
1012 183
1014 184
1016 185
1016 186
1017 187
1020 188
1022 189
1025 190
1027 191
1027 192
1036 193
1045 194
1054 195
1058 196
1059 197
1060 198
1074 199
1089 200
1099 201
1108 202
1113 203
1114 204
1117 205
1123 206
1128 207
1130 208
1137 209
1142 210
1149 211
1147 212
1157 213
1154 214
1159 215
1163 216
1168 217
1177 218
1173 219
1176 220
1176 221
1179 222
1185 223
1186 224
1188 225
1189 226
1193 227
1199 228
1201 229
1202 230
1205 231
1209 232
1207 233
1220 234
1219 235
1225 236
1230 237
1235 238
1239 239
1238 240
1251 241
1240 242
1258 243
1261 244
1244 245
1252 246
1196 247
1180 248
929 249
951 250
1276 251
1276 252
980 255
979 256
1008 258
1014 260
1014 261
1231 263
1052 266
1235 268
1097 269
995 270
993 272
989 273
1004 274
1207 288
1256 293
1052 303
1036 304
144 306
86 307
108 308
122 309
144 310
149 311
67 312
31 313
30 314
34 315
66 316
41 317
43 318
43 319
48 320
51 321
52 322
54 323
56 324
57 325
58 326
88 327
61 328
63 329
80 330
88 331
89 332
84 333
88 334
90 335
94 336
95 337
85 338
89 339
95 340
120 341
173 342
182 343
186 344
193 345
196 346
197 347
202 348
204 349
209 350
210 351
213 352
214 353
215 354
217 355
220 356
224 357
224 358
223 359
225 360
231 361
234 362
243 363
247 364
256 365
255 366
260 367
258 368
261 369
265 370
265 371
268 372
268 373
273 374
273 375
276 376
279 377
283 378
284 379
289 380
290 381
291 382
295 383
297 384
297 385
296 386
301 387
304 388
305 389
302 390
308 391
311 392
311 393
313 394
315 395
322 396
323 397
321 398
318 399
325 400
330 401
334 402
338 403
335 404
337 405
348 406
346 407
344 408
346 409
351 410
350 411
358 412
361 413
372 414
377 415
373 416
378 417
379 418
381 419
386 420
390 421
405 422
405 423
406 424
416 425
420 426
420 427
424 428
432 429
425 430
414 431
410 432
417 433
417 434
422 435
418 436
426 437
433 438
435 439
442 440
457 441
465 442
468 443
484 444
501 445
497 446
500 447
496 448
506 449
508 450
500 451
505 452
507 453
507 454
496 455
504 456
496 457
507 458
512 459
506 460
506 461
518 462
513 463
530 464
538 465
535 466
536 467
528 468
538 469
541 470
535 471
534 472
533 473
528 474
522 475
518 476
533 477
530 478
535 479
537 480
537 481
541 482
544 483
554 484
563 485
563 486
562 487
563 488
559 489
565 490
566 491
569 492
568 493
567 494
568 495
566 496
567 497
567 498
568 499
570 500
569 501
564 502
565 503
568 504
567 505
568 506
569 507
570 508
569 509
565 510
569 511
575 512
581 513
592 514
596 515
595 516
596 517
599 518
601 519
597 520
598 521
597 522
599 523
600 524
597 525
596 526
596 527
595 528
596 529
597 530
594 531
602 532
601 533
601 534
603 535
602 536
601 537
602 538
602 539
603 540
603 541
601 542
601 543
599 544
603 545
602 546
601 547
602 548
602 549
601 550
601 551
600 552
601 553
601 554
601 555
600 556
600 557
604 558
601 559
599 560
601 561
602 562
601 563
598 564
596 565
596 566
597 567
594 568
595 569
594 570
593 571
593 572
593 573
594 574
596 575
597 576
598 577
597 578
596 579
595 580
593 581
596 582
598 583
599 584
597 585
596 586
595 587
599 588
602 589
600 590
601 591
600 592
601 593
603 594
603 595
604 596
604 597
602 598
603 599
607 600
607 601
606 602
609 603
610 604
607 605
608 606
609 607
608 608
613 609
615 610
617 611
619 612
621 613
623 614
620 615
620 616
620 617
621 618
629 619
629 620
629 621
629 622
631 623
632 624
633 625
630 626
629 627
632 628
633 629
630 630
629 631
630 632
629 633
632 634
630 635
631 636
630 637
629 638
628 639
625 640
625 641
626 642
628 643
625 644
623 645
623 646
623 647
623 648
622 649
626 650
625 651
625 652
625 653
624 654
620 655
620 656
622 657
624 658
624 659
628 660
626 661
624 662
621 663
619 664
622 665
619 666
625 667
624 668
621 669
622 670
620 671
620 672
627 673
621 674
617 675
618 676
619 677
623 678
616 679
614 680
618 681
620 682
611 683
609 684
608 685
608 686
612 687
614 688
612 689
611 690
607 691
611 692
606 693
607 694
606 695
599 696
600 697
597 698
597 699
610 700
607 701
600 702
600 703
593 704
582 705
581 706
588 707
593 708
589 709
585 710
576 711
565 712
562 713
567 714
573 715
573 716
577 717
582 718
586 719
