639 0
639 1
639 2
639 3
639 4
639 5
639 6
639 7
639 8
639 9
639 10
639 11
639 12
639 13
639 14
639 15
639 16
639 17
639 18
639 19
639 20
639 21
639 22
639 23
639 24
639 25
639 26
639 27
639 28
639 29
639 30
639 31
639 32
639 33
639 34
639 35
639 36
639 37
639 38
639 39
639 40
639 41
639 42
639 43
639 44
639 45
639 46
639 47
639 48
639 49
639 50
639 51
639 52
639 53
639 54
639 55
639 56
639 57
639 58
639 59
639 60
639 61
639 62
639 63
639 64
639 65
639 66
639 67
639 68
639 69
639 70
639 71
639 72
639 73
639 74
639 75
639 76
639 77
639 78
639 79
639 80
639 81
639 82
639 83
639 84
639 85
639 86
639 87
639 88
639 89
639 90
639 91
639 92
640 93
642 94
645 95
645 96
647 97
659 98
667 99
673 100
672 101
671 102
675 103
682 104
690 105
696 106
696 107
698 108
702 109
710 110
720 111
723 112
722 113
721 114
725 115
729 116
737 117
747 118
744 119
749 120
755 121
762 122
771 123
769 124
769 125
775 126
786 127
788 128
788 129
790 130
799 131
809 132
810 133
816 134
818 135
836 136
851 137
864 138
865 139
868 140
873 141
874 142
872 143
878 144
882 145
884 146
888 147
891 148
894 149
897 150
894 151
900 152
905 153
906 154
909 155
910 156
911 157
913 158
914 159
918 160
919 161
924 162
932 163
935 164
938 165
940 166
941 167
945 168
946 169
947 170
948 171
950 172
952 173
956 174
961 175
965 176
977 177
991 178
1000 179
1008 180
1009 181
1011 182
1013 183
1012 184
1015 185
1016 186
1018 187
1017 188
1021 189
1026 190
1026 191
1027 192
1041 193
1051 194
1055 195
1056 196
1056 197
1060 198
1068 199
1075 200
1093 201
1104 202
1108 203
1116 204
1122 205
1126 206
1127 207
1131 208
1140 209
1144 210
1152 211
1154 212
1155 213
1158 214
1166 215
1169 216
1176 217
1175 218
1174 219
1175 220
1177 221
1177 222
1189 223
1188 224
1184 225
1191 226
1196 227
1198 228
1203 229
1204 230
1209 231
1209 232
1218 233
1220 234
1223 235
1229 236
1228 237
1225 238
1214 239
1204 240
1205 241
1206 242
1228 243
1259 244
1243 245
1222 246
1093 247
1145 248
936 249
1107 250
902 251
776 252
1180 254
1122 255
776 256
928 262
1059 263
961 264
987 265
938 266
921 267
1024 268
925 269
922 270
922 271
1018 272
927 274
1155 275
1082 276
1245 280
1201 282
1193 283
1196 296
824 304
2 305
5 306
6 307
9 308
14 309
20 310
23 311
24 312
29 313
33 314
47 315
71 316
113 317
78 318
79 319
108 320
107 321
112 322
98 323
118 324
91 325
97 326
97 327
84 328
86 329
92 330
93 331
89 332
85 333
87 334
106 335
92 336
88 337
94 338
91 339
97 340
156 341
174 342
188 343
194 344
195 345
197 346
202 347
206 348
207 349
212 350
217 351
214 352
217 353
217 354
218 355
218 356
221 357
222 358
224 359
226 360
234 361
237 362
243 363
250 364
254 365
254 366
260 367
263 368
262 369
265 370
269 371
271 372
271 373
273 374
274 375
277 376
280 377
284 378
289 379
292 380
294 381
297 382
299 383
299 384
305 385
308 386
314 387
314 388
319 389
319 390
318 391
324 392
329 393
330 394
332 395
332 396
332 397
332 398
332 399
332 400
337 401
342 402
345 403
342 404
339 405
342 406
343 407
344 408
349 409
346 410
346 411
347 412
349 413
352 414
355 415
355 416
353 417
352 418
360 419
361 420
363 421
366 422
371 423
371 424
375 425
373 426
382 427
408 428
423 429
423 430
427 431
447 432
453 433
468 434
483 435
494 436
508 437
517 438
529 439
534 440
535 441
545 442
551 443
559 444
565 445
567 446
566 447
568 448
561 449
561 450
569 451
566 452
566 453
572 454
566 455
572 456
567 457
570 458
573 459
574 460
573 461
572 462
575 463
579 464
576 465
575 466
577 467
584 468
590 469
593 470
596 471
598 472
594 473
594 474
591 475
592 476
589 477
585 478
591 479
589 480
588 481
590 482
590 483
598 484
601 485
603 486
599 487
599 488
599 489
600 490
601 491
601 492
604 493
604 494
603 495
603 496
603 497
603 498
600 499
601 500
600 501
601 502
600 503
601 504
602 505
604 506
604 507
603 508
604 509
605 510
606 511
605 512
605 513
607 514
608 515
609 516
609 517
610 518
611 519
613 520
613 521
613 522
612 523
613 524
615 525
615 526
617 527
614 528
615 529
616 530
617 531
617 532
618 533
618 534
617 535
618 536
617 537
616 538
614 539
616 540
617 541
615 542
612 543
616 544
614 545
615 546
615 547
616 548
616 549
616 550
616 551
616 552
619 553
621 554
619 555
619 556
619 557
621 558
620 559
627 560
628 561
629 562
630 563
631 564
631 565
632 566
633 567
635 568
635 569
635 570
636 571
636 572
636 573
636 574
635 575
637 576
637 577
637 578
635 579
636 580
637 581
637 582
636 583
638 584
637 585
637 586
635 587
635 588
636 589
636 590
636 591
636 592
636 593
635 594
636 595
635 596
635 597
635 598
635 599
636 600
634 601
634 602
636 603
636 604
636 605
637 606
636 607
636 608
636 609
636 610
636 611
637 612
637 613
638 614
637 615
637 616
637 617
636 618
636 619
635 620
637 621
637 622
637 623
636 624
638 625
638 626
637 627
637 628
637 629
635 630
637 631
635 632
636 633
636 634
634 635
633 636
634 637
633 638
630 639
628 640
630 641
632 642
634 643
636 644
637 645
637 646
636 647
634 648
636 649
635 650
632 651
634 652
633 653
630 654
631 655
633 656
632 657
632 658
633 659
632 660
632 661
634 662
632 663
627 664
629 665
627 666
629 667
626 668
621 669
620 670
618 671
621 672
625 673
626 674
626 675
624 676
619 677
621 678
618 679
621 680
622 681
621 682
624 683
625 684
620 685
618 686
614 687
615 688
619 689
614 690
613 691
618 692
616 693
617 694
618 695
622 696
608 697
608 698
617 699
613 700
609 701
612 702
612 703
600 704
605 705
610 706
609 707
607 708
606 709
604 710
598 711
599 712
602 713
604 714
598 715
597 716
595 717
599 718
607 719
