639 0
639 1
639 2
639 3
639 4
639 5
639 6
639 7
639 8
639 9
639 10
639 11
639 12
639 13
639 14
639 15
639 16
639 17
639 18
639 19
639 20
639 21
639 22
639 23
639 24
639 25
639 26
639 27
639 28
639 29
639 30
639 31
639 32
639 33
639 34
639 35
639 36
639 37
639 38
639 39
639 40
639 41
639 42
639 43
639 44
639 45
639 46
639 47
639 48
639 49
639 50
639 51
639 52
639 53
639 54
639 55
639 56
639 57
639 58
639 59
639 60
639 61
639 62
639 63
639 64
639 65
639 66
639 67
639 68
639 69
639 70
639 71
639 72
639 73
639 74
639 75
639 76
639 77
639 78
639 79
639 80
639 81
639 82
639 83
639 84
639 85
639 86
639 87
639 88
639 89
639 90
639 91
639 92
639 93
641 94
645 95
648 96
650 97
657 98
659 99
669 100
671 101
673 102
674 103
669 104
692 105
692 106
692 107
700 108
701 109
704 110
715 111
721 112
723 113
724 114
729 115
731 116
736 117
744 118
746 119
750 120
758 121
767 122
769 123
768 124
771 125
773 126
785 127
787 128
789 129
792 130
805 131
808 132
813 133
819 134
824 135
830 136
849 137
870 138
870 139
873 140
873 141
874 142
874 143
877 144
879 145
885 146
888 147
892 148
894 149
898 150
899 151
899 152
903 153
907 154
908 155
911 156
912 157
912 158
914 159
916 160
917 161
918 162
928 163
935 164
936 165
939 166
942 167
945 168
948 169
949 170
949 171
948 172
952 173
955 174
961 175
966 176
978 177
993 178
1002 179
1007 180
1011 181
1012 182
1012 183
1013 184
1016 185
1016 186
1016 187
1017 188
1023 189
1025 190
1025 191
1027 192
1040 193
1051 194
1056 195
1056 196
1056 197
1054 198
1068 199
1075 200
1097 201
1104 202
1107 203
1115 204
1122 205
1125 206
1129 207
1131 208
1141 209
1142 210
1147 211
1151 212
1155 213
1157 214
1162 215
1169 216
1174 217
1173 218
1173 219
1175 220
1175 221
1179 222
1184 223
1187 224
1189 225
1189 226
1191 227
1194 228
1199 229
1206 230
1208 231
1214 232
1213 233
1215 234
1210 235
1223 236
1221 237
1234 238
1230 239
1238 240
1249 241
1216 242
1221 243
1215 244
1173 245
1184 246
1234 247
1255 248
928 249
945 250
1028 251
840 252
776 255
72 256
1228 257
1225 260
1169 263
1009 264
905 265
1050 266
996 267
923 268
923 269
1025 270
1229 271
1090 272
1261 276
1260 277
927 278
824 302
1044 303
0 304
0 305
6 306
7 307
11 308
16 309
45 310
42 311
28 312
31 313
43 314
38 315
39 316
51 317
54 318
79 319
94 320
80 321
81 322
95 323
118 324
73 325
75 326
91 327
85 328
78 329
79 330
100 331
106 332
84 333
82 334
83 335
80 336
105 337
121 338
102 339
102 340
160 341
176 342
185 343
190 344
194 345
197 346
200 347
206 348
207 349
209 350
214 351
214 352
216 353
218 354
218 355
219 356
221 357
222 358
224 359
228 360
235 361
236 362
247 363
251 364
254 365
256 366
258 367
260 368
265 369
268 370
270 371
272 372
272 373
275 374
277 375
279 376
282 377
283 378
288 379
289 380
292 381
298 382
300 383
304 384
306 385
308 386
312 387
314 388
317 389
319 390
326 391
319 392
324 393
319 394
324 395
335 396
336 397
332 398
336 399
332 400
337 401
341 402
342 403
338 404
335 405
344 406
349 407
344 408
344 409
347 410
346 411
348 412
352 413
352 414
351 415
357 416
354 417
356 418
360 419
359 420
363 421
369 422
372 423
371 424
369 425
373 426
387 427
413 428
424 429
426 430
430 431
448 432
458 433
471 434
485 435
497 436
511 437
512 438
520 439
521 440
533 441
548 442
559 443
561 444
560 445
565 446
562 447
564 448
565 449
568 450
565 451
568 452
565 453
569 454
569 455
572 456
563 457
554 458
556 459
562 460
567 461
573 462
574 463
580 464
581 465
578 466
574 467
578 468
587 469
592 470
595 471
596 472
598 473
596 474
594 475
590 476
589 477
588 478
589 479
591 480
592 481
592 482
590 483
600 484
602 485
602 486
599 487
597 488
597 489
598 490
602 491
600 492
602 493
602 494
603 495
606 496
603 497
603 498
603 499
602 500
600 501
600 502
600 503
599 504
601 505
602 506
603 507
603 508
603 509
605 510
604 511
607 512
606 513
606 514
609 515
610 516
608 517
609 518
609 519
612 520
612 521
613 522
612 523
613 524
613 525
611 526
611 527
615 528
612 529
614 530
616 531
617 532
616 533
615 534
616 535
615 536
615 537
615 538
614 539
614 540
615 541
614 542
613 543
617 544
614 545
613 546
614 547
614 548
614 549
617 550
618 551
618 552
617 553
618 554
618 555
619 556
619 557
618 558
619 559
622 560
628 561
629 562
629 563
631 564
631 565
633 566
633 567
633 568
634 569
635 570
636 571
636 572
636 573
636 574
636 575
635 576
637 577
637 578
637 579
637 580
637 581
636 582
636 583
637 584
638 585
637 586
635 587
637 588
638 589
637 590
636 591
635 592
635 593
636 594
637 595
637 596
636 597
636 598
636 599
636 600
636 601
636 602
637 603
637 604
637 605
637 606
635 607
637 608
638 609
637 610
638 611
639 612
638 613
637 614
637 615
636 616
638 617
637 618
638 619
638 620
638 621
638 622
637 623
637 624
637 625
637 626
637 627
637 628
637 629
637 630
637 631
637 632
637 633
636 634
637 635
636 636
634 637
633 638
632 639
631 640
633 641
634 642
636 643
634 644
636 645
635 646
635 647
635 648
635 649
636 650
633 651
633 652
634 653
634 654
633 655
631 656
632 657
629 658
631 659
633 660
633 661
634 662
632 663
629 664
626 665
628 666
631 667
629 668
628 669
626 670
625 671
625 672
626 673
627 674
625 675
626 676
621 677
618 678
617 679
622 680
622 681
620 682
622 683
621 684
618 685
620 686
624 687
621 688
622 689
617 690
617 691
616 692
618 693
615 694
612 695
616 696
614 697
607 698
605 699
608 700
611 701
612 702
609 703
610 704
606 705
594 706
595 707
600 708
608 709
612 710
606 711
605 712
607 713
607 714
601 715
597 716
603 717
603 718
601 719
