639 0
639 1
639 2
639 3
639 4
639 5
639 6
639 7
639 8
639 9
639 10
639 11
639 12
639 13
639 14
639 15
639 16
639 17
639 18
639 19
639 20
639 21
639 22
639 23
639 24
639 25
639 26
639 27
639 28
639 29
639 30
639 31
639 32
639 33
639 34
639 35
639 36
639 37
639 38
639 39
639 40
639 41
639 42
639 43
639 44
639 45
639 46
639 47
639 48
639 49
639 50
639 51
639 52
639 53
639 54
639 55
639 56
639 57
639 58
639 59
639 60
639 61
639 62
639 63
639 64
639 65
639 66
639 67
639 68
639 69
639 70
639 71
639 72
639 73
639 74
639 75
639 76
639 77
639 78
639 79
639 80
639 81
639 82
639 83
639 84
639 85
639 86
639 87
639 88
639 89
639 90
639 91
639 92
639 93
642 94
643 95
643 96
654 97
660 98
662 99
670 100
667 101
664 102
672 103
680 104
684 105
699 106
697 107
697 108
703 109
711 110
715 111
724 112
723 113
725 114
730 115
726 116
737 117
743 118
746 119
750 120
754 121
765 122
768 123
768 124
772 125
777 126
785 127
789 128
788 129
788 130
801 131
811 132
815 133
816 134
822 135
834 136
847 137
869 138
870 139
872 140
873 141
874 142
875 143
875 144
880 145
885 146
891 147
893 148
892 149
896 150
898 151
900 152
902 153
906 154
907 155
910 156
911 157
912 158
914 159
916 160
917 161
921 162
928 163
934 164
936 165
939 166
942 167
944 168
947 169
948 170
948 171
951 172
954 173
955 174
961 175
963 176
978 177
993 178
1003 179
1010 180
1010 181
1010 182
1012 183
1014 184
1016 185
1018 186
1016 187
1019 188
1023 189
1026 190
1026 191
1026 192
1040 193
1048 194
1055 195
1056 196
1054 197
1057 198
1068 199
1078 200
1090 201
1102 202
1104 203
1116 204
1122 205
1122 206
1127 207
1131 208
1137 209
1145 210
1150 211
1154 212
1153 213
1153 214
1161 215
1170 216
1178 217
1175 218
1170 219
1175 220
1175 221
1177 222
1185 223
1190 224
1190 225
1184 226
1188 227
1194 228
1199 229
1203 230
1206 231
1204 232
1216 233
1213 234
1219 235
1217 236
1235 237
1226 238
1204 239
1215 240
1219 241
1195 242
1229 243
1230 244
1203 245
1270 246
1207 247
1270 249
1130 250
1272 251
1004 255
1168 256
1241 257
1241 258
1244 261
923 262
1114 263
1225 264
1200 265
1093 266
920 267
1028 269
921 270
921 271
923 272
1215 286
1214 287
1231 288
1039 293
1194 296
1194 297
976 298
816 303
2 305
4 306
6 307
10 308
17 309
48 310
48 311
26 312
29 313
47 314
38 315
51 316
41 317
78 318
86 319
73 320
67 321
84 322
85 323
86 324
87 325
66 326
67 327
98 328
85 329
93 330
86 331
94 332
96 333
86 334
89 335
86 336
95 337
93 338
94 339
104 340
151 341
173 342
183 343
186 344
195 345
197 346
201 347
203 348
207 349
209 350
211 351
214 352
216 353
216 354
217 355
220 356
221 357
223 358
225 359
227 360
231 361
240 362
243 363
249 364
254 365
257 366
264 367
264 368
267 369
265 370
266 371
270 372
269 373
273 374
275 375
279 376
282 377
286 378
288 379
297 380
294 381
295 382
299 383
300 384
304 385
310 386
312 387
314 388
314 389
317 390
323 391
322 392
325 393
327 394
329 395
329 396
328 397
332 398
337 399
336 400
342 401
344 402
343 403
332 404
336 405
340 406
342 407
344 408
346 409
346 410
344 411
348 412
349 413
349 414
351 415
354 416
353 417
354 418
356 419
357 420
363 421
363 422
364 423
369 424
365 425
374 426
389 427
410 428
419 429
422 430
426 431
447 432
450 433
465 434
478 435
489 436
507 437
512 438
512 439
529 440
538 441
549 442
554 443
564 444
564 445
557 446
566 447
555 448
572 449
565 450
563 451
566 452
565 453
567 454
572 455
571 456
571 457
562 458
563 459
567 460
567 461
568 462
572 463
576 464
578 465
575 466
576 467
579 468
583 469
590 470
590 471
596 472
600 473
596 474
593 475
590 476
586 477
590 478
585 479
590 480
593 481
590 482
593 483
597 484
601 485
602 486
599 487
597 488
598 489
598 490
603 491
601 492
603 493
604 494
602 495
603 496
605 497
605 498
599 499
600 500
600 501
600 502
601 503
601 504
601 505
602 506
602 507
604 508
604 509
604 510
605 511
605 512
605 513
606 514
606 515
609 516
609 517
609 518
613 519
614 520
613 521
612 522
613 523
614 524
613 525
613 526
614 527
618 528
616 529
617 530
617 531
617 532
616 533
618 534
620 535
617 536
618 537
617 538
615 539
612 540
613 541
613 542
614 543
612 544
612 545
613 546
613 547
614 548
614 549
617 550
618 551
618 552
619 553
619 554
618 555
618 556
620 557
622 558
622 559
625 560
628 561
628 562
629 563
631 564
633 565
632 566
631 567
631 568
634 569
635 570
636 571
636 572
636 573
636 574
636 575
636 576
637 577
637 578
637 579
637 580
637 581
637 582
637 583
636 584
637 585
637 586
637 587
636 588
636 589
637 590
636 591
636 592
637 593
636 594
636 595
635 596
636 597
636 598
634 599
635 600
633 601
635 602
635 603
635 604
636 605
637 606
638 607
636 608
635 609
636 610
638 611
638 612
637 613
638 614
637 615
636 616
637 617
638 618
636 619
637 620
637 621
635 622
633 623
637 624
638 625
638 626
637 627
637 628
636 629
638 630
636 631
636 632
638 633
637 634
637 635
635 636
635 637
636 638
631 639
631 640
631 641
631 642
635 643
635 644
636 645
636 646
632 647
636 648
636 649
633 650
633 651
635 652
636 653
634 654
633 655
631 656
632 657
632 658
632 659
635 660
634 661
630 662
627 663
624 664
629 665
628 666
626 667
626 668
623 669
623 670
615 671
622 672
622 673
623 674
625 675
621 676
619 677
622 678
618 679
618 680
625 681
624 682
617 683
619 684
619 685
621 686
615 687
621 688
624 689
617 690
617 691
618 692
617 693
619 694
618 695
617 696
622 697
612 698
608 699
615 700
617 701
610 702
611 703
611 704
609 705
611 706
610 707
613 708
607 709
601 710
600 711
598 712
600 713
603 714
606 715
597 716
588 717
589 718
602 719
