639 0
639 1
639 2
639 3
639 4
639 5
639 6
639 7
639 8
639 9
639 10
639 11
639 12
639 13
639 14
639 15
639 16
639 17
639 18
639 19
639 20
639 21
639 22
639 23
639 24
639 25
639 26
639 27
639 28
639 29
639 30
639 31
639 32
639 33
639 34
639 35
639 36
639 37
639 38
639 39
639 40
639 41
639 42
639 43
639 44
639 45
639 46
639 47
639 48
639 49
639 50
639 51
639 52
639 53
639 54
639 55
639 56
639 57
639 58
639 59
639 60
639 61
639 62
639 63
639 64
639 65
639 66
639 67
639 68
639 69
639 70
639 71
639 72
639 73
639 74
639 75
639 76
639 77
639 78
639 79
639 80
639 81
639 82
639 83
639 84
639 85
639 86
639 87
639 88
639 89
639 90
639 91
639 92
641 93
641 94
644 95
651 96
653 97
661 98
664 99
667 100
667 101
664 102
670 103
681 104
690 105
697 106
700 107
702 108
704 109
714 110
723 111
720 112
722 113
723 114
725 115
726 116
735 117
744 118
748 119
754 120
758 121
759 122
769 123
769 124
771 125
777 126
783 127
788 128
790 129
790 130
798 131
807 132
815 133
817 134
821 135
831 136
846 137
869 138
867 139
871 140
872 141
875 142
873 143
878 144
878 145
884 146
889 147
894 148
894 149
896 150
898 151
901 152
902 153
906 154
910 155
911 156
912 157
913 158
915 159
916 160
914 161
922 162
928 163
933 164
935 165
937 166
941 167
945 168
948 169
949 170
946 171
951 172
954 173
958 174
964 175
965 176
976 177
993 178
1004 179
1008 180
1008 181
1009 182
1010 183
1010 184
1014 185
1017 186
1017 187
1019 188
1022 189
1027 190
1027 191
1026 192
1043 193
1049 194
1055 195
1056 196
1057 197
1061 198
1068 199
1079 200
1094 201
1108 202
1109 203
1116 204
1123 205
1125 206
1126 207
1131 208
1141 209
1144 210
1153 211
1151 212
1153 213
1156 214
1163 215
1172 216
1174 217
1176 218
1172 219
1174 220
1178 221
1179 222
1186 223
1190 224
1189 225
1187 226
1194 227
1198 228
1200 229
1205 230
1209 231
1211 232
1217 233
1216 234
1222 235
1223 236
1218 237
1222 238
1172 239
1171 240
1211 241
1210 242
1229 243
1239 244
1243 245
1223 246
1262 247
1193 248
778 249
777 250
1275 251
942 252
1184 254
1082 255
1225 258
1238 259
1278 260
1279 261
1226 262
1226 263
1125 264
1209 265
1108 266
1085 267
1149 268
920 269
920 270
1243 271
919 272
919 273
1187 280
1184 283
1204 284
1191 286
799 288
943 301
943 302
1200 303
1 305
3 306
8 307
13 308
16 309
20 310
22 311
27 312
29 313
32 314
38 315
39 316
43 317
46 318
56 319
58 320
58 321
67 322
68 323
76 324
77 325
78 326
73 327
102 328
85 329
87 330
86 331
90 332
85 333
75 334
75 335
92 336
95 337
98 338
111 339
112 340
155 341
177 342
185 343
193 344
199 345
204 346
201 347
203 348
208 349
209 350
212 351
214 352
214 353
216 354
218 355
220 356
221 357
222 358
225 359
230 360
233 361
238 362
243 363
251 364
254 365
257 366
259 367
264 368
265 369
265 370
269 371
269 372
270 373
272 374
276 375
278 376
282 377
284 378
286 379
288 380
290 381
294 382
299 383
302 384
306 385
310 386
314 387
315 388
319 389
320 390
319 391
323 392
321 393
328 394
325 395
328 396
334 397
330 398
328 399
329 400
335 401
340 402
342 403
336 404
333 405
334 406
340 407
342 408
344 409
345 410
346 411
346 412
347 413
350 414
351 415
352 416
352 417
355 418
357 419
361 420
360 421
362 422
367 423
366 424
366 425
371 426
391 427
412 428
421 429
419 430
423 431
443 432
460 433
468 434
495 435
500 436
507 437
512 438
515 439
526 440
537 441
545 442
557 443
554 444
564 445
558 446
559 447
558 448
569 449
564 450
561 451
577 452
585 453
582 454
566 455
567 456
573 457
564 458
568 459
573 460
570 461
572 462
570 463
579 464
579 465
578 466
578 467
579 468
583 469
588 470
591 471
593 472
598 473
597 474
590 475
592 476
592 477
590 478
589 479
592 480
593 481
593 482
594 483
599 484
600 485
602 486
598 487
599 488
600 489
600 490
601 491
601 492
603 493
601 494
602 495
602 496
603 497
603 498
601 499
600 500
600 501
601 502
600 503
602 504
602 505
603 506
605 507
605 508
606 509
606 510
605 511
606 512
606 513
607 514
608 515
609 516
609 517
610 518
612 519
613 520
612 521
611 522
613 523
613 524
612 525
613 526
613 527
615 528
615 529
616 530
616 531
618 532
619 533
618 534
617 535
618 536
616 537
616 538
613 539
613 540
611 541
611 542
611 543
612 544
614 545
615 546
614 547
614 548
615 549
616 550
617 551
619 552
619 553
619 554
619 555
621 556
622 557
623 558
623 559
625 560
628 561
631 562
632 563
632 564
633 565
633 566
632 567
634 568
634 569
636 570
636 571
636 572
636 573
635 574
636 575
636 576
637 577
636 578
638 579
637 580
637 581
636 582
636 583
636 584
637 585
637 586
637 587
636 588
634 589
635 590
635 591
636 592
636 593
636 594
636 595
636 596
636 597
637 598
637 599
635 600
636 601
635 602
636 603
637 604
636 605
635 606
634 607
636 608
636 609
637 610
637 611
638 612
637 613
637 614
636 615
635 616
638 617
638 618
637 619
637 620
637 621
637 622
638 623
637 624
638 625
638 626
635 627
636 628
637 629
637 630
636 631
637 632
638 633
638 634
636 635
633 636
635 637
633 638
628 639
632 640
631 641
631 642
632 643
633 644
635 645
637 646
634 647
635 648
635 649
635 650
636 651
636 652
634 653
635 654
635 655
631 656
631 657
630 658
632 659
634 660
634 661
634 662
630 663
628 664
627 665
628 666
625 667
626 668
626 669
625 670
620 671
617 672
627 673
626 674
625 675
621 676
621 677
618 678
619 679
620 680
623 681
621 682
626 683
619 684
618 685
622 686
622 687
620 688
626 689
625 690
620 691
614 692
611 693
612 694
613 695
616 696
617 697
609 698
606 699
613 700
614 701
613 702
614 703
621 704
614 705
607 706
613 707
606 708
602 709
609 710
610 711
610 712
599 713
604 714
610 715
591 716
585 717
595 718
602 719
