639 0
639 1
639 2
639 3
639 4
639 5
639 6
639 7
639 8
639 9
639 10
639 11
639 12
639 13
639 14
639 15
639 16
639 17
639 18
639 19
639 20
639 21
639 22
639 23
639 24
639 25
639 26
639 27
639 28
639 29
639 30
639 31
639 32
639 33
639 34
639 35
639 36
639 37
639 38
639 39
639 40
639 41
639 42
639 43
639 44
639 45
639 46
639 47
639 48
639 49
639 50
639 51
639 52
639 53
639 54
639 55
639 56
639 57
639 58
639 59
639 60
639 61
639 62
639 63
639 64
639 65
639 66
639 67
639 68
639 69
639 70
639 71
639 72
639 73
639 74
639 75
639 76
639 77
639 78
639 79
639 80
639 81
639 82
639 83
639 84
639 85
639 86
639 87
639 88
639 89
639 90
640 91
639 92
639 93
640 94
644 95
647 96
650 97
661 98
663 99
668 100
669 101
667 102
666 103
678 104
691 105
691 106
691 107
698 108
704 109
711 110
720 111
723 112
722 113
725 114
726 115
730 116
733 117
745 118
744 119
750 120
752 121
762 122
769 123
769 124
773 125
775 126
786 127
788 128
789 129
791 130
805 131
809 132
810 133
817 134
821 135
827 136
844 137
866 138
865 139
865 140
873 141
876 142
875 143
876 144
882 145
884 146
889 147
893 148
893 149
895 150
899 151
899 152
903 153
907 154
908 155
914 156
912 157
915 158
916 159
917 160
919 161
918 162
926 163
933 164
938 165
937 166
941 167
942 168
947 169
948 170
949 171
950 172
952 173
955 174
962 175
967 176
980 177
998 178
1005 179
1007 180
1008 181
1008 182
1010 183
1012 184
1015 185
1017 186
1018 187
1016 188
1019 189
1026 190
1026 191
1026 192
1043 193
1048 194
1055 195
1055 196
1054 197
1057 198
1067 199
1077 200
1090 201
1103 202
1106 203
1117 204
1122 205
1126 206
1127 207
1131 208
1141 209
1142 210
1150 211
1156 212
1157 213
1161 214
1159 215
1170 216
1175 217
1173 218
1176 219
1174 220
1175 221
1180 222
1184 223
1186 224
1188 225
1190 226
1197 227
1198 228
1202 229
1207 230
1210 231
1212 232
1218 233
1218 234
1226 235
1231 236
1227 237
1232 238
1237 239
1238 240
1241 241
1243 242
1240 243
1238 244
1245 245
1211 246
1211 247
1121 248
1093 249
1153 250
1027 251
777 252
775 253
872 255
1174 256
1159 258
1159 259
1197 260
1216 261
920 262
1120 263
995 264
919 265
979 266
1009 267
921 268
959 269
922 270
925 271
1263 275
1263 276
931 284
931 285
1215 287
1064 288
984 289
987 296
988 297
824 301
822 303
1175 304
294 305
4 306
9 307
11 308
14 309
21 310
24 311
50 312
31 313
32 314
47 315
60 316
69 317
78 318
88 319
97 320
68 321
99 322
107 323
95 324
87 325
111 326
106 327
107 328
103 329
86 330
81 331
89 332
96 333
92 334
84 335
80 336
83 337
86 338
91 339
97 340
158 341
174 342
182 343
189 344
196 345
199 346
201 347
204 348
207 349
210 350
213 351
213 352
215 353
217 354
218 355
219 356
222 357
222 358
225 359
228 360
233 361
238 362
243 363
252 364
253 365
257 366
258 367
263 368
263 369
265 370
267 371
271 372
271 373
274 374
277 375
276 376
281 377
284 378
286 379
289 380
290 381
294 382
299 383
300 384
302 385
308 386
311 387
316 388
318 389
315 390
319 391
318 392
324 393
324 394
323 395
324 396
326 397
325 398
326 399
338 400
338 401
339 402
343 403
341 404
339 405
337 406
336 407
348 408
347 409
348 410
347 411
347 412
348 413
351 414
351 415
353 416
351 417
352 418
355 419
357 420
359 421
367 422
369 423
368 424
368 425
372 426
393 427
408 428
416 429
427 430
429 431
448 432
453 433
465 434
484 435
497 436
506 437
512 438
520 439
528 440
534 441
548 442
562 443
554 444
559 445
564 446
565 447
569 448
575 449
570 450
571 451
567 452
564 453
568 454
573 455
569 456
573 457
572 458
572 459
569 460
564 461
569 462
573 463
574 464
581 465
581 466
581 467
583 468
585 469
590 470
593 471
599 472
596 473
595 474
591 475
592 476
590 477
592 478
588 479
590 480
591 481
591 482
593 483
597 484
599 485
598 486
599 487
600 488
602 489
600 490
603 491
603 492
602 493
603 494
604 495
604 496
604 497
603 498
603 499
600 500
600 501
601 502
604 503
600 504
601 505
602 506
603 507
604 508
603 509
605 510
604 511
606 512
607 513
606 514
606 515
608 516
608 517
609 518
611 519
611 520
613 521
612 522
612 523
613 524
614 525
615 526
615 527
616 528
614 529
613 530
618 531
615 532
616 533
617 534
616 535
616 536
616 537
615 538
616 539
616 540
615 541
612 542
612 543
614 544
614 545
613 546
614 547
613 548
614 549
616 550
618 551
617 552
618 553
619 554
618 555
618 556
618 557
620 558
622 559
623 560
626 561
628 562
631 563
631 564
631 565
632 566
633 567
634 568
635 569
635 570
636 571
636 572
636 573
636 574
635 575
637 576
637 577
637 578
636 579
637 580
637 581
637 582
635 583
636 584
636 585
635 586
635 587
636 588
637 589
637 590
636 591
638 592
635 593
635 594
635 595
636 596
636 597
637 598
637 599
634 600
636 601
634 602
636 603
636 604
637 605
635 606
636 607
637 608
634 609
636 610
637 611
637 612
637 613
638 614
635 615
636 616
637 617
637 618
637 619
637 620
638 621
638 622
638 623
637 624
637 625
637 626
637 627
637 628
638 629
637 630
637 631
637 632
638 633
637 634
635 635
637 636
636 637
635 638
632 639
630 640
630 641
631 642
636 643
634 644
634 645
636 646
634 647
634 648
635 649
637 650
636 651
634 652
633 653
635 654
632 655
630 656
633 657
628 658
630 659
631 660
627 661
628 662
626 663
628 664
628 665
628 666
627 667
625 668
626 669
625 670
617 671
622 672
625 673
624 674
626 675
623 676
617 677
619 678
624 679
624 680
627 681
623 682
620 683
617 684
612 685
619 686
619 687
623 688
623 689
623 690
619 691
617 692
613 693
616 694
618 695
615 696
613 697
609 698
607 699
614 700
610 701
607 702
614 703
599 704
605 705
604 706
611 707
617 708
618 709
613 710
601 711
591 712
601 713
604 714
601 715
600 716
599 717
596 718
603 719
