639 0
639 1
639 2
639 3
639 4
639 5
639 6
639 7
639 8
639 9
639 10
639 11
639 12
639 13
639 14
639 15
639 16
639 17
639 18
639 19
639 20
639 21
639 22
639 23
639 24
639 25
639 26
639 27
639 28
639 29
639 30
639 31
639 32
639 33
639 34
639 35
639 36
639 37
639 38
639 39
639 40
639 41
639 42
639 43
639 44
639 45
639 46
639 47
639 48
639 49
639 50
639 51
639 52
639 53
639 54
639 55
639 56
639 57
639 58
639 59
639 60
639 61
639 62
639 63
639 64
639 65
639 66
639 67
639 68
639 69
639 70
639 71
639 72
639 73
639 74
639 75
639 76
639 77
639 78
639 79
639 80
639 81
639 82
639 83
639 84
639 85
639 86
639 87
639 88
639 89
639 90
639 91
639 92
641 93
642 94
644 95
644 96
650 97
659 98
662 99
667 100
670 101
670 102
673 103
683 104
690 105
691 106
694 107
702 108
703 109
707 110
716 111
718 112
720 113
723 114
725 115
727 116
738 117
744 118
744 119
745 120
751 121
764 122
766 123
769 124
769 125
774 126
786 127
787 128
791 129
796 130
801 131
811 132
807 133
812 134
830 135
837 136
850 137
866 138
869 139
871 140
875 141
875 142
871 143
876 144
881 145
886 146
889 147
891 148
894 149
895 150
895 151
897 152
902 153
906 154
909 155
912 156
911 157
912 158
915 159
916 160
920 161
922 162
927 163
935 164
936 165
939 166
941 167
944 168
947 169
947 170
947 171
951 172
952 173
957 174
961 175
964 176
978 177
994 178
1002 179
1010 180
1011 181
1011 182
1011 183
1012 184
1015 185
1015 186
1017 187
1019 188
1022 189
1024 190
1026 191
1026 192
1044 193
1049 194
1054 195
1056 196
1056 197
1056 198
1069 199
1081 200
1089 201
1103 202
1104 203
1119 204
1121 205
1125 206
1129 207
1130 208
1136 209
1141 210
1150 211
1154 212
1156 213
1155 214
1160 215
1169 216
1171 217
1174 218
1172 219
1174 220
1175 221
1176 222
1183 223
1187 224
1188 225
1190 226
1191 227
1192 228
1201 229
1207 230
1208 231
1209 232
1216 233
1221 234
1222 235
1220 236
1226 237
1224 238
1211 239
1202 240
1200 241
1223 242
1237 243
1200 244
1185 245
1257 246
1102 247
887 248
1026 249
1272 250
1273 251
1272 252
1279 253
772 254
886 255
775 256
1234 258
1252 262
1256 264
1031 265
988 266
1023 267
914 268
1119 269
917 270
1066 271
916 272
920 274
920 275
1177 283
1208 292
815 296
984 298
984 299
986 304
3 305
3 306
6 307
12 308
14 309
18 310
49 311
29 312
30 313
33 314
36 315
40 316
41 317
43 318
71 319
48 320
51 321
75 322
90 323
97 324
85 325
93 326
94 327
90 328
84 329
93 330
100 331
102 332
103 333
104 334
107 335
80 336
84 337
93 338
101 339
98 340
163 341
186 342
182 343
187 344
197 345
197 346
202 347
205 348
209 349
209 350
211 351
215 352
215 353
216 354
217 355
219 356
222 357
222 358
226 359
227 360
231 361
237 362
243 363
250 364
253 365
256 366
260 367
260 368
264 369
264 370
265 371
267 372
270 373
272 374
275 375
279 376
282 377
283 378
287 379
289 380
292 381
297 382
300 383
303 384
304 385
309 386
311 387
314 388
314 389
313 390
314 391
315 392
313 393
318 394
323 395
323 396
330 397
329 398
330 399
337 400
338 401
340 402
331 403
343 404
340 405
335 406
336 407
339 408
343 409
342 410
339 411
342 412
345 413
348 414
348 415
348 416
350 417
350 418
353 419
360 420
364 421
364 422
366 423
365 424
368 425
371 426
380 427
405 428
419 429
424 430
424 431
452 432
459 433
468 434
477 435
493 436
502 437
509 438
527 439
535 440
544 441
548 442
557 443
558 444
566 445
566 446
567 447
561 448
558 449
566 450
568 451
570 452
577 453
570 454
563 455
564 456
568 457
567 458
572 459
568 460
569 461
573 462
567 463
573 464
578 465
577 466
579 467
580 468
580 469
589 470
591 471
591 472
596 473
597 474
599 475
599 476
599 477
600 478
594 479
591 480
590 481
589 482
591 483
598 484
600 485
600 486
594 487
598 488
602 489
600 490
600 491
601 492
602 493
605 494
605 495
603 496
604 497
602 498
603 499
603 500
601 501
600 502
602 503
601 504
603 505
602 506
603 507
604 508
603 509
605 510
606 511
606 512
605 513
606 514
608 515
609 516
609 517
610 518
611 519
612 520
614 521
615 522
614 523
613 524
613 525
613 526
614 527
614 528
615 529
615 530
616 531
616 532
618 533
619 534
619 535
618 536
616 537
615 538
615 539
615 540
614 541
613 542
614 543
614 544
612 545
614 546
614 547
613 548
615 549
617 550
616 551
616 552
619 553
619 554
619 555
620 556
621 557
621 558
621 559
625 560
627 561
629 562
631 563
631 564
631 565
632 566
633 567
634 568
635 569
635 570
636 571
636 572
636 573
636 574
637 575
637 576
637 577
637 578
636 579
636 580
637 581
637 582
637 583
637 584
636 585
637 586
637 587
637 588
636 589
637 590
637 591
637 592
637 593
636 594
635 595
635 596
636 597
636 598
635 599
636 600
636 601
637 602
636 603
636 604
636 605
637 606
635 607
634 608
634 609
638 610
638 611
638 612
636 613
637 614
637 615
636 616
638 617
638 618
638 619
637 620
636 621
637 622
637 623
636 624
637 625
638 626
636 627
635 628
636 629
637 630
636 631
638 632
636 633
637 634
637 635
637 636
636 637
636 638
634 639
633 640
634 641
630 642
631 643
633 644
636 645
636 646
634 647
633 648
636 649
634 650
633 651
636 652
636 653
634 654
632 655
633 656
630 657
628 658
632 659
633 660
635 661
634 662
628 663
626 664
628 665
626 666
628 667
626 668
622 669
621 670
622 671
624 672
625 673
626 674
625 675
621 676
616 677
621 678
621 679
624 680
621 681
618 682
618 683
620 684
623 685
624 686
621 687
623 688
623 689
625 690
620 691
616 692
613 693
614 694
616 695
614 696
616 697
617 698
616 699
616 700
616 701
616 702
615 703
615 704
605 705
604 706
605 707
607 708
606 709
614 710
611 711
600 712
606 713
605 714
607 715
603 716
602 717
606 718
610 719
