639 0
639 1
639 2
639 3
639 4
639 5
639 6
639 7
639 8
639 9
639 10
639 11
639 12
639 13
639 14
639 15
639 16
639 17
639 18
639 19
639 20
639 21
639 22
639 23
639 24
639 25
639 26
639 27
639 28
639 29
639 30
639 31
639 32
639 33
639 34
639 35
639 36
639 37
639 38
639 39
639 40
639 41
639 42
639 43
639 44
639 45
639 46
639 47
639 48
639 49
639 50
639 51
639 52
639 53
639 54
639 55
639 56
639 57
639 58
639 59
639 60
639 61
639 62
639 63
639 64
639 65
639 66
639 67
639 68
639 69
639 70
639 71
639 72
639 73
639 74
639 75
639 76
639 77
639 78
639 79
639 80
639 81
639 82
639 83
639 84
639 85
639 86
639 87
639 88
639 89
639 90
639 91
639 92
640 93
641 94
642 95
643 96
650 97
658 98
660 99
672 100
672 101
667 102
670 103
681 104
687 105
697 106
699 107
702 108
701 109
705 110
718 111
721 112
727 113
727 114
723 115
726 116
734 117
742 118
746 119
753 120
756 121
766 122
770 123
770 124
771 125
778 126
783 127
789 128
788 129
791 130
802 131
810 132
812 133
816 134
821 135
835 136
849 137
869 138
871 139
873 140
874 141
874 142
875 143
877 144
880 145
885 146
889 147
892 148
894 149
898 150
898 151
901 152
903 153
906 154
907 155
910 156
912 157
914 158
914 159
916 160
917 161
923 162
929 163
934 164
937 165
938 166
942 167
946 168
947 169
946 170
948 171
950 172
953 173
954 174
961 175
965 176
980 177
996 178
1005 179
1008 180
1008 181
1009 182
1012 183
1013 184
1016 185
1017 186
1018 187
1019 188
1024 189
1026 190
1025 191
1026 192
1044 193
1049 194
1055 195
1056 196
1054 197
1056 198
1066 199
1076 200
1088 201
1104 202
1108 203
1118 204
1122 205
1125 206
1127 207
1132 208
1137 209
1141 210
1150 211
1152 212
1155 213
1156 214
1161 215
1166 216
1173 217
1176 218
1173 219
1173 220
1177 221
1179 222
1187 223
1188 224
1189 225
1189 226
1196 227
1199 228
1195 229
1201 230
1208 231
1210 232
1210 233
1215 234
1225 235
1217 236
1214 237
1217 238
1188 239
1202 240
1240 241
1230 242
1220 243
1230 244
1180 245
1262 246
1217 247
1269 248
1014 249
1279 252
1005 253
1178 254
1142 255
1203 256
1228 259
1240 261
1235 263
1249 264
1036 266
917 267
920 268
927 269
925 270
1071 271
1237 272
1272 273
1272 274
1099 277
1271 278
1271 279
927 280
1200 283
1234 301
815 304
272 305
4 306
3 307
10 308
16 309
20 310
23 311
29 312
29 313
31 314
36 315
41 316
44 317
44 318
55 319
76 320
89 321
109 322
68 323
85 324
106 325
110 326
105 327
95 328
96 329
92 330
94 331
89 332
91 333
81 334
77 335
91 336
83 337
88 338
91 339
105 340
150 341
179 342
185 343
187 344
196 345
200 346
204 347
208 348
209 349
209 350
215 351
214 352
215 353
217 354
221 355
220 356
223 357
223 358
225 359
226 360
234 361
237 362
241 363
251 364
254 365
256 366
258 367
262 368
264 369
266 370
268 371
272 372
273 373
272 374
275 375
278 376
281 377
284 378
286 379
288 380
290 381
295 382
297 383
301 384
301 385
303 386
309 387
311 388
312 389
314 390
317 391
318 392
323 393
324 394
317 395
317 396
324 397
327 398
325 399
332 400
345 401
346 402
341 403
342 404
335 405
339 406
339 407
340 408
342 409
344 410
345 411
343 412
346 413
347 414
347 415
349 416
350 417
351 418
356 419
355 420
359 421
365 422
366 423
367 424
370 425
369 426
373 427
395 428
411 429
416 430
427 431
444 432
453 433
467 434
480 435
491 436
501 437
517 438
525 439
533 440
538 441
546 442
553 443
561 444
559 445
570 446
561 447
568 448
569 449
566 450
568 451
565 452
570 453
574 454
577 455
578 456
583 457
577 458
569 459
572 460
565 461
571 462
570 463
572 464
577 465
580 466
578 467
581 468
580 469
585 470
589 471
592 472
597 473
596 474
591 475
593 476
591 477
588 478
589 479
586 480
589 481
588 482
594 483
594 484
599 485
603 486
602 487
600 488
600 489
601 490
600 491
602 492
603 493
603 494
602 495
603 496
605 497
603 498
601 499
601 500
601 501
600 502
599 503
601 504
601 505
601 506
603 507
603 508
603 509
605 510
606 511
603 512
605 513
606 514
608 515
608 516
608 517
610 518
610 519
611 520
613 521
614 522
615 523
614 524
613 525
614 526
616 527
617 528
615 529
614 530
616 531
617 532
616 533
617 534
619 535
618 536
616 537
616 538
617 539
615 540
615 541
613 542
614 543
613 544
613 545
613 546
616 547
615 548
615 549
616 550
617 551
619 552
618 553
619 554
618 555
619 556
617 557
621 558
623 559
625 560
627 561
630 562
630 563
630 564
631 565
632 566
634 567
634 568
635 569
635 570
635 571
635 572
636 573
636 574
636 575
637 576
637 577
637 578
637 579
637 580
637 581
637 582
637 583
637 584
637 585
636 586
637 587
636 588
635 589
635 590
636 591
637 592
636 593
636 594
636 595
635 596
636 597
636 598
635 599
634 600
635 601
635 602
637 603
636 604
635 605
634 606
634 607
636 608
636 609
636 610
636 611
636 612
638 613
638 614
637 615
636 616
637 617
637 618
638 619
638 620
637 621
637 622
637 623
638 624
638 625
638 626
636 627
634 628
634 629
635 630
635 631
635 632
638 633
637 634
636 635
636 636
635 637
637 638
636 639
632 640
632 641
630 642
630 643
630 644
635 645
635 646
635 647
634 648
634 649
633 650
635 651
636 652
635 653
631 654
633 655
630 656
629 657
630 658
629 659
631 660
630 661
631 662
631 663
629 664
628 665
627 666
626 667
625 668
626 669
621 670
623 671
624 672
626 673
620 674
619 675
621 676
621 677
622 678
622 679
620 680
617 681
615 682
615 683
616 684
614 685
620 686
620 687
617 688
618 689
622 690
616 691
619 692
624 693
620 694
616 695
609 696
612 697
608 698
613 699
610 700
606 701
609 702
608 703
607 704
610 705
608 706
604 707
607 708
610 709
612 710
612 711
601 712
599 713
608 714
616 715
601 716
606 717
606 718
610 719
