639 0
639 1
639 2
639 3
639 4
639 5
639 6
639 7
639 8
639 9
639 10
639 11
639 12
639 13
639 14
639 15
639 16
639 17
639 18
639 19
639 20
639 21
639 22
639 23
639 24
639 25
639 26
639 27
639 28
639 29
639 30
639 31
639 32
639 33
639 34
639 35
639 36
639 37
639 38
639 39
639 40
639 41
639 42
639 43
639 44
639 45
639 46
639 47
639 48
639 49
639 50
639 51
639 52
639 53
639 54
639 55
639 56
639 57
639 58
639 59
639 60
639 61
639 62
639 63
639 64
639 65
639 66
639 67
639 68
639 69
639 70
639 71
639 72
639 73
639 74
639 75
639 76
639 77
639 78
639 79
639 80
639 81
639 82
639 83
639 84
639 85
639 86
639 87
639 88
639 89
639 90
639 91
639 92
640 93
641 94
642 95
645 96
653 97
657 98
661 99
672 100
674 101
668 102
668 103
681 104
695 105
698 106
696 107
700 108
705 109
705 110
716 111
721 112
720 113
715 114
718 115
731 116
740 117
746 118
750 119
752 120
756 121
764 122
767 123
767 124
769 125
774 126
783 127
787 128
791 129
793 130
802 131
807 132
815 133
817 134
824 135
834 136
850 137
867 138
869 139
869 140
874 141
874 142
876 143
876 144
878 145
884 146
889 147
891 148
894 149
895 150
898 151
897 152
901 153
907 154
909 155
910 156
911 157
912 158
913 159
913 160
917 161
923 162
928 163
935 164
935 165
937 166
940 167
945 168
947 169
948 170
946 171
948 172
952 173
956 174
964 175
965 176
981 177
994 178
997 179
1008 180
1011 181
1011 182
1010 183
1012 184
1014 185
1015 186
1015 187
1019 188
1023 189
1025 190
1025 191
1026 192
1040 193
1049 194
1055 195
1056 196
1055 197
1055 198
1068 199
1075 200
1091 201
1104 202
1107 203
1116 204
1123 205
1125 206
1126 207
1131 208
1140 209
1141 210
1149 211
1150 212
1153 213
1153 214
1158 215
1172 216
1173 217
1171 218
1172 219
1176 220
1177 221
1177 222
1185 223
1183 224
1186 225
1185 226
1192 227
1198 228
1202 229
1204 230
1207 231
1214 232
1217 233
1217 234
1218 235
1226 236
1222 237
1216 238
1234 239
1229 240
1227 241
1218 242
1206 243
1209 244
1155 245
1122 246
1112 247
1095 248
1267 249
1264 250
777 251
975 252
774 253
775 254
1176 256
1256 259
1255 260
1219 261
1194 262
1194 263
915 264
1065 265
1087 266
992 267
915 268
916 269
918 270
919 271
1026 272
922 273
922 274
1263 276
1205 278
1168 284
1200 296
813 304
235 305
72 306
7 307
13 308
15 309
19 310
25 311
28 312
31 313
31 314
37 315
66 316
59 317
61 318
63 319
64 320
83 321
107 322
119 323
97 324
90 325
80 326
108 327
95 328
85 329
86 330
88 331
77 332
73 333
75 334
90 335
81 336
85 337
89 338
91 339
105 340
157 341
175 342
183 343
189 344
195 345
196 346
200 347
203 348
208 349
208 350
211 351
215 352
214 353
217 354
218 355
221 356
222 357
221 358
228 359
229 360
231 361
239 362
243 363
251 364
254 365
256 366
259 367
262 368
264 369
267 370
270 371
271 372
271 373
274 374
278 375
283 376
282 377
283 378
287 379
289 380
290 381
291 382
294 383
302 384
303 385
303 386
310 387
313 388
316 389
319 390
318 391
320 392
325 393
330 394
334 395
331 396
330 397
328 398
330 399
339 400
340 401
342 402
340 403
339 404
340 405
335 406
336 407
343 408
339 409
345 410
344 411
344 412
350 413
349 414
347 415
353 416
354 417
354 418
353 419
355 420
359 421
370 422
369 423
367 424
369 425
374 426
387 427
405 428
418 429
423 430
427 431
447 432
458 433
461 434
484 435
496 436
503 437
510 438
519 439
527 440
542 441
549 442
549 443
562 444
570 445
561 446
561 447
569 448
569 449
572 450
576 451
578 452
574 453
571 454
571 455
570 456
574 457
567 458
565 459
565 460
564 461
568 462
571 463
578 464
578 465
580 466
578 467
576 468
576 469
582 470
584 471
593 472
596 473
596 474
592 475
590 476
589 477
593 478
584 479
591 480
587 481
588 482
592 483
597 484
600 485
601 486
599 487
596 488
600 489
601 490
600 491
601 492
602 493
602 494
599 495
601 496
603 497
603 498
601 499
602 500
605 501
603 502
602 503
601 504
602 505
602 506
602 507
603 508
603 509
604 510
604 511
606 512
605 513
606 514
609 515
609 516
610 517
610 518
612 519
612 520
612 521
613 522
613 523
612 524
614 525
615 526
615 527
616 528
616 529
618 530
615 531
616 532
616 533
617 534
617 535
618 536
614 537
614 538
616 539
614 540
616 541
616 542
611 543
610 544
612 545
614 546
615 547
614 548
614 549
616 550
617 551
617 552
618 553
618 554
618 555
619 556
621 557
622 558
620 559
625 560
629 561
630 562
631 563
630 564
633 565
633 566
633 567
634 568
635 569
636 570
636 571
636 572
636 573
637 574
635 575
637 576
637 577
637 578
637 579
634 580
635 581
637 582
637 583
637 584
636 585
636 586
637 587
637 588
636 589
636 590
636 591
637 592
636 593
635 594
637 595
636 596
636 597
638 598
635 599
635 600
637 601
636 602
637 603
637 604
637 605
636 606
636 607
636 608
636 609
635 610
638 611
636 612
637 613
638 614
636 615
636 616
637 617
637 618
637 619
637 620
637 621
637 622
635 623
636 624
636 625
636 626
636 627
637 628
636 629
635 630
633 631
634 632
638 633
637 634
635 635
635 636
637 637
636 638
633 639
632 640
631 641
631 642
630 643
631 644
634 645
636 646
634 647
633 648
634 649
635 650
635 651
635 652
634 653
636 654
634 655
631 656
625 657
630 658
633 659
634 660
634 661
629 662
627 663
628 664
627 665
629 666
627 667
625 668
623 669
625 670
622 671
623 672
625 673
623 674
622 675
622 676
618 677
623 678
623 679
624 680
623 681
624 682
619 683
617 684
621 685
624 686
617 687
620 688
621 689
624 690
625 691
620 692
616 693
619 694
614 695
608 696
605 697
612 698
613 699
610 700
610 701
615 702
611 703
615 704
620 705
619 706
612 707
615 708
616 709
614 710
608 711
607 712
597 713
600 714
601 715
599 716
599 717
600 718
604 719
