639 0
639 1
639 2
639 3
639 4
639 5
639 6
639 7
639 8
639 9
639 10
639 11
639 12
639 13
639 14
639 15
639 16
639 17
639 18
639 19
639 20
639 21
639 22
639 23
639 24
639 25
639 26
639 27
639 28
639 29
639 30
639 31
639 32
639 33
639 34
639 35
639 36
639 37
639 38
639 39
639 40
639 41
639 42
639 43
639 44
639 45
639 46
639 47
639 48
639 49
639 50
639 51
639 52
639 53
639 54
639 55
639 56
639 57
639 58
639 59
639 60
639 61
639 62
639 63
639 64
639 65
639 66
639 67
639 68
639 69
639 70
639 71
639 72
639 73
639 74
639 75
639 76
639 77
639 78
639 79
639 80
639 81
639 82
639 83
639 84
639 85
639 86
639 87
639 88
639 89
639 90
639 91
639 92
641 93
641 94
642 95
646 96
649 97
658 98
665 99
671 100
670 101
666 102
668 103
675 104
688 105
693 106
698 107
699 108
707 109
713 110
718 111
720 112
722 113
724 114
724 115
727 116
736 117
745 118
748 119
751 120
755 121
761 122
767 123
770 124
772 125
775 126
782 127
789 128
789 129
791 130
804 131
809 132
813 133
817 134
821 135
832 136
851 137
865 138
867 139
867 140
874 141
876 142
875 143
877 144
880 145
886 146
888 147
891 148
894 149
897 150
898 151
897 152
903 153
907 154
909 155
910 156
912 157
913 158
915 159
916 160
916 161
924 162
927 163
935 164
936 165
939 166
942 167
945 168
946 169
946 170
947 171
950 172
951 173
953 174
964 175
969 176
983 177
993 178
1001 179
1007 180
1006 181
1011 182
1010 183
1012 184
1016 185
1017 186
1017 187
1019 188
1023 189
1025 190
1026 191
1026 192
1040 193
1049 194
1055 195
1056 196
1055 197
1055 198
1067 199
1072 200
1090 201
1106 202
1106 203
1115 204
1121 205
1124 206
1128 207
1131 208
1138 209
1142 210
1151 211
1153 212
1150 213
1158 214
1160 215
1166 216
1175 217
1174 218
1171 219
1175 220
1177 221
1176 222
1183 223
1183 224
1190 225
1192 226
1195 227
1198 228
1203 229
1205 230
1208 231
1211 232
1216 233
1204 234
1224 235
1229 236
1234 237
1236 238
1204 239
1202 240
1238 241
1233 242
1201 243
1240 244
1264 245
1257 246
1264 247
1131 248
1265 249
1126 250
1075 251
1139 252
771 253
770 254
1182 255
1187 256
472 257
1191 260
1230 262
1232 263
1248 264
1244 265
1095 266
1065 267
1004 268
1042 269
1025 270
1250 271
915 272
1039 293
1095 296
997 300
997 301
988 303
0 305
5 306
7 307
10 308
15 309
20 310
40 311
26 312
30 313
34 314
38 315
41 316
43 317
43 318
47 319
64 320
83 321
90 322
99 323
87 324
101 325
94 326
99 327
101 328
108 329
103 330
75 331
77 332
91 333
92 334
90 335
96 336
89 337
89 338
90 339
95 340
157 341
173 342
179 343
195 344
208 345
205 346
208 347
215 348
206 349
209 350
215 351
214 352
214 353
216 354
219 355
222 356
220 357
222 358
225 359
226 360
231 361
237 362
242 363
248 364
253 365
255 366
259 367
261 368
265 369
268 370
269 371
272 372
273 373
274 374
276 375
282 376
285 377
286 378
285 379
287 380
293 381
293 382
299 383
302 384
301 385
304 386
313 387
314 388
314 389
317 390
319 391
318 392
317 393
325 394
327 395
326 396
322 397
323 398
332 399
335 400
338 401
345 402
337 403
334 404
338 405
334 406
338 407
339 408
341 409
343 410
344 411
343 412
344 413
343 414
343 415
349 416
349 417
350 418
352 419
352 420
355 421
358 422
364 423
366 424
367 425
365 426
383 427
400 428
417 429
424 430
422 431
441 432
460 433
469 434
479 435
491 436
505 437
512 438
522 439
524 440
536 441
542 442
543 443
549 444
555 445
566 446
561 447
561 448
564 449
572 450
570 451
575 452
577 453
572 454
568 455
570 456
569 457
568 458
569 459
566 460
566 461
569 462
567 463
572 464
576 465
576 466
575 467
577 468
579 469
582 470
584 471
589 472
591 473
595 474
596 475
596 476
596 477
595 478
588 479
590 480
595 481
597 482
597 483
597 484
598 485
602 486
603 487
602 488
602 489
601 490
600 491
601 492
602 493
603 494
602 495
601 496
603 497
603 498
601 499
601 500
600 501
601 502
599 503
600 504
601 505
601 506
604 507
605 508
606 509
606 510
605 511
605 512
606 513
609 514
609 515
607 516
610 517
610 518
610 519
613 520
613 521
612 522
613 523
614 524
614 525
618 526
618 527
614 528
614 529
617 530
618 531
618 532
616 533
617 534
619 535
618 536
618 537
617 538
617 539
615 540
615 541
614 542
613 543
614 544
613 545
616 546
616 547
616 548
617 549
617 550
618 551
617 552
619 553
620 554
619 555
620 556
621 557
622 558
624 559
627 560
629 561
629 562
631 563
631 564
632 565
633 566
633 567
635 568
636 569
636 570
635 571
636 572
635 573
636 574
637 575
637 576
637 577
636 578
637 579
637 580
637 581
637 582
634 583
638 584
637 585
637 586
636 587
637 588
635 589
636 590
636 591
636 592
636 593
636 594
636 595
636 596
636 597
636 598
635 599
636 600
636 601
636 602
636 603
636 604
637 605
637 606
634 607
635 608
637 609
636 610
636 611
636 612
637 613
637 614
635 615
638 616
637 617
637 618
637 619
637 620
637 621
637 622
634 623
636 624
636 625
636 626
635 627
635 628
636 629
636 630
635 631
634 632
636 633
637 634
635 635
634 636
637 637
637 638
636 639
634 640
632 641
630 642
629 643
630 644
634 645
635 646
633 647
633 648
634 649
631 650
635 651
636 652
634 653
635 654
633 655
631 656
633 657
634 658
632 659
629 660
630 661
631 662
624 663
624 664
627 665
626 666
629 667
629 668
626 669
626 670
617 671
625 672
629 673
629 674
627 675
625 676
626 677
622 678
622 679
623 680
624 681
625 682
624 683
622 684
621 685
621 686
621 687
620 688
616 689
621 690
619 691
619 692
618 693
621 694
623 695
619 696
623 697
616 698
607 699
605 700
608 701
614 702
610 703
607 704
605 705
601 706
600 707
610 708
614 709
614 710
610 711
611 712
602 713
611 714
609 715
602 716
590 717
596 718
607 719
