639 0
639 1
639 2
639 3
639 4
639 5
639 6
639 7
639 8
639 9
639 10
639 11
639 12
639 13
639 14
639 15
639 16
639 17
639 18
639 19
639 20
639 21
639 22
639 23
639 24
639 25
639 26
639 27
639 28
639 29
639 30
639 31
639 32
639 33
639 34
639 35
639 36
639 37
639 38
639 39
639 40
639 41
639 42
639 43
639 44
639 45
639 46
639 47
639 48
639 49
639 50
639 51
639 52
639 53
639 54
639 55
639 56
639 57
639 58
639 59
639 60
639 61
639 62
639 63
639 64
639 65
639 66
639 67
639 68
639 69
639 70
639 71
639 72
639 73
639 74
639 75
639 76
639 77
639 78
639 79
639 80
639 81
639 82
639 83
639 84
639 85
639 86
639 87
639 88
639 89
639 90
639 91
639 92
639 93
643 94
643 95
645 96
652 97
663 98
668 99
671 100
670 101
667 102
671 103
679 104
694 105
696 106
697 107
699 108
704 109
714 110
717 111
719 112
722 113
725 114
727 115
724 116
730 117
743 118
747 119
751 120
756 121
766 122
770 123
768 124
770 125
774 126
782 127
788 128
789 129
790 130
797 131
808 132
808 133
816 134
821 135
835 136
847 137
867 138
870 139
872 140
874 141
873 142
875 143
878 144
880 145
886 146
890 147
892 148
894 149
895 150
897 151
901 152
901 153
907 154
909 155
910 156
912 157
911 158
913 159
917 160
919 161
922 162
928 163
935 164
935 165
939 166
942 167
946 168
947 169
947 170
946 171
949 172
951 173
955 174
961 175
966 176
982 177
998 178
1001 179
1008 180
1009 181
1011 182
1009 183
1013 184
1016 185
1016 186
1016 187
1019 188
1021 189
1026 190
1026 191
1024 192
1038 193
1049 194
1055 195
1056 196
1055 197
1056 198
1068 199
1078 200
1091 201
1103 202
1106 203
1118 204
1123 205
1124 206
1127 207
1131 208
1137 209
1144 210
1151 211
1150 212
1149 213
1150 214
1161 215
1167 216
1174 217
1178 218
1175 219
1175 220
1174 221
1174 222
1190 223
1190 224
1188 225
1187 226
1192 227
1196 228
1198 229
1204 230
1209 231
1212 232
1216 233
1219 234
1221 235
1227 236
1234 237
1232 238
1223 239
1211 240
1201 241
1194 242
1245 243
1250 244
1208 245
1266 246
1199 247
1178 248
911 249
1033 250
1163 251
1275 252
1048 253
1179 257
1184 258
787 261
1096 263
952 264
1165 265
1254 266
1238 267
1075 268
916 269
916 270
865 271
919 273
919 274
962 277
962 278
1185 283
1209 291
1258 296
819 303
0 304
205 305
207 306
54 307
50 308
15 309
18 310
24 311
27 312
29 313
31 314
36 315
39 316
41 317
47 318
48 319
63 320
107 321
115 322
81 323
66 324
66 325
74 326
95 327
82 328
113 329
97 330
81 331
70 332
73 333
81 334
90 335
80 336
111 337
102 338
104 339
136 340
168 341
175 342
179 343
194 344
193 345
199 346
202 347
206 348
208 349
209 350
211 351
214 352
215 353
216 354
220 355
222 356
220 357
222 358
224 359
229 360
231 361
236 362
242 363
251 364
254 365
255 366
258 367
262 368
261 369
265 370
271 371
270 372
273 373
273 374
276 375
276 376
278 377
282 378
286 379
287 380
290 381
292 382
294 383
298 384
301 385
309 386
312 387
314 388
315 389
321 390
318 391
315 392
320 393
325 394
324 395
324 396
324 397
325 398
334 399
332 400
338 401
340 402
340 403
337 404
336 405
335 406
334 407
335 408
343 409
345 410
348 411
346 412
345 413
345 414
349 415
347 416
346 417
350 418
352 419
354 420
358 421
361 422
362 423
364 424
365 425
367 426
373 427
395 428
416 429
425 430
429 431
434 432
456 433
471 434
478 435
498 436
505 437
515 438
525 439
529 440
538 441
548 442
546 443
542 444
557 445
571 446
568 447
568 448
565 449
567 450
573 451
580 452
579 453
578 454
572 455
572 456
568 457
567 458
568 459
569 460
564 461
567 462
568 463
573 464
576 465
579 466
579 467
581 468
577 469
586 470
581 471
593 472
597 473
596 474
593 475
593 476
595 477
596 478
592 479
584 480
594 481
594 482
596 483
601 484
602 485
599 486
599 487
602 488
600 489
602 490
604 491
603 492
602 493
602 494
603 495
604 496
603 497
604 498
603 499
602 500
601 501
601 502
601 503
602 504
601 505
600 506
600 507
604 508
605 509
605 510
605 511
606 512
606 513
607 514
607 515
607 516
608 517
610 518
613 519
613 520
612 521
614 522
614 523
614 524
613 525
614 526
614 527
614 528
613 529
613 530
615 531
616 532
618 533
617 534
618 535
618 536
619 537
617 538
613 539
612 540
614 541
615 542
613 543
613 544
611 545
613 546
612 547
615 548
615 549
616 550
617 551
618 552
617 553
618 554
619 555
621 556
621 557
623 558
625 559
628 560
629 561
629 562
631 563
632 564
632 565
633 566
633 567
635 568
634 569
636 570
636 571
634 572
635 573
636 574
635 575
636 576
637 577
636 578
637 579
637 580
636 581
636 582
637 583
637 584
637 585
637 586
637 587
637 588
637 589
636 590
636 591
635 592
636 593
636 594
637 595
636 596
636 597
636 598
636 599
636 600
636 601
635 602
635 603
636 604
637 605
638 606
637 607
637 608
637 609
638 610
637 611
636 612
636 613
637 614
635 615
635 616
637 617
637 618
638 619
637 620
638 621
637 622
633 623
636 624
637 625
637 626
637 627
637 628
635 629
634 630
636 631
636 632
637 633
637 634
637 635
638 636
638 637
637 638
636 639
634 640
633 641
633 642
631 643
633 644
635 645
636 646
637 647
635 648
634 649
634 650
635 651
636 652
633 653
635 654
634 655
630 656
630 657
631 658
630 659
633 660
631 661
632 662
628 663
633 664
626 665
627 666
630 667
628 668
628 669
626 670
624 671
623 672
629 673
627 674
625 675
624 676
623 677
623 678
616 679
621 680
622 681
622 682
621 683
617 684
620 685
620 686
614 687
618 688
619 689
615 690
608 691
607 692
608 693
610 694
609 695
615 696
609 697
608 698
613 699
609 700
610 701
613 702
617 703
615 704
612 705
610 706
600 707
597 708
610 709
618 710
607 711
609 712
601 713
608 714
601 715
589 716
594 717
601 718
601 719
