639 0
639 1
639 2
639 3
639 4
639 5
639 6
639 7
639 8
639 9
639 10
639 11
639 12
639 13
639 14
639 15
639 16
639 17
639 18
639 19
639 20
639 21
639 22
639 23
639 24
639 25
639 26
639 27
639 28
639 29
639 30
639 31
639 32
639 33
639 34
639 35
639 36
639 37
639 38
639 39
639 40
639 41
639 42
639 43
639 44
639 45
639 46
639 47
639 48
639 49
639 50
639 51
639 52
639 53
639 54
639 55
639 56
639 57
639 58
639 59
639 60
639 61
639 62
639 63
639 64
639 65
639 66
639 67
639 68
639 69
639 70
639 71
639 72
639 73
639 74
639 75
639 76
639 77
639 78
639 79
639 80
639 81
639 82
639 83
639 84
639 85
639 86
639 87
639 88
639 89
639 90
639 91
639 92
639 93
641 94
645 95
649 96
655 97
663 98
664 99
665 100
671 101
672 102
673 103
677 104
682 105
693 106
706 107
711 108
710 109
714 110
715 111
722 112
729 113
730 114
732 115
735 116
740 117
742 118
743 119
746 120
756 121
763 122
769 123
770 124
770 125
776 126
784 127
789 128
791 129
793 130
807 131
815 132
823 133
826 134
824 135
831 136
844 137
866 138
872 139
872 140
875 141
876 142
879 143
878 144
881 145
885 146
889 147
891 148
894 149
894 150
898 151
899 152
902 153
906 154
909 155
911 156
912 157
912 158
914 159
916 160
919 161
923 162
928 163
935 164
937 165
939 166
942 167
945 168
946 169
948 170
949 171
950 172
951 173
955 174
961 175
965 176
982 177
993 178
1005 179
1008 180
1008 181
1009 182
1010 183
1014 184
1015 185
1018 186
1019 187
1020 188
1022 189
1028 190
1027 191
1025 192
1037 193
1049 194
1054 195
1058 196
1059 197
1063 198
1071 199
1077 200
1094 201
1109 202
1114 203
1118 204
1120 205
1123 206
1126 207
1129 208
1138 209
1142 210
1151 211
1155 212
1152 213
1157 214
1158 215
1159 216
1174 217
1178 218
1174 219
1175 220
1177 221
1177 222
1183 223
1192 224
1192 225
1191 226
1196 227
1199 228
1202 229
1204 230
1209 231
1196 232
1204 233
1219 234
1222 235
1229 236
1234 237
1236 238
1237 239
1225 240
1245 241
1251 242
1257 243
1254 244
1248 245
1201 246
1244 247
1222 248
1135 251
1119 252
976 254
976 255
997 256
976 257
1082 258
1189 259
1190 264
1045 267
1170 269
1040 270
1012 271
986 272
1024 273
987 274
1279 279
1122 295
1046 296
1038 297
1119 300
975 301
1073 304
1130 305
3 306
3 307
7 308
13 309
71 310
22 311
66 312
63 313
77 314
64 315
91 316
41 317
43 318
69 319
59 320
50 321
53 322
54 323
64 324
65 325
57 326
60 327
71 328
63 329
65 330
75 331
76 332
84 333
87 334
83 335
104 336
88 337
88 338
90 339
93 340
118 341
169 342
181 343
185 344
190 345
197 346
199 347
203 348
207 349
207 350
214 351
212 352
214 353
216 354
217 355
222 356
219 357
222 358
222 359
226 360
228 361
235 362
241 363
247 364
255 365
255 366
258 367
261 368
262 369
264 370
270 371
267 372
270 373
275 374
272 375
275 376
280 377
283 378
285 379
286 380
288 381
290 382
293 383
294 384
295 385
298 386
301 387
300 388
302 389
307 390
308 391
312 392
317 393
319 394
316 395
317 396
325 397
327 398
330 399
327 400
328 401
335 402
342 403
344 404
346 405
351 406
345 407
352 408
349 409
350 410
349 411
352 412
355 413
359 414
370 415
363 416
371 417
370 418
373 419
380 420
385 421
393 422
397 423
402 424
406 425
417 426
419 427
419 428
419 429
419 430
419 431
421 432
420 433
424 434
422 435
425 436
430 437
431 438
442 439
450 440
452 441
465 442
475 443
469 444
484 445
502 446
507 447
489 448
506 449
506 450
508 451
517 452
516 453
508 454
508 455
511 456
510 457
514 458
525 459
521 460
515 461
505 462
517 463
526 464
531 465
534 466
537 467
523 468
529 469
537 470
532 471
528 472
522 473
523 474
525 475
523 476
529 477
529 478
531 479
521 480
532 481
541 482
542 483
550 484
557 485
559 486
556 487
561 488
563 489
563 490
567 491
568 492
566 493
567 494
567 495
567 496
571 497
566 498
569 499
575 500
575 501
570 502
564 503
569 504
573 505
567 506
561 507
564 508
566 509
572 510
574 511
587 512
591 513
592 514
596 515
597 516
597 517
594 518
592 519
594 520
595 521
595 522
596 523
598 524
598 525
597 526
595 527
589 528
596 529
602 530
601 531
599 532
602 533
603 534
600 535
601 536
602 537
602 538
602 539
604 540
604 541
603 542
604 543
603 544
602 545
602 546
602 547
599 548
601 549
603 550
602 551
600 552
600 553
599 554
602 555
605 556
603 557
602 558
602 559
598 560
601 561
601 562
602 563
602 564
599 565
598 566
597 567
596 568
595 569
596 570
596 571
596 572
593 573
597 574
596 575
594 576
594 577
595 578
596 579
597 580
597 581
598 582
597 583
599 584
599 585
599 586
603 587
602 588
602 589
600 590
602 591
601 592
603 593
601 594
604 595
602 596
603 597
605 598
605 599
602 600
603 601
603 602
604 603
606 604
610 605
614 606
613 607
614 608
616 609
617 610
620 611
621 612
622 613
623 614
620 615
622 616
625 617
632 618
634 619
632 620
631 621
630 622
626 623
631 624
632 625
632 626
632 627
630 628
627 629
631 630
628 631
630 632
630 633
628 634
628 635
627 636
628 637
630 638
626 639
625 640
628 641
625 642
624 643
625 644
626 645
628 646
625 647
622 648
623 649
616 650
618 651
622 652
624 653
625 654
624 655
622 656
622 657
626 658
624 659
621 660
623 661
622 662
617 663
622 664
626 665
624 666
621 667
622 668
626 669
624 670
615 671
614 672
611 673
619 674
622 675
623 676
619 677
618 678
614 679
619 680
619 681
618 682
617 683
611 684
608 685
614 686
606 687
609 688
608 689
602 690
599 691
603 692
601 693
602 694
594 695
600 696
598 697
599 698
598 699
586 700
585 701
593 702
596 703
592 704
595 705
583 706
579 707
587 708
583 709
582 710
582 711
570 712
568 713
577 714
571 715
556 716
564 717
578 718
582 719
