639 0
639 1
639 2
639 3
639 4
639 5
639 6
639 7
639 8
639 9
639 10
639 11
639 12
639 13
639 14
639 15
639 16
639 17
639 18
639 19
639 20
639 21
639 22
639 23
639 24
639 25
639 26
639 27
639 28
639 29
639 30
639 31
639 32
639 33
639 34
639 35
639 36
639 37
639 38
639 39
639 40
639 41
639 42
639 43
639 44
639 45
639 46
639 47
639 48
639 49
639 50
639 51
639 52
639 53
639 54
639 55
639 56
639 57
639 58
639 59
639 60
639 61
639 62
639 63
639 64
639 65
639 66
639 67
639 68
639 69
639 70
639 71
639 72
639 73
639 74
639 75
639 76
639 77
639 78
639 79
639 80
639 81
639 82
639 83
639 84
639 85
639 86
639 87
639 88
639 89
639 90
639 91
639 92
640 93
641 94
644 95
647 96
650 97
658 98
662 99
668 100
670 101
667 102
667 103
678 104
691 105
701 106
702 107
693 108
698 109
711 110
716 111
721 112
724 113
727 114
726 115
730 116
732 117
744 118
748 119
749 120
755 121
763 122
766 123
768 124
770 125
776 126
787 127
790 128
789 129
791 130
799 131
811 132
816 133
815 134
821 135
833 136
845 137
866 138
870 139
874 140
873 141
872 142
875 143
876 144
878 145
883 146
889 147
892 148
893 149
895 150
898 151
899 152
902 153
905 154
909 155
911 156
910 157
913 158
913 159
913 160
917 161
922 162
926 163
934 164
937 165
938 166
940 167
943 168
947 169
948 170
946 171
950 172
952 173
954 174
960 175
966 176
973 177
993 178
1001 179
1009 180
1010 181
1009 182
1011 183
1013 184
1013 185
1016 186
1017 187
1019 188
1022 189
1025 190
1024 191
1026 192
1037 193
1048 194
1055 195
1056 196
1055 197
1054 198
1068 199
1080 200
1092 201
1103 202
1108 203
1117 204
1120 205
1125 206
1130 207
1131 208
1139 209
1142 210
1151 211
1155 212
1153 213
1155 214
1166 215
1169 216
1176 217
1173 218
1173 219
1175 220
1177 221
1178 222
1182 223
1189 224
1190 225
1193 226
1195 227
1199 228
1202 229
1207 230
1210 231
1214 232
1217 233
1218 234
1222 235
1228 236
1227 237
1230 238
1206 239
1195 240
1220 241
1220 242
1214 243
1250 244
1243 245
1266 246
1264 247
1217 248
1275 249
1160 250
1057 251
1279 252
1279 253
901 254
908 255
1102 256
1183 257
1160 258
899 259
900 260
1011 261
1197 262
1176 263
913 264
1124 265
976 266
913 267
913 268
926 269
927 270
1043 271
1119 279
1255 285
984 298
984 299
1001 301
817 303
1 305
3 306
8 307
11 308
16 309
21 310
24 311
26 312
29 313
31 314
37 315
41 316
42 317
46 318
48 319
72 320
98 321
94 322
61 323
78 324
113 325
105 326
104 327
89 328
85 329
80 330
94 331
96 332
92 333
98 334
95 335
93 336
83 337
88 338
96 339
111 340
165 341
191 342
194 343
195 344
205 345
204 346
207 347
205 348
209 349
210 350
213 351
213 352
215 353
216 354
217 355
219 356
220 357
223 358
225 359
228 360
233 361
236 362
242 363
251 364
254 365
255 366
258 367
261 368
262 369
265 370
268 371
269 372
271 373
272 374
275 375
275 376
281 377
282 378
286 379
288 380
290 381
291 382
298 383
304 384
303 385
305 386
310 387
310 388
312 389
313 390
313 391
316 392
319 393
328 394
324 395
323 396
323 397
327 398
328 399
336 400
337 401
334 402
334 403
334 404
337 405
338 406
335 407
340 408
338 409
340 410
344 411
349 412
348 413
348 414
349 415
348 416
349 417
351 418
350 419
359 420
361 421
359 422
361 423
364 424
365 425
366 426
378 427
403 428
410 429
420 430
431 431
435 432
459 433
476 434
487 435
498 436
504 437
511 438
521 439
526 440
539 441
545 442
560 443
556 444
565 445
560 446
563 447
560 448
567 449
570 450
578 451
576 452
572 453
567 454
570 455
571 456
571 457
567 458
564 459
569 460
569 461
571 462
570 463
575 464
579 465
573 466
572 467
577 468
579 469
581 470
573 471
578 472
582 473
579 474
584 475
585 476
591 477
591 478
591 479
590 480
595 481
598 482
601 483
601 484
605 485
606 486
607 487
601 488
603 489
604 490
604 491
602 492
605 493
605 494
605 495
606 496
604 497
601 498
602 499
602 500
603 501
601 502
601 503
600 504
602 505
602 506
603 507
604 508
605 509
606 510
602 511
607 512
607 513
608 514
608 515
608 516
609 517
610 518
615 519
614 520
613 521
614 522
613 523
613 524
612 525
613 526
615 527
615 528
617 529
617 530
616 531
616 532
616 533
616 534
617 535
615 536
615 537
616 538
617 539
615 540
614 541
615 542
615 543
614 544
611 545
614 546
614 547
614 548
615 549
617 550
615 551
618 552
620 553
620 554
621 555
620 556
620 557
623 558
625 559
625 560
627 561
630 562
629 563
631 564
632 565
632 566
632 567
634 568
635 569
636 570
636 571
635 572
636 573
637 574
637 575
637 576
637 577
636 578
636 579
637 580
636 581
637 582
638 583
637 584
636 585
636 586
636 587
637 588
638 589
638 590
637 591
637 592
636 593
635 594
634 595
637 596
636 597
636 598
636 599
636 600
636 601
635 602
637 603
637 604
636 605
636 606
635 607
635 608
636 609
638 610
638 611
637 612
636 613
638 614
635 615
638 616
638 617
638 618
637 619
637 620
637 621
637 622
633 623
635 624
638 625
637 626
637 627
637 628
633 629
633 630
634 631
634 632
636 633
637 634
638 635
637 636
637 637
635 638
634 639
632 640
631 641
632 642
630 643
632 644
631 645
634 646
636 647
636 648
635 649
634 650
634 651
634 652
635 653
636 654
635 655
634 656
633 657
629 658
632 659
634 660
634 661
632 662
629 663
627 664
628 665
628 666
626 667
627 668
628 669
626 670
620 671
622 672
624 673
626 674
627 675
626 676
626 677
627 678
624 679
619 680
622 681
623 682
619 683
617 684
619 685
619 686
617 687
622 688
622 689
620 690
619 691
617 692
620 693
621 694
622 695
621 696
619 697
608 698
610 699
619 700
618 701
615 702
613 703
606 704
605 705
598 706
599 707
608 708
606 709
601 710
606 711
599 712
599 713
602 714
596 715
591 716
592 717
604 718
616 719
