639 0
639 1
639 2
639 3
639 4
639 5
639 6
639 7
639 8
639 9
639 10
639 11
639 12
639 13
639 14
639 15
639 16
639 17
639 18
639 19
639 20
639 21
639 22
639 23
639 24
639 25
639 26
639 27
639 28
639 29
639 30
639 31
639 32
639 33
639 34
639 35
639 36
639 37
639 38
639 39
639 40
639 41
639 42
639 43
639 44
639 45
639 46
639 47
639 48
639 49
639 50
639 51
639 52
639 53
639 54
639 55
639 56
639 57
639 58
639 59
639 60
639 61
639 62
639 63
639 64
639 65
639 66
639 67
639 68
639 69
639 70
639 71
639 72
639 73
639 74
639 75
639 76
639 77
639 78
639 79
639 80
639 81
639 82
639 83
639 84
639 85
639 86
639 87
639 88
639 89
639 90
640 91
640 92
642 93
642 94
643 95
652 96
656 97
662 98
666 99
670 100
669 101
664 102
676 103
676 104
688 105
699 106
700 107
698 108
708 109
716 110
714 111
717 112
725 113
731 114
730 115
728 116
740 117
751 118
748 119
748 120
749 121
761 122
768 123
766 124
768 125
776 126
787 127
788 128
788 129
791 130
800 131
809 132
814 133
815 134
826 135
834 136
848 137
870 138
871 139
873 140
876 141
874 142
873 143
877 144
878 145
882 146
889 147
893 148
894 149
898 150
897 151
899 152
905 153
906 154
908 155
911 156
913 157
912 158
913 159
918 160
920 161
921 162
929 163
933 164
937 165
939 166
942 167
945 168
945 169
947 170
949 171
951 172
953 173
957 174
963 175
967 176
983 177
993 178
1005 179
1010 180
1012 181
1011 182
1012 183
1012 184
1013 185
1014 186
1018 187
1020 188
1022 189
1024 190
1025 191
1028 192
1040 193
1050 194
1056 195
1056 196
1055 197
1057 198
1067 199
1074 200
1090 201
1102 202
1105 203
1113 204
1122 205
1125 206
1127 207
1131 208
1140 209
1140 210
1153 211
1153 212
1153 213
1156 214
1163 215
1166 216
1172 217
1171 218
1166 219
1175 220
1176 221
1179 222
1185 223
1188 224
1185 225
1185 226
1190 227
1193 228
1201 229
1205 230
1208 231
1209 232
1217 233
1217 234
1218 235
1227 236
1233 237
1232 238
1222 239
1216 240
1249 241
1213 242
1211 243
1262 244
1247 245
1268 246
1269 247
1123 248
1258 249
894 250
891 251
952 252
863 255
898 256
895 257
917 260
1263 261
1144 264
907 265
907 266
981 267
1000 268
908 269
908 270
909 271
1279 279
917 280
1094 283
1190 289
1059 295
976 296
1 305
120 306
8 307
12 308
15 309
21 310
23 311
28 312
30 313
32 314
37 315
41 316
53 317
63 318
89 319
84 320
69 321
65 322
69 323
63 324
83 325
84 326
80 327
76 328
84 329
91 330
92 331
83 332
78 333
83 334
90 335
83 336
84 337
87 338
95 339
101 340
152 341
177 342
182 343
187 344
194 345
198 346
199 347
204 348
209 349
213 350
213 351
217 352
215 353
216 354
218 355
219 356
221 357
221 358
225 359
229 360
233 361
237 362
244 363
251 364
255 365
255 366
259 367
261 368
263 369
265 370
268 371
270 372
273 373
273 374
276 375
277 376
282 377
284 378
287 379
291 380
294 381
294 382
298 383
303 384
303 385
306 386
309 387
311 388
310 389
314 390
315 391
320 392
328 393
330 394
321 395
317 396
321 397
325 398
322 399
327 400
327 401
332 402
335 403
339 404
331 405
332 406
339 407
337 408
342 409
344 410
343 411
342 412
343 413
345 414
347 415
346 416
350 417
353 418
353 419
354 420
356 421
361 422
363 423
362 424
365 425
371 426
386 427
410 428
421 429
426 430
433 431
452 432
465 433
478 434
492 435
504 436
515 437
523 438
527 439
531 440
523 441
538 442
554 443
557 444
554 445
557 446
559 447
565 448
573 449
573 450
569 451
574 452
573 453
575 454
564 455
567 456
563 457
564 458
560 459
566 460
572 461
576 462
574 463
579 464
576 465
576 466
584 467
580 468
583 469
589 470
592 471
591 472
591 473
590 474
591 475
589 476
593 477
591 478
594 479
591 480
596 481
596 482
598 483
600 484
600 485
603 486
600 487
602 488
599 489
600 490
603 491
601 492
602 493
604 494
602 495
601 496
602 497
602 498
600 499
601 500
601 501
602 502
602 503
604 504
603 505
604 506
605 507
605 508
606 509
605 510
607 511
607 512
609 513
609 514
609 515
610 516
610 517
611 518
611 519
613 520
613 521
613 522
613 523
613 524
613 525
615 526
616 527
616 528
616 529
616 530
616 531
616 532
617 533
618 534
617 535
617 536
618 537
617 538
618 539
617 540
615 541
615 542
615 543
616 544
616 545
616 546
617 547
618 548
618 549
618 550
619 551
619 552
620 553
619 554
621 555
621 556
623 557
624 558
627 559
629 560
630 561
630 562
632 563
632 564
633 565
634 566
633 567
635 568
636 569
637 570
637 571
637 572
637 573
637 574
636 575
637 576
636 577
637 578
637 579
637 580
638 581
636 582
636 583
637 584
637 585
637 586
636 587
636 588
637 589
637 590
637 591
636 592
636 593
636 594
636 595
637 596
637 597
638 598
636 599
636 600
637 601
638 602
638 603
637 604
637 605
637 606
636 607
637 608
638 609
638 610
638 611
638 612
637 613
635 614
635 615
637 616
637 617
636 618
638 619
636 620
637 621
638 622
639 623
636 624
638 625
636 626
636 627
636 628
634 629
631 630
632 631
634 632
636 633
635 634
634 635
637 636
638 637
637 638
635 639
632 640
634 641
634 642
636 643
636 644
636 645
633 646
633 647
634 648
635 649
635 650
634 651
634 652
636 653
636 654
629 655
630 656
632 657
633 658
631 659
632 660
631 661
625 662
623 663
623 664
624 665
622 666
621 667
626 668
624 669
622 670
619 671
616 672
623 673
618 674
623 675
623 676
621 677
618 678
618 679
623 680
621 681
620 682
615 683
612 684
614 685
621 686
620 687
624 688
622 689
616 690
608 691
604 692
610 693
611 694
609 695
609 696
613 697
613 698
612 699
610 700
606 701
614 702
609 703
608 704
611 705
604 706
604 707
608 708
605 709
605 710
600 711
593 712
602 713
606 714
597 715
589 716
597 717
600 718
603 719
