639 0
639 1
639 2
639 3
639 4
639 5
639 6
639 7
639 8
639 9
639 10
639 11
639 12
639 13
639 14
639 15
639 16
639 17
639 18
639 19
639 20
639 21
639 22
639 23
639 24
639 25
639 26
639 27
639 28
639 29
639 30
639 31
639 32
639 33
639 34
639 35
639 36
639 37
639 38
639 39
639 40
639 41
639 42
639 43
639 44
639 45
639 46
639 47
639 48
639 49
639 50
639 51
639 52
639 53
639 54
639 55
639 56
639 57
639 58
639 59
639 60
639 61
639 62
639 63
639 64
639 65
639 66
639 67
639 68
639 69
639 70
639 71
639 72
639 73
639 74
639 75
639 76
639 77
639 78
639 79
639 80
639 81
639 82
639 83
639 84
639 85
639 86
639 87
639 88
639 89
639 90
639 91
639 92
640 93
642 94
643 95
647 96
655 97
660 98
666 99
671 100
666 101
666 102
670 103
675 104
685 105
690 106
692 107
696 108
703 109
714 110
720 111
723 112
722 113
723 114
724 115
729 116
732 117
742 118
747 119
751 120
755 121
758 122
768 123
770 124
770 125
773 126
777 127
787 128
788 129
789 130
802 131
809 132
813 133
815 134
823 135
833 136
838 137
858 138
868 139
871 140
876 141
875 142
874 143
875 144
879 145
884 146
888 147
892 148
893 149
897 150
897 151
899 152
901 153
904 154
905 155
910 156
910 157
912 158
915 159
915 160
918 161
925 162
923 163
929 164
937 165
937 166
942 167
946 168
945 169
947 170
947 171
948 172
952 173
955 174
958 175
965 176
978 177
990 178
1000 179
1005 180
1008 181
1010 182
1009 183
1010 184
1012 185
1013 186
1016 187
1017 188
1021 189
1023 190
1025 191
1025 192
1034 193
1046 194
1054 195
1055 196
1054 197
1057 198
1065 199
1070 200
1090 201
1104 202
1102 203
1110 204
1119 205
1123 206
1128 207
1129 208
1133 209
1140 210
1146 211
1149 212
1154 213
1154 214
1160 215
1165 216
1175 217
1174 218
1173 219
1174 220
1171 221
1173 222
1182 223
1186 224
1186 225
1190 226
1186 227
1191 228
1200 229
1204 230
1207 231
1211 232
1216 233
1219 234
1217 235
1225 236
1215 237
1223 238
1199 239
1221 240
1219 241
1238 242
1234 243
1249 244
1258 245
1245 246
1206 247
1267 248
1270 249
1260 250
1180 251
1104 252
775 253
975 254
963 255
1223 256
1156 258
1177 259
1272 263
1031 264
912 265
1000 266
890 267
996 268
975 269
915 270
951 271
1013 272
916 273
917 274
1248 275
1074 276
920 277
1274 279
986 287
1251 290
1258 291
1267 295
1199 298
984 303
984 304
817 305
235 306
96 307
65 308
14 309
18 310
22 311
26 312
28 313
32 314
35 315
39 316
42 317
45 318
46 319
57 320
76 321
91 322
92 323
93 324
71 325
78 326
73 327
81 328
88 329
71 330
87 331
89 332
90 333
93 334
94 335
96 336
100 337
101 338
104 339
109 340
146 341
174 342
184 343
192 344
193 345
199 346
200 347
203 348
205 349
209 350
210 351
212 352
213 353
216 354
218 355
219 356
219 357
221 358
224 359
228 360
229 361
236 362
242 363
247 364
253 365
256 366
259 367
261 368
262 369
264 370
266 371
266 372
271 373
272 374
274 375
277 376
281 377
283 378
285 379
288 380
293 381
293 382
292 383
295 384
296 385
304 386
309 387
311 388
310 389
310 390
314 391
322 392
320 393
325 394
331 395
325 396
322 397
321 398
322 399
331 400
328 401
329 402
337 403
338 404
336 405
337 406
340 407
342 408
338 409
339 410
341 411
344 412
344 413
342 414
346 415
347 416
348 417
351 418
350 419
352 420
356 421
360 422
357 423
361 424
365 425
368 426
373 427
406 428
413 429
414 430
422 431
432 432
448 433
464 434
484 435
495 436
496 437
505 438
520 439
521 440
532 441
537 442
548 443
566 444
562 445
559 446
556 447
548 448
563 449
556 450
562 451
572 452
575 453
572 454
571 455
567 456
569 457
562 458
560 459
564 460
560 461
571 462
572 463
573 464
573 465
575 466
579 467
582 468
580 469
581 470
583 471
588 472
592 473
594 474
591 475
592 476
596 477
594 478
592 479
585 480
591 481
593 482
586 483
590 484
598 485
600 486
601 487
600 488
599 489
598 490
600 491
599 492
601 493
602 494
603 495
603 496
604 497
603 498
604 499
602 500
602 501
600 502
601 503
601 504
601 505
601 506
603 507
604 508
603 509
604 510
606 511
608 512
606 513
607 514
606 515
608 516
608 517
611 518
609 519
611 520
612 521
613 522
612 523
613 524
614 525
614 526
613 527
616 528
616 529
616 530
617 531
616 532
616 533
617 534
618 535
616 536
616 537
614 538
614 539
616 540
617 541
616 542
615 543
613 544
614 545
613 546
614 547
615 548
615 549
616 550
617 551
616 552
618 553
618 554
619 555
620 556
620 557
621 558
623 559
625 560
628 561
629 562
630 563
631 564
632 565
633 566
632 567
634 568
635 569
636 570
636 571
636 572
637 573
636 574
636 575
637 576
637 577
637 578
637 579
637 580
638 581
638 582
636 583
638 584
637 585
637 586
637 587
637 588
635 589
637 590
635 591
636 592
636 593
636 594
636 595
636 596
637 597
638 598
635 599
637 600
636 601
635 602
637 603
638 604
637 605
637 606
637 607
636 608
635 609
637 610
638 611
638 612
636 613
638 614
636 615
636 616
638 617
638 618
638 619
637 620
638 621
638 622
635 623
637 624
636 625
637 626
637 627
634 628
633 629
633 630
630 631
632 632
633 633
636 634
636 635
634 636
636 637
637 638
636 639
635 640
637 641
636 642
636 643
634 644
632 645
635 646
636 647
633 648
636 649
634 650
633 651
635 652
635 653
633 654
631 655
629 656
633 657
633 658
633 659
633 660
630 661
632 662
628 663
624 664
630 665
629 666
627 667
627 668
624 669
622 670
618 671
617 672
622 673
624 674
622 675
618 676
616 677
618 678
619 679
616 680
625 681
621 682
615 683
618 684
616 685
618 686
623 687
617 688
622 689
619 690
614 691
622 692
619 693
616 694
612 695
618 696
617 697
610 698
605 699
607 700
616 701
622 702
615 703
615 704
610 705
610 706
609 707
605 708
607 709
607 710
596 711
590 712
599 713
599 714
599 715
597 716
597 717
605 718
606 719
