639 0
639 1
639 2
639 3
639 4
639 5
639 6
639 7
639 8
639 9
639 10
639 11
639 12
639 13
639 14
639 15
639 16
639 17
639 18
639 19
639 20
639 21
639 22
639 23
639 24
639 25
639 26
639 27
639 28
639 29
639 30
639 31
639 32
639 33
639 34
639 35
639 36
639 37
639 38
639 39
639 40
639 41
639 42
639 43
639 44
639 45
639 46
639 47
639 48
639 49
639 50
639 51
639 52
639 53
639 54
639 55
639 56
639 57
639 58
639 59
639 60
639 61
639 62
639 63
639 64
639 65
639 66
639 67
639 68
639 69
639 70
639 71
639 72
639 73
639 74
639 75
639 76
639 77
639 78
639 79
639 80
639 81
639 82
639 83
639 84
639 85
639 86
639 87
639 88
639 89
639 90
639 91
639 92
640 93
642 94
642 95
643 96
649 97
656 98
668 99
670 100
664 101
666 102
673 103
675 104
687 105
696 106
696 107
698 108
707 109
715 110
717 111
719 112
724 113
724 114
726 115
729 116
731 117
739 118
747 119
751 120
759 121
759 122
766 123
770 124
770 125
775 126
785 127
787 128
788 129
791 130
801 131
807 132
813 133
815 134
821 135
833 136
848 137
864 138
866 139
870 140
873 141
877 142
876 143
878 144
880 145
884 146
888 147
892 148
894 149
898 150
897 151
897 152
904 153
906 154
908 155
914 156
913 157
912 158
911 159
914 160
916 161
923 162
929 163
935 164
937 165
938 166
942 167
944 168
946 169
948 170
948 171
951 172
953 173
954 174
962 175
966 176
981 177
997 178
1001 179
1007 180
1010 181
1010 182
1009 183
1012 184
1014 185
1014 186
1017 187
1019 188
1022 189
1027 190
1028 191
1024 192
1041 193
1050 194
1055 195
1056 196
1056 197
1057 198
1068 199
1078 200
1091 201
1104 202
1106 203
1117 204
1120 205
1125 206
1128 207
1131 208
1139 209
1145 210
1150 211
1151 212
1154 213
1158 214
1163 215
1167 216
1171 217
1173 218
1173 219
1176 220
1177 221
1179 222
1186 223
1184 224
1189 225
1193 226
1196 227
1197 228
1200 229
1207 230
1209 231
1199 232
1214 233
1218 234
1224 235
1226 236
1232 237
1228 238
1205 239
1214 240
1194 241
1195 242
1235 243
1244 244
1197 245
1198 246
1196 247
1248 248
1141 249
917 251
775 252
772 253
1042 256
1231 257
1230 258
1246 259
1258 260
1036 264
1257 265
920 266
977 267
843 268
935 269
917 270
1033 271
999 272
917 273
1256 275
1056 276
1102 277
1191 288
998 299
998 300
1 305
2 306
6 307
11 308
16 309
17 310
22 311
27 312
29 313
31 314
35 315
39 316
65 317
68 318
48 319
50 320
51 321
75 322
99 323
80 324
80 325
87 326
91 327
93 328
102 329
110 330
100 331
95 332
79 333
92 334
100 335
91 336
84 337
86 338
89 339
94 340
156 341
181 342
188 343
195 344
198 345
204 346
203 347
207 348
207 349
209 350
211 351
215 352
216 353
219 354
218 355
220 356
220 357
223 358
224 359
228 360
233 361
237 362
243 363
251 364
254 365
256 366
259 367
261 368
263 369
264 370
266 371
267 372
271 373
273 374
276 375
279 376
283 377
283 378
285 379
288 380
290 381
292 382
297 383
299 384
298 385
308 386
312 387
313 388
314 389
317 390
316 391
317 392
322 393
322 394
325 395
324 396
326 397
329 398
329 399
326 400
327 401
334 402
335 403
339 404
335 405
339 406
344 407
335 408
336 409
340 410
344 411
346 412
345 413
346 414
346 415
347 416
347 417
349 418
349 419
350 420
355 421
357 422
361 423
362 424
367 425
366 426
375 427
396 428
409 429
422 430
430 431
437 432
463 433
473 434
476 435
485 436
501 437
513 438
522 439
527 440
542 441
543 442
546 443
553 444
552 445
562 446
564 447
560 448
561 449
573 450
573 451
575 452
568 453
572 454
577 455
573 456
571 457
569 458
572 459
568 460
564 461
569 462
571 463
569 464
577 465
577 466
576 467
573 468
575 469
582 470
582 471
588 472
587 473
591 474
595 475
588 476
594 477
598 478
594 479
590 480
593 481
594 482
596 483
595 484
597 485
602 486
605 487
599 488
599 489
600 490
601 491
601 492
604 493
604 494
602 495
604 496
603 497
604 498
603 499
602 500
603 501
602 502
601 503
601 504
602 505
603 506
603 507
603 508
603 509
606 510
607 511
605 512
605 513
606 514
607 515
608 516
608 517
608 518
612 519
612 520
613 521
613 522
614 523
614 524
615 525
616 526
615 527
616 528
615 529
617 530
617 531
617 532
617 533
617 534
617 535
617 536
615 537
614 538
614 539
613 540
614 541
616 542
615 543
612 544
613 545
615 546
615 547
615 548
614 549
618 550
617 551
618 552
619 553
619 554
619 555
620 556
622 557
624 558
624 559
627 560
628 561
628 562
631 563
631 564
630 565
633 566
632 567
635 568
635 569
636 570
636 571
636 572
637 573
637 574
637 575
637 576
637 577
638 578
637 579
638 580
638 581
638 582
638 583
637 584
637 585
637 586
637 587
638 588
637 589
637 590
638 591
636 592
636 593
635 594
635 595
635 596
636 597
638 598
637 599
637 600
636 601
636 602
637 603
637 604
637 605
636 606
636 607
636 608
636 609
637 610
638 611
637 612
638 613
637 614
638 615
637 616
636 617
635 618
637 619
636 620
637 621
637 622
637 623
637 624
637 625
637 626
637 627
635 628
634 629
631 630
631 631
636 632
636 633
635 634
636 635
636 636
637 637
637 638
635 639
635 640
637 641
637 642
635 643
635 644
635 645
636 646
636 647
635 648
636 649
635 650
636 651
636 652
635 653
635 654
631 655
630 656
632 657
630 658
628 659
633 660
632 661
631 662
627 663
621 664
621 665
623 666
624 667
619 668
617 669
620 670
622 671
622 672
625 673
625 674
624 675
618 676
620 677
624 678
617 679
618 680
623 681
620 682
614 683
615 684
620 685
620 686
617 687
617 688
620 689
618 690
616 691
607 692
605 693
613 694
612 695
610 696
613 697
607 698
603 699
607 700
614 701
616 702
609 703
606 704
614 705
610 706
603 707
604 708
611 709
612 710
603 711
598 712
596 713
600 714
606 715
598 716
599 717
613 718
610 719
