639 0
639 1
639 2
639 3
639 4
639 5
639 6
639 7
639 8
639 9
639 10
639 11
639 12
639 13
639 14
639 15
639 16
639 17
639 18
639 19
639 20
639 21
639 22
639 23
639 24
639 25
639 26
639 27
639 28
639 29
639 30
639 31
639 32
639 33
639 34
639 35
639 36
639 37
639 38
639 39
639 40
639 41
639 42
639 43
639 44
639 45
639 46
639 47
639 48
639 49
639 50
639 51
639 52
639 53
639 54
639 55
639 56
639 57
639 58
639 59
639 60
639 61
639 62
639 63
639 64
639 65
639 66
639 67
639 68
639 69
639 70
639 71
639 72
639 73
639 74
639 75
639 76
639 77
639 78
639 79
639 80
639 81
639 82
639 83
639 84
639 85
639 86
639 87
639 88
639 89
639 90
639 91
639 92
640 93
642 94
644 95
648 96
653 97
662 98
672 99
668 100
668 101
669 102
669 103
679 104
700 105
702 106
693 107
699 108
702 109
713 110
719 111
726 112
720 113
720 114
725 115
732 116
739 117
747 118
747 119
748 120
757 121
766 122
769 123
769 124
770 125
779 126
784 127
788 128
789 129
793 130
798 131
805 132
808 133
814 134
822 135
835 136
849 137
869 138
866 139
870 140
875 141
875 142
875 143
878 144
880 145
885 146
889 147
892 148
894 149
896 150
897 151
900 152
903 153
907 154
910 155
909 156
912 157
915 158
913 159
916 160
919 161
924 162
928 163
934 164
934 165
938 166
943 167
942 168
948 169
948 170
949 171
951 172
954 173
957 174
964 175
967 176
981 177
995 178
1002 179
1007 180
1010 181
1010 182
1012 183
1013 184
1017 185
1017 186
1016 187
1018 188
1025 189
1028 190
1027 191
1028 192
1043 193
1049 194
1055 195
1055 196
1056 197
1060 198
1068 199
1080 200
1097 201
1106 202
1110 203
1118 204
1122 205
1125 206
1130 207
1131 208
1141 209
1148 210
1152 211
1153 212
1154 213
1154 214
1158 215
1173 216
1174 217
1171 218
1176 219
1172 220
1178 221
1180 222
1188 223
1186 224
1186 225
1190 226
1197 227
1201 228
1203 229
1207 230
1208 231
1216 232
1216 233
1220 234
1225 235
1216 236
1221 237
1235 238
1223 239
1233 240
1250 241
1222 242
1242 243
1262 244
1259 245
1275 246
1260 247
1255 248
1265 249
774 251
1091 252
1200 253
1179 254
1221 255
1229 256
1195 257
1193 258
1219 259
1232 263
1141 264
1216 267
912 268
1229 269
1228 270
1228 271
898 272
912 273
1256 275
1236 279
1244 280
1244 281
1221 284
986 288
1278 294
0 304
204 305
113 306
48 307
46 308
15 309
20 310
24 311
49 312
29 313
35 314
37 315
41 316
42 317
45 318
56 319
57 320
59 321
67 322
75 323
99 324
112 325
105 326
79 327
74 328
90 329
104 330
109 331
113 332
79 333
93 334
94 335
91 336
102 337
102 338
101 339
98 340
163 341
177 342
183 343
196 344
202 345
197 346
200 347
206 348
207 349
209 350
216 351
213 352
215 353
216 354
218 355
220 356
221 357
223 358
229 359
229 360
235 361
237 362
245 363
252 364
257 365
260 366
259 367
262 368
263 369
265 370
268 371
271 372
272 373
271 374
274 375
277 376
283 377
283 378
286 379
289 380
291 381
292 382
295 383
296 384
301 385
307 386
308 387
308 388
310 389
313 390
316 391
316 392
320 393
321 394
320 395
316 396
321 397
323 398
328 399
330 400
331 401
330 402
335 403
338 404
335 405
333 406
332 407
337 408
335 409
340 410
342 411
342 412
342 413
343 414
343 415
349 416
349 417
349 418
350 419
350 420
352 421
352 422
355 423
359 424
365 425
370 426
392 427
403 428
411 429
417 430
420 431
446 432
468 433
476 434
482 435
500 436
509 437
516 438
527 439
533 440
542 441
551 442
551 443
566 444
570 445
565 446
568 447
564 448
573 449
575 450
579 451
578 452
576 453
574 454
567 455
573 456
572 457
569 458
566 459
562 460
569 461
570 462
572 463
572 464
575 465
580 466
581 467
582 468
578 469
583 470
590 471
590 472
590 473
592 474
593 475
591 476
597 477
597 478
599 479
594 480
594 481
593 482
590 483
590 484
598 485
600 486
596 487
595 488
597 489
598 490
602 491
601 492
600 493
603 494
603 495
602 496
602 497
598 498
598 499
604 500
603 501
602 502
603 503
602 504
603 505
602 506
603 507
602 508
605 509
606 510
606 511
606 512
606 513
608 514
608 515
607 516
609 517
612 518
612 519
614 520
613 521
615 522
615 523
614 524
612 525
613 526
613 527
617 528
617 529
616 530
615 531
616 532
618 533
618 534
618 535
617 536
614 537
614 538
617 539
614 540
614 541
614 542
613 543
614 544
615 545
616 546
616 547
615 548
616 549
618 550
618 551
618 552
620 553
620 554
620 555
621 556
619 557
624 558
626 559
629 560
629 561
631 562
632 563
632 564
632 565
634 566
636 567
635 568
636 569
636 570
637 571
636 572
636 573
636 574
636 575
637 576
637 577
637 578
637 579
638 580
637 581
637 582
638 583
637 584
637 585
637 586
636 587
638 588
637 589
637 590
636 591
636 592
635 593
636 594
636 595
636 596
637 597
638 598
637 599
636 600
636 601
637 602
637 603
637 604
637 605
637 606
634 607
637 608
637 609
638 610
639 611
638 612
638 613
638 614
636 615
638 616
638 617
637 618
636 619
638 620
637 621
637 622
636 623
637 624
637 625
637 626
638 627
637 628
637 629
634 630
633 631
630 632
633 633
635 634
636 635
636 636
635 637
635 638
635 639
633 640
635 641
634 642
636 643
636 644
634 645
633 646
634 647
634 648
634 649
632 650
634 651
633 652
633 653
632 654
634 655
632 656
632 657
634 658
634 659
630 660
628 661
630 662
626 663
626 664
625 665
626 666
626 667
625 668
623 669
622 670
619 671
624 672
623 673
624 674
624 675
620 676
625 677
627 678
619 679
619 680
623 681
621 682
615 683
617 684
617 685
619 686
615 687
620 688
618 689
615 690
614 691
622 692
619 693
621 694
616 695
615 696
611 697
608 698
607 699
615 700
612 701
613 702
612 703
613 704
619 705
617 706
614 707
615 708
614 709
611 710
606 711
600 712
598 713
601 714
597 715
580 716
575 717
593 718
607 719
