639 0
639 1
639 2
639 3
639 4
639 5
639 6
639 7
639 8
639 9
639 10
639 11
639 12
639 13
639 14
639 15
639 16
639 17
639 18
639 19
639 20
639 21
639 22
639 23
639 24
639 25
639 26
639 27
639 28
639 29
639 30
639 31
639 32
639 33
639 34
639 35
639 36
639 37
639 38
639 39
639 40
639 41
639 42
639 43
639 44
639 45
639 46
639 47
639 48
639 49
639 50
639 51
639 52
639 53
639 54
639 55
639 56
639 57
639 58
639 59
639 60
639 61
639 62
639 63
639 64
639 65
639 66
639 67
639 68
639 69
639 70
639 71
639 72
639 73
639 74
639 75
639 76
639 77
639 78
639 79
639 80
639 81
639 82
639 83
639 84
639 85
639 86
639 87
639 88
639 89
639 90
639 91
640 92
641 93
641 94
642 95
645 96
652 97
661 98
668 99
669 100
669 101
668 102
667 103
676 104
689 105
699 106
702 107
706 108
703 109
707 110
714 111
721 112
725 113
725 114
723 115
729 116
737 117
744 118
750 119
752 120
761 121
770 122
770 123
771 124
771 125
775 126
785 127
788 128
789 129
793 130
810 131
812 132
815 133
819 134
824 135
838 136
853 137
869 138
869 139
871 140
874 141
875 142
875 143
878 144
880 145
885 146
890 147
892 148
894 149
898 150
896 151
901 152
905 153
908 154
911 155
912 156
911 157
915 158
912 159
915 160
919 161
925 162
926 163
936 164
937 165
939 166
941 167
945 168
947 169
948 170
950 171
951 172
953 173
957 174
963 175
968 176
978 177
1001 178
1007 179
1007 180
1008 181
1010 182
1011 183
1016 184
1015 185
1016 186
1019 187
1021 188
1024 189
1025 190
1028 191
1027 192
1042 193
1049 194
1055 195
1056 196
1056 197
1058 198
1073 199
1078 200
1094 201
1105 202
1111 203
1118 204
1124 205
1125 206
1129 207
1132 208
1139 209
1145 210
1151 211
1155 212
1154 213
1153 214
1154 215
1170 216
1176 217
1170 218
1175 219
1175 220
1177 221
1180 222
1190 223
1186 224
1189 225
1190 226
1193 227
1199 228
1203 229
1207 230
1210 231
1211 232
1216 233
1217 234
1215 235
1222 236
1225 237
1225 238
1216 239
1204 240
1223 241
1234 242
1257 243
1256 244
1273 245
1260 246
1174 247
1077 248
1117 249
1077 250
1068 251
980 256
901 257
905 258
908 259
905 260
945 261
976 262
921 263
1220 264
1014 271
945 272
1141 273
971 295
1201 296
1201 297
1 305
6 306
8 307
15 308
16 309
39 310
104 311
27 312
67 313
67 314
77 315
77 316
77 317
61 318
63 319
78 320
77 321
85 322
72 323
64 324
58 325
59 326
61 327
69 328
70 329
68 330
68 331
69 332
72 333
75 334
79 335
86 336
85 337
93 338
102 339
102 340
169 341
177 342
189 343
192 344
195 345
198 346
203 347
203 348
208 349
210 350
215 351
214 352
214 353
217 354
218 355
219 356
221 357
222 358
225 359
228 360
233 361
240 362
247 363
256 364
256 365
257 366
259 367
261 368
262 369
265 370
267 371
269 372
272 373
276 374
278 375
279 376
288 377
291 378
295 379
300 380
300 381
303 382
304 383
309 384
310 385
311 386
320 387
318 388
318 389
324 390
329 391
320 392
324 393
330 394
327 395
326 396
327 397
329 398
327 399
332 400
335 401
335 402
338 403
343 404
340 405
344 406
346 407
348 408
345 409
349 410
351 411
351 412
351 413
354 414
361 415
362 416
364 417
364 418
359 419
362 420
364 421
370 422
374 423
372 424
376 425
384 426
411 427
430 428
443 429
450 430
461 431
474 432
480 433
495 434
507 435
510 436
514 437
522 438
520 439
527 440
534 441
541 442
546 443
560 444
559 445
567 446
577 447
563 448
570 449
569 450
568 451
568 452
568 453
570 454
568 455
575 456
577 457
579 458
581 459
579 460
579 461
585 462
582 463
587 464
590 465
593 466
592 467
595 468
596 469
592 470
596 471
593 472
597 473
596 474
595 475
598 476
601 477
599 478
597 479
599 480
596 481
599 482
598 483
599 484
601 485
602 486
601 487
602 488
601 489
604 490
603 491
603 492
599 493
600 494
601 495
601 496
602 497
602 498
605 499
605 500
605 501
605 502
604 503
606 504
605 505
606 506
609 507
608 508
608 509
609 510
613 511
613 512
614 513
614 514
615 515
616 516
615 517
615 518
616 519
618 520
617 521
618 522
617 523
616 524
617 525
618 526
618 527
617 528
617 529
617 530
615 531
615 532
617 533
617 534
618 535
615 536
616 537
616 538
616 539
616 540
615 541
616 542
617 543
619 544
620 545
621 546
622 547
621 548
619 549
621 550
621 551
624 552
625 553
627 554
628 555
630 556
631 557
635 558
633 559
633 560
635 561
636 562
637 563
637 564
637 565
637 566
637 567
637 568
637 569
637 570
637 571
638 572
637 573
637 574
636 575
637 576
637 577
637 578
637 579
636 580
636 581
636 582
636 583
637 584
636 585
638 586
637 587
639 588
638 589
637 590
636 591
637 592
637 593
636 594
635 595
636 596
637 597
637 598
637 599
637 600
636 601
637 602
637 603
638 604
638 605
638 606
636 607
638 608
637 609
635 610
636 611
636 612
635 613
635 614
634 615
633 616
635 617
635 618
633 619
635 620
636 621
636 622
634 623
637 624
637 625
637 626
636 627
637 628
637 629
634 630
634 631
635 632
636 633
635 634
637 635
637 636
638 637
638 638
635 639
632 640
635 641
635 642
635 643
635 644
635 645
635 646
635 647
635 648
635 649
633 650
635 651
635 652
634 653
633 654
628 655
631 656
633 657
633 658
634 659
633 660
631 661
628 662
623 663
626 664
628 665
627 666
627 667
624 668
624 669
623 670
621 671
622 672
625 673
627 674
626 675
624 676
621 677
620 678
618 679
614 680
624 681
624 682
618 683
621 684
619 685
618 686
617 687
619 688
620 689
613 690
613 691
613 692
610 693
614 694
619 695
621 696
617 697
611 698
610 699
613 700
617 701
615 702
603 703
603 704
604 705
606 706
610 707
611 708
600 709
606 710
606 711
597 712
601 713
605 714
606 715
609 716
601 717
596 718
597 719
