639 0
639 1
639 2
639 3
639 4
639 5
639 6
639 7
639 8
639 9
639 10
639 11
639 12
639 13
639 14
639 15
639 16
639 17
639 18
639 19
639 20
639 21
639 22
639 23
639 24
639 25
639 26
639 27
639 28
639 29
639 30
639 31
639 32
639 33
639 34
639 35
639 36
639 37
639 38
639 39
639 40
639 41
639 42
639 43
639 44
639 45
639 46
639 47
639 48
639 49
639 50
639 51
639 52
639 53
639 54
639 55
639 56
639 57
639 58
639 59
639 60
639 61
639 62
639 63
639 64
639 65
639 66
639 67
639 68
639 69
639 70
639 71
639 72
639 73
639 74
639 75
639 76
639 77
639 78
639 79
639 80
639 81
639 82
639 83
639 84
639 85
639 86
639 87
639 88
639 89
639 90
639 91
639 92
641 93
641 94
644 95
644 96
653 97
664 98
664 99
664 100
669 101
667 102
672 103
677 104
687 105
692 106
694 107
697 108
703 109
709 110
716 111
722 112
723 113
721 114
723 115
728 116
735 117
741 118
746 119
751 120
752 121
760 122
769 123
768 124
770 125
778 126
787 127
789 128
788 129
791 130
807 131
809 132
815 133
818 134
829 135
833 136
846 137
866 138
868 139
871 140
875 141
877 142
877 143
881 144
882 145
885 146
891 147
893 148
894 149
895 150
898 151
897 152
902 153
908 154
909 155
911 156
912 157
914 158
914 159
917 160
918 161
925 162
928 163
932 164
934 165
937 166
943 167
945 168
946 169
948 170
949 171
950 172
950 173
957 174
964 175
966 176
982 177
995 178
1003 179
1010 180
1009 181
1010 182
1012 183
1014 184
1015 185
1016 186
1017 187
1021 188
1023 189
1025 190
1026 191
1026 192
1042 193
1050 194
1055 195
1055 196
1054 197
1059 198
1067 199
1083 200
1095 201
1107 202
1107 203
1116 204
1121 205
1125 206
1129 207
1131 208
1140 209
1146 210
1151 211
1153 212
1152 213
1155 214
1162 215
1173 216
1178 217
1171 218
1173 219
1175 220
1175 221
1180 222
1183 223
1186 224
1189 225
1192 226
1196 227
1194 228
1205 229
1207 230
1212 231
1209 232
1218 233
1218 234
1223 235
1229 236
1231 237
1231 238
1231 239
1168 240
1206 241
1218 242
1248 243
1260 244
1248 245
1168 246
1187 247
1026 248
1119 249
1103 250
1272 251
762 252
1179 255
1190 256
1191 257
1194 258
1031 259
709 260
1069 261
1060 262
953 263
977 264
904 265
905 266
905 267
907 268
907 269
907 270
911 271
910 272
1239 273
1239 274
910 275
1236 279
1241 280
1232 287
998 288
1213 291
973 293
973 294
973 295
973 297
973 298
807 299
807 300
2 305
6 306
7 307
11 308
17 309
20 310
25 311
29 312
31 313
33 314
38 315
81 316
71 317
69 318
63 319
87 320
80 321
86 322
79 323
80 324
59 325
85 326
76 327
85 328
85 329
73 330
80 331
83 332
73 333
94 334
89 335
81 336
85 337
92 338
95 339
101 340
170 341
178 342
189 343
187 344
195 345
198 346
201 347
206 348
207 349
209 350
211 351
213 352
215 353
217 354
218 355
219 356
221 357
223 358
224 359
228 360
234 361
238 362
246 363
252 364
256 365
259 366
261 367
261 368
262 369
266 370
267 371
269 372
271 373
273 374
275 375
280 376
282 377
287 378
292 379
294 380
293 381
298 382
304 383
304 384
308 385
308 386
315 387
318 388
317 389
321 390
314 391
315 392
319 393
320 394
322 395
326 396
329 397
328 398
329 399
330 400
333 401
333 402
330 403
333 404
334 405
338 406
339 407
344 408
344 409
343 410
345 411
347 412
350 413
352 414
351 415
351 416
357 417
363 418
361 419
358 420
362 421
365 422
364 423
370 424
368 425
373 426
397 427
421 428
433 429
443 430
458 431
470 432
472 433
490 434
501 435
511 436
513 437
522 438
535 439
530 440
538 441
548 442
549 443
559 444
554 445
563 446
577 447
573 448
581 449
579 450
574 451
573 452
570 453
571 454
570 455
572 456
569 457
571 458
575 459
578 460
576 461
578 462
581 463
581 464
580 465
585 466
590 467
588 468
593 469
596 470
596 471
598 472
594 473
596 474
596 475
597 476
601 477
601 478
600 479
601 480
601 481
594 482
598 483
599 484
600 485
599 486
596 487
601 488
603 489
604 490
603 491
603 492
604 493
604 494
600 495
602 496
602 497
601 498
602 499
603 500
604 501
605 502
606 503
607 504
605 505
605 506
607 507
608 508
609 509
609 510
608 511
609 512
609 513
610 514
612 515
613 516
614 517
614 518
614 519
617 520
614 521
613 522
613 523
613 524
614 525
619 526
619 527
619 528
619 529
619 530
619 531
618 532
616 533
614 534
615 535
614 536
616 537
616 538
614 539
615 540
616 541
614 542
615 543
614 544
616 545
618 546
619 547
619 548
619 549
620 550
619 551
620 552
621 553
621 554
623 555
624 556
626 557
630 558
630 559
632 560
634 561
634 562
635 563
636 564
635 565
636 566
636 567
636 568
637 569
636 570
637 571
637 572
637 573
637 574
636 575
637 576
637 577
637 578
637 579
636 580
637 581
637 582
636 583
637 584
635 585
637 586
637 587
638 588
637 589
637 590
637 591
636 592
636 593
635 594
638 595
637 596
635 597
636 598
637 599
637 600
638 601
637 602
636 603
637 604
638 605
638 606
632 607
636 608
638 609
638 610
638 611
638 612
638 613
638 614
636 615
636 616
638 617
638 618
638 619
638 620
638 621
638 622
637 623
637 624
637 625
636 626
635 627
634 628
633 629
633 630
631 631
635 632
637 633
637 634
636 635
638 636
636 637
636 638
636 639
638 640
637 641
637 642
634 643
636 644
636 645
636 646
632 647
634 648
634 649
636 650
634 651
635 652
635 653
635 654
633 655
631 656
630 657
629 658
634 659
633 660
630 661
627 662
625 663
622 664
627 665
628 666
625 667
625 668
624 669
625 670
623 671
624 672
625 673
624 674
626 675
625 676
624 677
621 678
617 679
626 680
623 681
621 682
619 683
617 684
614 685
614 686
614 687
616 688
621 689
616 690
614 691
618 692
613 693
610 694
613 695
615 696
612 697
606 698
607 699
610 700
610 701
621 702
613 703
613 704
610 705
608 706
609 707
608 708
605 709
610 710
609 711
603 712
588 713
594 714
599 715
585 716
600 717
611 718
612 719
