639 0
639 1
639 2
639 3
639 4
639 5
639 6
639 7
639 8
639 9
639 10
639 11
639 12
639 13
639 14
639 15
639 16
639 17
639 18
639 19
639 20
639 21
639 22
639 23
639 24
639 25
639 26
639 27
639 28
639 29
639 30
639 31
639 32
639 33
639 34
639 35
639 36
639 37
639 38
639 39
639 40
639 41
639 42
639 43
639 44
639 45
639 46
639 47
639 48
639 49
639 50
639 51
639 52
639 53
639 54
639 55
639 56
639 57
639 58
639 59
639 60
639 61
639 62
639 63
639 64
639 65
639 66
639 67
639 68
639 69
639 70
639 71
639 72
639 73
639 74
639 75
639 76
639 77
639 78
639 79
639 80
639 81
639 82
639 83
639 84
639 85
639 86
639 87
639 88
639 89
639 90
639 91
639 92
641 93
641 94
644 95
648 96
649 97
661 98
663 99
668 100
671 101
670 102
669 103
681 104
687 105
695 106
696 107
697 108
703 109
711 110
720 111
717 112
726 113
722 114
721 115
726 116
737 117
745 118
747 119
746 120
756 121
765 122
770 123
771 124
771 125
772 126
785 127
788 128
788 129
791 130
805 131
812 132
812 133
819 134
825 135
827 136
843 137
866 138
868 139
873 140
871 141
876 142
877 143
877 144
880 145
883 146
889 147
893 148
894 149
895 150
896 151
900 152
903 153
907 154
910 155
912 156
912 157
913 158
913 159
918 160
920 161
924 162
929 163
933 164
934 165
937 166
940 167
945 168
946 169
948 170
946 171
949 172
952 173
953 174
962 175
966 176
978 177
996 178
1003 179
1010 180
1009 181
1008 182
1009 183
1012 184
1015 185
1015 186
1016 187
1018 188
1022 189
1025 190
1027 191
1025 192
1038 193
1046 194
1055 195
1056 196
1055 197
1059 198
1066 199
1076 200
1091 201
1103 202
1105 203
1117 204
1119 205
1124 206
1128 207
1131 208
1141 209
1142 210
1142 211
1154 212
1156 213
1154 214
1167 215
1171 216
1174 217
1180 218
1175 219
1175 220
1177 221
1174 222
1178 223
1186 224
1189 225
1189 226
1193 227
1195 228
1199 229
1205 230
1207 231
1209 232
1198 233
1214 234
1213 235
1215 236
1232 237
1214 238
1204 239
1211 240
1240 241
1254 242
1260 243
1260 244
1259 245
1265 246
1225 247
1175 248
766 250
766 251
764 252
763 253
1162 255
1139 256
1087 257
1160 258
1160 259
984 261
1085 262
1224 265
1138 266
1056 267
905 268
905 269
905 270
1075 271
1271 272
1263 276
1271 277
1196 295
975 297
974 298
807 303
3 306
9 307
12 308
16 309
19 310
26 311
27 312
30 313
31 314
38 315
51 316
44 317
46 318
47 319
72 320
49 321
53 322
54 323
90 324
90 325
84 326
69 327
69 328
83 329
92 330
88 331
89 332
90 333
93 334
77 335
81 336
84 337
98 338
100 339
107 340
168 341
179 342
187 343
195 344
196 345
198 346
207 347
213 348
215 349
211 350
218 351
214 352
215 353
216 354
219 355
220 356
220 357
222 358
223 359
230 360
232 361
237 362
243 363
251 364
254 365
257 366
258 367
259 368
263 369
264 370
266 371
266 372
270 373
274 374
274 375
276 376
281 377
283 378
286 379
289 380
291 381
293 382
297 383
300 384
303 385
313 386
313 387
312 388
310 389
313 390
315 391
314 392
320 393
318 394
318 395
319 396
323 397
330 398
329 399
331 400
331 401
333 402
330 403
329 404
331 405
331 406
326 407
336 408
339 409
340 410
342 411
342 412
340 413
343 414
344 415
347 416
348 417
352 418
353 419
355 420
355 421
359 422
363 423
364 424
363 425
360 426
387 427
415 428
428 429
430 430
439 431
461 432
464 433
485 434
498 435
503 436
509 437
514 438
532 439
528 440
547 441
551 442
554 443
556 444
564 445
558 446
562 447
565 448
574 449
579 450
581 451
579 452
571 453
566 454
565 455
569 456
564 457
568 458
570 459
571 460
565 461
575 462
580 463
579 464
576 465
579 466
580 467
579 468
581 469
588 470
587 471
590 472
595 473
596 474
598 475
596 476
599 477
595 478
597 479
601 480
595 481
592 482
597 483
600 484
600 485
603 486
600 487
601 488
599 489
597 490
601 491
602 492
603 493
602 494
600 495
599 496
599 497
601 498
601 499
601 500
602 501
602 502
602 503
604 504
603 505
604 506
604 507
605 508
605 509
609 510
609 511
609 512
610 513
609 514
610 515
611 516
612 517
614 518
617 519
613 520
614 521
614 522
614 523
613 524
616 525
617 526
618 527
617 528
616 529
615 530
617 531
619 532
620 533
619 534
617 535
618 536
617 537
617 538
617 539
617 540
615 541
614 542
615 543
616 544
616 545
615 546
617 547
618 548
618 549
619 550
619 551
620 552
619 553
621 554
622 555
621 556
627 557
629 558
630 559
630 560
632 561
632 562
634 563
634 564
635 565
635 566
635 567
635 568
636 569
637 570
637 571
637 572
637 573
636 574
636 575
637 576
638 577
638 578
638 579
637 580
637 581
637 582
637 583
637 584
638 585
638 586
635 587
636 588
637 589
637 590
636 591
636 592
637 593
636 594
636 595
637 596
637 597
636 598
636 599
635 600
636 601
636 602
637 603
637 604
636 605
636 606
636 607
635 608
635 609
637 610
638 611
638 612
637 613
638 614
637 615
635 616
637 617
636 618
637 619
637 620
637 621
637 622
637 623
639 624
638 625
637 626
637 627
637 628
636 629
634 630
630 631
631 632
630 633
633 634
632 635
635 636
636 637
636 638
633 639
638 640
638 641
635 642
635 643
636 644
633 645
635 646
634 647
636 648
636 649
636 650
635 651
633 652
635 653
634 654
630 655
631 656
634 657
634 658
634 659
634 660
633 661
632 662
632 663
626 664
625 665
628 666
629 667
628 668
628 669
627 670
626 671
625 672
626 673
623 674
621 675
623 676
624 677
621 678
617 679
621 680
622 681
619 682
615 683
620 684
618 685
620 686
619 687
621 688
618 689
620 690
622 691
618 692
611 693
614 694
613 695
613 696
618 697
617 698
613 699
615 700
615 701
617 702
610 703
605 704
608 705
607 706
598 707
606 708
607 709
611 710
596 711
592 712
598 713
598 714
601 715
593 716
594 717
599 718
607 719
