639 0
639 1
639 2
639 3
639 4
639 5
639 6
639 7
639 8
639 9
639 10
639 11
639 12
639 13
639 14
639 15
639 16
639 17
639 18
639 19
639 20
639 21
639 22
639 23
639 24
639 25
639 26
639 27
639 28
639 29
639 30
639 31
639 32
639 33
639 34
639 35
639 36
639 37
639 38
639 39
639 40
639 41
639 42
639 43
639 44
639 45
639 46
639 47
639 48
639 49
639 50
639 51
639 52
639 53
639 54
639 55
639 56
639 57
639 58
639 59
639 60
639 61
639 62
639 63
639 64
639 65
639 66
639 67
639 68
639 69
639 70
639 71
639 72
639 73
639 74
639 75
639 76
639 77
639 78
639 79
639 80
639 81
639 82
639 83
639 84
639 85
639 86
639 87
639 88
639 89
639 90
639 91
639 92
642 93
642 94
643 95
647 96
652 97
662 98
666 99
666 100
663 101
667 102
667 103
674 104
692 105
696 106
693 107
699 108
702 109
709 110
712 111
721 112
727 113
725 114
721 115
724 116
735 117
747 118
745 119
750 120
757 121
761 122
767 123
769 124
770 125
772 126
783 127
792 128
788 129
793 130
808 131
808 132
814 133
818 134
824 135
831 136
854 137
869 138
869 139
874 140
874 141
874 142
876 143
876 144
879 145
885 146
889 147
893 148
894 149
898 150
897 151
899 152
902 153
906 154
910 155
909 156
912 157
913 158
915 159
915 160
919 161
919 162
927 163
935 164
936 165
938 166
940 167
940 168
948 169
948 170
947 171
949 172
954 173
955 174
963 175
964 176
979 177
995 178
1001 179
1007 180
1008 181
1011 182
1008 183
1014 184
1015 185
1016 186
1018 187
1019 188
1021 189
1025 190
1027 191
1026 192
1043 193
1047 194
1054 195
1056 196
1055 197
1057 198
1066 199
1078 200
1089 201
1102 202
1108 203
1116 204
1119 205
1124 206
1129 207
1129 208
1138 209
1143 210
1153 211
1155 212
1155 213
1153 214
1161 215
1169 216
1173 217
1171 218
1171 219
1176 220
1174 221
1178 222
1180 223
1189 224
1191 225
1191 226
1194 227
1196 228
1200 229
1203 230
1207 231
1205 232
1213 233
1217 234
1224 235
1214 236
1212 237
1214 238
1231 239
1177 240
1201 241
1208 242
1193 243
1213 244
1259 245
1266 246
1260 247
1122 248
1198 249
1223 250
1256 251
768 252
1005 253
901 254
901 255
1181 256
1228 257
1228 258
1240 259
1216 260
910 264
904 266
1026 267
958 268
908 269
908 270
914 271
1113 272
976 296
803 304
803 305
189 306
85 307
11 308
15 309
19 310
21 311
27 312
28 313
35 314
37 315
42 316
44 317
45 318
58 319
48 320
51 321
52 322
62 323
104 324
104 325
92 326
98 327
80 328
75 329
79 330
87 331
95 332
90 333
87 334
78 335
82 336
83 337
87 338
91 339
95 340
156 341
180 342
184 343
191 344
196 345
200 346
201 347
205 348
211 349
216 350
211 351
214 352
216 353
219 354
220 355
224 356
224 357
223 358
224 359
227 360
233 361
237 362
243 363
249 364
253 365
256 366
258 367
260 368
264 369
269 370
267 371
268 372
270 373
272 374
273 375
281 376
282 377
284 378
285 379
289 380
293 381
298 382
298 383
302 384
299 385
303 386
310 387
312 388
312 389
312 390
312 391
316 392
317 393
319 394
321 395
327 396
325 397
328 398
334 399
337 400
329 401
330 402
333 403
335 404
339 405
334 406
332 407
334 408
335 409
345 410
344 411
345 412
341 413
342 414
345 415
346 416
347 417
350 418
349 419
352 420
363 421
367 422
363 423
362 424
364 425
365 426
380 427
407 428
415 429
418 430
428 431
452 432
464 433
481 434
487 435
501 436
509 437
515 438
520 439
533 440
545 441
552 442
547 443
551 444
566 445
567 446
548 447
565 448
576 449
577 450
581 451
577 452
578 453
577 454
567 455
572 456
570 457
569 458
565 459
568 460
571 461
570 462
573 463
581 464
582 465
584 466
583 467
580 468
584 469
585 470
584 471
588 472
595 473
596 474
591 475
592 476
593 477
600 478
601 479
602 480
599 481
597 482
597 483
598 484
602 485
604 486
603 487
599 488
601 489
600 490
600 491
603 492
603 493
603 494
600 495
599 496
600 497
602 498
601 499
602 500
603 501
602 502
602 503
602 504
603 505
603 506
604 507
605 508
605 509
605 510
607 511
607 512
608 513
610 514
609 515
609 516
610 517
612 518
615 519
614 520
613 521
615 522
615 523
615 524
615 525
617 526
618 527
615 528
616 529
616 530
616 531
618 532
619 533
618 534
616 535
619 536
617 537
616 538
614 539
613 540
614 541
614 542
614 543
616 544
615 545
614 546
617 547
617 548
618 549
618 550
618 551
618 552
620 553
620 554
620 555
619 556
623 557
626 558
628 559
629 560
631 561
631 562
631 563
633 564
633 565
634 566
634 567
636 568
637 569
636 570
635 571
637 572
637 573
637 574
637 575
638 576
638 577
637 578
637 579
637 580
637 581
637 582
637 583
637 584
637 585
638 586
638 587
637 588
637 589
636 590
637 591
635 592
636 593
637 594
636 595
637 596
637 597
638 598
636 599
637 600
636 601
637 602
638 603
638 604
637 605
638 606
637 607
635 608
637 609
638 610
638 611
637 612
638 613
637 614
633 615
636 616
638 617
637 618
637 619
636 620
638 621
637 622
636 623
635 624
638 625
636 626
636 627
635 628
635 629
634 630
634 631
635 632
633 633
633 634
631 635
630 636
632 637
636 638
636 639
636 640
637 641
634 642
632 643
635 644
635 645
633 646
635 647
635 648
634 649
634 650
635 651
635 652
634 653
634 654
635 655
630 656
635 657
635 658
634 659
633 660
628 661
632 662
630 663
627 664
629 665
628 666
624 667
624 668
626 669
628 670
621 671
625 672
626 673
626 674
622 675
621 676
625 677
624 678
625 679
620 680
620 681
623 682
623 683
624 684
625 685
625 686
620 687
618 688
622 689
624 690
621 691
614 692
616 693
620 694
617 695
617 696
620 697
620 698
614 699
619 700
616 701
616 702
611 703
611 704
618 705
608 706
597 707
603 708
611 709
612 710
609 711
601 712
600 713
607 714
603 715
599 716
596 717
599 718
599 719
