639 0
639 1
639 2
639 3
639 4
639 5
639 6
639 7
639 8
639 9
639 10
639 11
639 12
639 13
639 14
639 15
639 16
639 17
639 18
639 19
639 20
639 21
639 22
639 23
639 24
639 25
639 26
639 27
639 28
639 29
639 30
639 31
639 32
639 33
639 34
639 35
639 36
639 37
639 38
639 39
639 40
639 41
639 42
639 43
639 44
639 45
639 46
639 47
639 48
639 49
639 50
639 51
639 52
639 53
639 54
639 55
639 56
639 57
639 58
639 59
639 60
639 61
639 62
639 63
639 64
639 65
639 66
639 67
639 68
639 69
639 70
639 71
639 72
639 73
639 74
639 75
639 76
639 77
639 78
639 79
639 80
639 81
639 82
639 83
639 84
639 85
639 86
639 87
639 88
639 89
639 90
639 91
639 92
640 93
641 94
644 95
647 96
649 97
658 98
663 99
669 100
669 101
667 102
670 103
686 104
691 105
694 106
694 107
699 108
707 109
713 110
719 111
716 112
722 113
721 114
721 115
724 116
736 117
742 118
747 119
747 120
752 121
765 122
770 123
771 124
770 125
773 126
782 127
789 128
791 129
791 130
795 131
804 132
811 133
817 134
817 135
829 136
846 137
864 138
871 139
874 140
874 141
875 142
876 143
875 144
878 145
882 146
888 147
891 148
894 149
895 150
898 151
898 152
899 153
902 154
908 155
911 156
911 157
912 158
914 159
915 160
914 161
918 162
923 163
936 164
936 165
939 166
941 167
943 168
947 169
948 170
948 171
949 172
951 173
955 174
961 175
963 176
978 177
993 178
1002 179
1008 180
1006 181
1010 182
1008 183
1013 184
1015 185
1015 186
1017 187
1018 188
1022 189
1026 190
1028 191
1026 192
1040 193
1049 194
1055 195
1056 196
1055 197
1055 198
1065 199
1071 200
1089 201
1103 202
1103 203
1112 204
1119 205
1122 206
1129 207
1130 208
1139 209
1142 210
1152 211
1154 212
1151 213
1151 214
1157 215
1167 216
1175 217
1167 218
1170 219
1176 220
1176 221
1175 222
1178 223
1181 224
1184 225
1186 226
1195 227
1194 228
1202 229
1205 230
1210 231
1213 232
1216 233
1216 234
1221 235
1214 236
1229 237
1221 238
1222 239
1236 240
1197 241
1197 242
1213 243
1259 244
1261 245
1266 246
1249 247
1267 248
1257 249
1275 250
1071 251
900 252
1005 253
1171 254
868 255
1229 257
1245 258
1267 259
1256 260
1228 262
1223 263
1008 264
964 265
996 266
996 267
868 268
902 269
902 270
902 271
1055 279
1271 280
971 297
971 298
802 304
804 305
6 306
10 307
12 308
15 309
19 310
24 311
27 312
29 313
31 314
48 315
51 316
43 317
51 318
73 319
86 320
66 321
75 322
90 323
76 324
64 325
81 326
116 327
90 328
103 329
108 330
67 331
70 332
91 333
93 334
89 335
92 336
90 337
87 338
90 339
97 340
149 341
176 342
187 343
188 344
194 345
197 346
200 347
203 348
207 349
208 350
210 351
212 352
214 353
215 354
217 355
219 356
221 357
222 358
226 359
230 360
236 361
237 362
242 363
247 364
253 365
257 366
259 367
261 368
262 369
265 370
266 371
269 372
271 373
274 374
275 375
276 376
281 377
283 378
286 379
290 380
291 381
302 382
303 383
303 384
305 385
306 386
308 387
312 388
312 389
311 390
308 391
311 392
313 393
313 394
322 395
321 396
323 397
332 398
333 399
329 400
332 401
332 402
329 403
327 404
327 405
330 406
331 407
336 408
338 409
339 410
340 411
337 412
341 413
342 414
346 415
347 416
347 417
349 418
345 419
350 420
358 421
365 422
369 423
366 424
361 425
365 426
380 427
405 428
421 429
426 430
434 431
449 432
468 433
482 434
498 435
502 436
507 437
519 438
524 439
532 440
537 441
543 442
547 443
558 444
564 445
561 446
559 447
570 448
578 449
574 450
576 451
579 452
571 453
570 454
572 455
570 456
570 457
569 458
572 459
569 460
569 461
572 462
578 463
577 464
580 465
581 466
573 467
577 468
580 469
588 470
583 471
582 472
586 473
590 474
592 475
595 476
595 477
597 478
593 479
594 480
597 481
599 482
598 483
600 484
602 485
600 486
598 487
602 488
603 489
604 490
605 491
604 492
605 493
605 494
604 495
602 496
603 497
603 498
602 499
602 500
603 501
602 502
602 503
602 504
602 505
603 506
605 507
607 508
608 509
609 510
607 511
608 512
609 513
609 514
611 515
612 516
613 517
615 518
615 519
613 520
612 521
613 522
614 523
614 524
614 525
613 526
615 527
617 528
616 529
616 530
617 531
618 532
617 533
618 534
616 535
617 536
615 537
615 538
615 539
612 540
613 541
614 542
613 543
617 544
618 545
616 546
616 547
619 548
619 549
620 550
620 551
620 552
620 553
620 554
620 555
620 556
625 557
629 558
628 559
630 560
632 561
633 562
633 563
633 564
635 565
634 566
635 567
635 568
636 569
636 570
637 571
637 572
637 573
636 574
637 575
637 576
637 577
637 578
637 579
637 580
636 581
636 582
637 583
638 584
637 585
636 586
636 587
636 588
637 589
637 590
635 591
635 592
636 593
636 594
638 595
636 596
636 597
636 598
635 599
636 600
636 601
637 602
637 603
637 604
636 605
635 606
633 607
635 608
636 609
636 610
638 611
637 612
637 613
636 614
637 615
638 616
638 617
637 618
638 619
636 620
637 621
637 622
637 623
637 624
637 625
636 626
636 627
635 628
636 629
637 630
635 631
634 632
634 633
631 634
631 635
631 636
635 637
636 638
634 639
637 640
638 641
636 642
636 643
637 644
637 645
633 646
632 647
634 648
635 649
636 650
636 651
637 652
635 653
634 654
634 655
635 656
634 657
632 658
631 659
633 660
628 661
631 662
624 663
619 664
624 665
626 666
627 667
625 668
625 669
626 670
621 671
622 672
625 673
626 674
624 675
623 676
619 677
616 678
611 679
618 680
626 681
621 682
617 683
618 684
615 685
617 686
623 687
621 688
617 689
615 690
619 691
614 692
612 693
625 694
617 695
610 696
616 697
614 698
609 699
611 700
617 701
614 702
601 703
601 704
607 705
608 706
604 707
605 708
596 709
600 710
609 711
598 712
592 713
596 714
605 715
596 716
586 717
597 718
609 719
