639 0
639 1
639 2
639 3
639 4
639 5
639 6
639 7
639 8
639 9
639 10
639 11
639 12
639 13
639 14
639 15
639 16
639 17
639 18
639 19
639 20
639 21
639 22
639 23
639 24
639 25
639 26
639 27
639 28
639 29
639 30
639 31
639 32
639 33
639 34
639 35
639 36
639 37
639 38
639 39
639 40
639 41
639 42
639 43
639 44
639 45
639 46
639 47
639 48
639 49
639 50
639 51
639 52
639 53
639 54
639 55
639 56
639 57
639 58
639 59
639 60
639 61
639 62
639 63
639 64
639 65
639 66
639 67
639 68
639 69
639 70
639 71
639 72
639 73
639 74
639 75
639 76
639 77
639 78
639 79
639 80
639 81
639 82
639 83
639 84
639 85
639 86
639 87
639 88
639 89
639 90
639 91
639 92
641 93
643 94
644 95
646 96
653 97
662 98
663 99
669 100
675 101
670 102
675 103
677 104
694 105
701 106
696 107
699 108
705 109
710 110
718 111
724 112
724 113
723 114
727 115
733 116
732 117
745 118
753 119
755 120
758 121
768 122
773 123
770 124
772 125
775 126
785 127
789 128
789 129
791 130
804 131
817 132
820 133
820 134
824 135
831 136
846 137
866 138
867 139
870 140
875 141
876 142
875 143
878 144
880 145
882 146
890 147
892 148
894 149
895 150
897 151
898 152
901 153
906 154
908 155
911 156
913 157
914 158
916 159
916 160
920 161
924 162
927 163
936 164
936 165
938 166
941 167
945 168
947 169
948 170
949 171
951 172
951 173
954 174
960 175
966 176
981 177
993 178
1004 179
1009 180
1009 181
1010 182
1010 183
1014 184
1016 185
1017 186
1016 187
1018 188
1021 189
1026 190
1027 191
1027 192
1037 193
1044 194
1056 195
1059 196
1059 197
1062 198
1072 199
1076 200
1090 201
1108 202
1111 203
1115 204
1117 205
1122 206
1129 207
1130 208
1139 209
1142 210
1153 211
1154 212
1154 213
1155 214
1158 215
1172 216
1176 217
1177 218
1177 219
1175 220
1175 221
1178 222
1184 223
1191 224
1189 225
1189 226
1196 227
1198 228
1200 229
1201 230
1208 231
1211 232
1213 233
1214 234
1214 235
1226 236
1231 237
1235 238
1232 239
1238 240
1236 241
1247 242
1244 243
1251 244
1255 245
1269 246
1172 247
1244 248
1262 249
1235 250
1167 251
1025 253
993 254
1004 255
1110 256
1256 261
1194 262
1023 263
1233 266
1052 268
1008 269
988 270
985 271
996 272
1271 278
1271 279
1088 282
1087 283
1088 284
1276 285
1277 286
1272 292
967 296
1080 297
971 298
942 304
471 305
252 306
224 307
196 308
193 309
74 310
44 311
62 312
28 313
31 314
37 315
41 316
41 317
43 318
48 319
49 320
50 321
50 322
55 323
57 324
58 325
59 326
89 327
104 328
84 329
66 330
68 331
83 332
97 333
93 334
76 335
91 336
89 337
91 338
93 339
92 340
116 341
170 342
178 343
186 344
194 345
196 346
199 347
202 348
204 349
209 350
212 351
212 352
213 353
215 354
217 355
217 356
220 357
221 358
223 359
226 360
229 361
237 362
241 363
247 364
256 365
256 366
260 367
260 368
262 369
262 370
265 371
267 372
273 373
275 374
280 375
284 376
279 377
281 378
287 379
287 380
288 381
291 382
293 383
293 384
296 385
299 386
301 387
303 388
305 389
306 390
306 391
313 392
314 393
314 394
316 395
315 396
318 397
323 398
323 399
324 400
330 401
334 402
340 403
342 404
342 405
342 406
341 407
350 408
349 409
351 410
353 411
359 412
367 413
370 414
372 415
370 416
381 417
378 418
380 419
381 420
387 421
394 422
402 423
404 424
410 425
420 426
419 427
425 428
427 429
428 430
424 431
420 432
424 433
418 434
418 435
419 436
420 437
422 438
449 439
456 440
445 441
454 442
471 443
476 444
490 445
504 446
496 447
498 448
496 449
514 450
520 451
514 452
510 453
512 454
514 455
513 456
516 457
509 458
508 459
509 460
508 461
507 462
515 463
528 464
525 465
529 466
528 467
526 468
531 469
529 470
530 471
522 472
536 473
536 474
526 475
522 476
522 477
529 478
526 479
530 480
533 481
551 482
559 483
557 484
561 485
565 486
562 487
570 488
570 489
570 490
567 491
570 492
567 493
569 494
567 495
567 496
566 497
567 498
572 499
571 500
570 501
569 502
565 503
563 504
565 505
563 506
568 507
574 508
580 509
585 510
591 511
596 512
597 513
597 514
594 515
596 516
594 517
596 518
594 519
600 520
597 521
596 522
597 523
596 524
599 525
596 526
594 527
597 528
601 529
601 530
602 531
602 532
604 533
603 534
603 535
602 536
603 537
603 538
600 539
601 540
602 541
601 542
602 543
604 544
600 545
599 546
599 547
601 548
601 549
602 550
600 551
597 552
600 553
604 554
604 555
601 556
602 557
603 558
602 559
598 560
602 561
601 562
602 563
600 564
598 565
597 566
598 567
596 568
596 569
596 570
594 571
595 572
597 573
596 574
598 575
597 576
597 577
594 578
595 579
595 580
599 581
603 582
600 583
596 584
598 585
602 586
600 587
600 588
602 589
602 590
602 591
601 592
605 593
607 594
608 595
606 596
606 597
605 598
605 599
607 600
608 601
609 602
607 603
610 604
614 605
612 606
615 607
618 608
618 609
620 610
621 611
621 612
622 613
624 614
620 615
629 616
632 617
632 618
633 619
629 620
629 621
631 622
630 623
629 624
633 625
633 626
633 627
635 628
631 629
631 630
631 631
628 632
630 633
630 634
631 635
631 636
630 637
628 638
625 639
629 640
629 641
626 642
624 643
623 644
626 645
627 646
628 647
626 648
622 649
621 650
621 651
621 652
624 653
626 654
626 655
623 656
623 657
623 658
623 659
624 660
622 661
618 662
617 663
618 664
620 665
622 666
624 667
621 668
617 669
615 670
617 671
621 672
627 673
625 674
615 675
618 676
617 677
616 678
604 679
617 680
618 681
616 682
613 683
614 684
612 685
606 686
598 687
598 688
607 689
601 690
600 691
609 692
605 693
603 694
602 695
607 696
603 697
604 698
605 699
595 700
600 701
600 702
594 703
600 704
597 705
595 706
587 707
581 708
583 709
587 710
585 711
570 712
568 713
574 714
583 715
570 716
567 717
581 718
597 719
