639 0
639 1
639 2
639 3
639 4
639 5
639 6
639 7
639 8
639 9
639 10
639 11
639 12
639 13
639 14
639 15
639 16
639 17
639 18
639 19
639 20
639 21
639 22
639 23
639 24
639 25
639 26
639 27
639 28
639 29
639 30
639 31
639 32
639 33
639 34
639 35
639 36
639 37
639 38
639 39
639 40
639 41
639 42
639 43
639 44
639 45
639 46
639 47
639 48
639 49
639 50
639 51
639 52
639 53
639 54
639 55
639 56
639 57
639 58
639 59
639 60
639 61
639 62
639 63
639 64
639 65
639 66
639 67
639 68
639 69
639 70
639 71
639 72
639 73
639 74
639 75
639 76
639 77
639 78
639 79
639 80
639 81
639 82
639 83
639 84
639 85
639 86
639 87
639 88
639 89
639 90
639 91
639 92
642 93
643 94
641 95
646 96
656 97
661 98
666 99
669 100
666 101
665 102
675 103
680 104
690 105
698 106
697 107
697 108
706 109
713 110
722 111
720 112
722 113
722 114
727 115
733 116
742 117
746 118
751 119
756 120
763 121
768 122
768 123
770 124
773 125
780 126
786 127
789 128
788 129
795 130
807 131
815 132
817 133
819 134
828 135
839 136
856 137
868 138
870 139
873 140
874 141
874 142
875 143
878 144
881 145
886 146
891 147
893 148
895 149
898 150
898 151
900 152
903 153
910 154
910 155
910 156
912 157
914 158
919 159
919 160
919 161
922 162
932 163
934 164
937 165
941 166
943 167
946 168
948 169
949 170
950 171
951 172
954 173
958 174
959 175
973 176
984 177
995 178
1007 179
1009 180
1011 181
1011 182
1012 183
1015 184
1016 185
1015 186
1017 187
1017 188
1023 189
1026 190
1024 191
1030 192
1043 193
1051 194
1056 195
1054 196
1054 197
1060 198
1071 199
1085 200
1101 201
1105 202
1107 203
1118 204
1124 205
1126 206
1128 207
1133 208
1141 209
1149 210
1154 211
1153 212
1151 213
1154 214
1163 215
1170 216
1175 217
1176 218
1174 219
1175 220
1174 221
1180 222
1188 223
1183 224
1189 225
1190 226
1197 227
1202 228
1204 229
1208 230
1208 231
1210 232
1217 233
1221 234
1222 235
1224 236
1233 237
1238 238
1216 239
1213 240
1210 241
1198 242
1245 243
1259 244
1247 245
1211 246
1256 247
1184 248
1277 249
1277 250
766 251
888 253
762 254
762 255
1097 256
1219 261
902 263
1145 264
902 265
863 266
870 267
768 268
760 270
908 273
908 274
1270 277
1270 278
1270 281
1270 282
1270 283
1191 287
991 296
860 303
0 304
1 305
4 306
7 307
13 308
16 309
47 310
40 311
30 312
31 313
37 314
38 315
41 316
44 317
90 318
113 319
91 320
104 321
104 322
77 323
95 324
107 325
91 326
77 327
98 328
109 329
100 330
88 331
77 332
72 333
75 334
78 335
94 336
95 337
93 338
101 339
123 340
177 341
186 342
195 343
198 344
196 345
199 346
203 347
205 348
208 349
209 350
212 351
215 352
215 353
217 354
219 355
219 356
221 357
223 358
226 359
229 360
235 361
240 362
245 363
250 364
255 365
258 366
259 367
261 368
264 369
266 370
267 371
271 372
274 373
274 374
275 375
277 376
285 377
287 378
290 379
289 380
291 381
294 382
299 383
300 384
302 385
305 386
311 387
315 388
314 389
313 390
313 391
318 392
318 393
320 394
324 395
322 396
326 397
325 398
326 399
331 400
325 401
332 402
337 403
334 404
335 405
335 406
332 407
338 408
338 409
341 410
343 411
345 412
344 413
346 414
345 415
347 416
347 417
350 418
349 419
351 420
353 421
358 422
363 423
364 424
364 425
377 426
391 427
409 428
429 429
433 430
435 431
450 432
476 433
487 434
494 435
503 436
515 437
523 438
517 439
528 440
534 441
541 442
551 443
559 444
563 445
565 446
562 447
569 448
576 449
579 450
577 451
568 452
564 453
570 454
570 455
570 456
569 457
566 458
569 459
566 460
572 461
576 462
576 463
579 464
582 465
580 466
576 467
576 468
582 469
589 470
591 471
591 472
594 473
596 474
597 475
598 476
600 477
598 478
589 479
596 480
597 481
599 482
600 483
599 484
597 485
598 486
598 487
598 488
600 489
599 490
600 491
601 492
600 493
602 494
603 495
600 496
601 497
600 498
601 499
602 500
602 501
602 502
603 503
602 504
603 505
606 506
605 507
605 508
606 509
606 510
607 511
608 512
609 513
608 514
610 515
612 516
612 517
614 518
616 519
615 520
615 521
615 522
615 523
614 524
615 525
617 526
617 527
619 528
618 529
617 530
615 531
618 532
619 533
618 534
616 535
617 536
617 537
614 538
613 539
614 540
616 541
615 542
616 543
616 544
616 545
615 546
616 547
618 548
619 549
619 550
620 551
619 552
621 553
620 554
618 555
621 556
628 557
629 558
629 559
630 560
632 561
633 562
635 563
635 564
634 565
635 566
636 567
636 568
636 569
636 570
636 571
637 572
637 573
637 574
637 575
636 576
637 577
637 578
637 579
637 580
637 581
637 582
637 583
636 584
635 585
635 586
636 587
636 588
636 589
637 590
635 591
637 592
636 593
634 594
636 595
637 596
636 597
636 598
637 599
637 600
636 601
635 602
636 603
636 604
637 605
637 606
635 607
636 608
638 609
635 610
636 611
636 612
637 613
638 614
636 615
638 616
637 617
638 618
637 619
638 620
638 621
638 622
637 623
634 624
637 625
637 626
637 627
637 628
636 629
636 630
636 631
634 632
633 633
632 634
632 635
630 636
632 637
636 638
635 639
636 640
637 641
635 642
634 643
636 644
635 645
636 646
636 647
634 648
637 649
633 650
634 651
635 652
634 653
634 654
630 655
635 656
634 657
633 658
631 659
633 660
633 661
631 662
625 663
625 664
629 665
626 666
623 667
621 668
622 669
624 670
626 671
624 672
624 673
624 674
626 675
625 676
622 677
621 678
619 679
623 680
625 681
620 682
617 683
620 684
617 685
613 686
616 687
618 688
623 689
624 690
621 691
620 692
619 693
615 694
614 695
616 696
616 697
613 698
618 699
613 700
614 701
613 702
610 703
612 704
603 705
604 706
603 707
601 708
611 709
614 710
596 711
600 712
588 713
593 714
597 715
598 716
590 717
596 718
601 719
