639 0
639 1
639 2
639 3
639 4
639 5
639 6
639 7
639 8
639 9
639 10
639 11
639 12
639 13
639 14
639 15
639 16
639 17
639 18
639 19
639 20
639 21
639 22
639 23
639 24
639 25
639 26
639 27
639 28
639 29
639 30
639 31
639 32
639 33
639 34
639 35
639 36
639 37
639 38
639 39
639 40
639 41
639 42
639 43
639 44
639 45
639 46
639 47
639 48
639 49
639 50
639 51
639 52
639 53
639 54
639 55
639 56
639 57
639 58
639 59
639 60
639 61
639 62
639 63
639 64
639 65
639 66
639 67
639 68
639 69
639 70
639 71
639 72
639 73
639 74
639 75
639 76
639 77
639 78
639 79
639 80
639 81
639 82
639 83
639 84
639 85
639 86
639 87
639 88
639 89
639 90
639 91
639 92
641 93
641 94
642 95
649 96
653 97
661 98
668 99
672 100
667 101
668 102
676 103
684 104
695 105
701 106
699 107
701 108
705 109
710 110
718 111
722 112
731 113
721 114
723 115
733 116
739 117
745 118
746 119
751 120
759 121
766 122
770 123
770 124
771 125
777 126
787 127
789 128
790 129
793 130
804 131
815 132
817 133
818 134
824 135
838 136
850 137
865 138
867 139
870 140
874 141
876 142
876 143
878 144
878 145
884 146
888 147
891 148
894 149
898 150
897 151
900 152
903 153
906 154
910 155
911 156
912 157
914 158
915 159
918 160
919 161
920 162
930 163
935 164
937 165
939 166
942 167
945 168
948 169
948 170
948 171
950 172
954 173
954 174
963 175
970 176
982 177
995 178
1000 179
1011 180
1010 181
1008 182
1008 183
1012 184
1015 185
1014 186
1015 187
1018 188
1022 189
1029 190
1027 191
1025 192
1041 193
1049 194
1055 195
1055 196
1055 197
1060 198
1067 199
1079 200
1098 201
1106 202
1105 203
1118 204
1122 205
1124 206
1128 207
1132 208
1139 209
1146 210
1154 211
1154 212
1154 213
1157 214
1164 215
1171 216
1174 217
1172 218
1171 219
1176 220
1176 221
1179 222
1186 223
1183 224
1192 225
1192 226
1196 227
1200 228
1203 229
1206 230
1208 231
1214 232
1210 233
1217 234
1219 235
1223 236
1217 237
1218 238
1203 239
1189 240
1196 241
1209 242
1227 243
1247 244
1247 245
1236 246
1252 247
1224 248
1271 251
1277 252
763 254
844 255
763 256
1178 259
1177 260
1215 263
1005 264
922 265
911 266
848 267
980 268
1018 269
904 270
906 271
911 272
908 273
1279 279
1064 288
1062 289
1176 295
974 296
975 297
982 301
982 302
974 304
974 305
72 306
54 307
12 308
67 309
20 310
24 311
48 312
31 313
33 314
39 315
40 316
44 317
46 318
65 319
58 320
101 321
81 322
75 323
82 324
95 325
97 326
110 327
116 328
94 329
80 330
88 331
89 332
85 333
86 334
95 335
86 336
83 337
89 338
91 339
101 340
166 341
178 342
189 343
189 344
195 345
207 346
209 347
205 348
207 349
209 350
211 351
214 352
215 353
216 354
218 355
221 356
222 357
223 358
224 359
228 360
233 361
237 362
242 363
250 364
253 365
257 366
258 367
261 368
263 369
263 370
266 371
268 372
271 373
273 374
279 375
278 376
279 377
286 378
287 379
289 380
291 381
295 382
300 383
299 384
303 385
306 386
308 387
309 388
311 389
313 390
318 391
324 392
322 393
319 394
322 395
320 396
324 397
320 398
322 399
331 400
329 401
333 402
334 403
334 404
330 405
329 406
333 407
339 408
334 409
337 410
341 411
341 412
340 413
343 414
342 415
344 416
345 417
348 418
349 419
350 420
352 421
356 422
361 423
363 424
361 425
365 426
389 427
416 428
423 429
428 430
435 431
447 432
471 433
477 434
487 435
506 436
510 437
519 438
530 439
530 440
539 441
550 442
553 443
551 444
550 445
567 446
564 447
566 448
571 449
572 450
574 451
576 452
573 453
572 454
563 455
568 456
569 457
566 458
564 459
561 460
573 461
576 462
575 463
575 464
581 465
577 466
576 467
570 468
576 469
581 470
583 471
592 472
593 473
591 474
588 475
594 476
596 477
597 478
592 479
599 480
596 481
594 482
594 483
597 484
600 485
600 486
598 487
596 488
600 489
600 490
604 491
603 492
603 493
604 494
603 495
603 496
602 497
601 498
602 499
601 500
601 501
602 502
601 503
604 504
603 505
604 506
606 507
605 508
603 509
605 510
605 511
609 512
608 513
609 514
610 515
611 516
612 517
612 518
615 519
615 520
618 521
616 522
615 523
615 524
615 525
616 526
619 527
619 528
620 529
618 530
618 531
619 532
618 533
618 534
617 535
615 536
616 537
616 538
615 539
613 540
613 541
614 542
614 543
615 544
616 545
616 546
617 547
618 548
619 549
618 550
616 551
619 552
619 553
619 554
620 555
621 556
625 557
626 558
630 559
628 560
631 561
633 562
633 563
633 564
633 565
634 566
635 567
635 568
636 569
636 570
637 571
637 572
637 573
637 574
637 575
636 576
637 577
637 578
637 579
636 580
637 581
637 582
636 583
637 584
637 585
637 586
638 587
636 588
637 589
637 590
638 591
638 592
637 593
636 594
634 595
635 596
636 597
636 598
633 599
635 600
636 601
635 602
637 603
636 604
637 605
635 606
636 607
637 608
635 609
637 610
638 611
636 612
637 613
638 614
637 615
635 616
637 617
637 618
636 619
635 620
636 621
637 622
636 623
637 624
638 625
638 626
637 627
635 628
635 629
635 630
632 631
635 632
635 633
632 634
630 635
632 636
632 637
629 638
636 639
637 640
637 641
637 642
635 643
635 644
634 645
637 646
634 647
635 648
636 649
631 650
629 651
636 652
634 653
634 654
633 655
632 656
635 657
635 658
630 659
632 660
633 661
629 662
623 663
628 664
629 665
630 666
627 667
625 668
626 669
625 670
622 671
621 672
624 673
623 674
626 675
625 676
622 677
625 678
621 679
621 680
623 681
619 682
615 683
612 684
621 685
623 686
620 687
619 688
622 689
612 690
610 691
609 692
617 693
621 694
611 695
618 696
617 697
617 698
616 699
606 700
608 701
617 702
605 703
600 704
602 705
601 706
606 707
616 708
616 709
616 710
605 711
598 712
595 713
590 714
595 715
596 716
592 717
600 718
602 719
