639 0
639 1
639 2
639 3
639 4
639 5
639 6
639 7
639 8
639 9
639 10
639 11
639 12
639 13
639 14
639 15
639 16
639 17
639 18
639 19
639 20
639 21
639 22
639 23
639 24
639 25
639 26
639 27
639 28
639 29
639 30
639 31
639 32
639 33
639 34
639 35
639 36
639 37
639 38
639 39
639 40
639 41
639 42
639 43
639 44
639 45
639 46
639 47
639 48
639 49
639 50
639 51
639 52
639 53
639 54
639 55
639 56
639 57
639 58
639 59
639 60
639 61
639 62
639 63
639 64
639 65
639 66
639 67
639 68
639 69
639 70
639 71
639 72
639 73
639 74
639 75
639 76
639 77
639 78
639 79
639 80
639 81
639 82
639 83
639 84
639 85
639 86
639 87
639 88
639 89
639 90
639 91
639 92
641 93
642 94
643 95
643 96
652 97
660 98
662 99
669 100
668 101
667 102
673 103
679 104
692 105
696 106
692 107
697 108
702 109
710 110
714 111
721 112
717 113
720 114
729 115
734 116
738 117
748 118
747 119
751 120
754 121
760 122
768 123
768 124
769 125
774 126
785 127
787 128
790 129
791 130
799 131
808 132
815 133
815 134
819 135
831 136
849 137
869 138
870 139
875 140
875 141
877 142
874 143
878 144
882 145
886 146
890 147
893 148
894 149
897 150
898 151
898 152
900 153
906 154
909 155
911 156
912 157
914 158
913 159
914 160
918 161
923 162
927 163
935 164
937 165
937 166
942 167
944 168
947 169
948 170
947 171
948 172
953 173
956 174
964 175
968 176
985 177
996 178
999 179
1008 180
1007 181
1010 182
1011 183
1016 184
1015 185
1015 186
1017 187
1022 188
1025 189
1026 190
1028 191
1024 192
1040 193
1049 194
1054 195
1055 196
1055 197
1058 198
1070 199
1081 200
1095 201
1105 202
1108 203
1116 204
1122 205
1124 206
1129 207
1131 208
1136 209
1138 210
1152 211
1153 212
1152 213
1159 214
1164 215
1173 216
1168 217
1173 218
1173 219
1175 220
1175 221
1176 222
1184 223
1190 224
1190 225
1189 226
1192 227
1199 228
1202 229
1205 230
1208 231
1209 232
1216 233
1213 234
1214 235
1227 236
1231 237
1235 238
1230 239
1232 240
1246 241
1210 242
1205 243
1229 244
1176 245
1235 246
1268 247
1231 248
1275 249
1279 252
960 255
1156 256
1221 264
902 266
902 267
902 268
903 269
903 270
904 271
907 272
1264 279
1000 280
1215 292
0 305
6 306
7 307
11 308
16 309
39 310
22 311
28 312
30 313
34 314
38 315
41 316
42 317
45 318
89 319
75 320
76 321
83 322
69 323
64 324
66 325
90 326
97 327
88 328
95 329
83 330
80 331
75 332
78 333
76 334
84 335
87 336
89 337
94 338
97 339
105 340
157 341
175 342
184 343
191 344
201 345
203 346
201 347
204 348
207 349
211 350
215 351
214 352
215 353
217 354
218 355
219 356
221 357
222 358
228 359
231 360
234 361
237 362
243 363
250 364
253 365
256 366
258 367
260 368
262 369
266 370
268 371
270 372
272 373
272 374
275 375
278 376
283 377
287 378
286 379
288 380
290 381
291 382
296 383
297 384
302 385
306 386
309 387
311 388
311 389
313 390
317 391
320 392
321 393
321 394
313 395
317 396
327 397
327 398
328 399
326 400
333 401
332 402
332 403
331 404
332 405
333 406
334 407
334 408
334 409
334 410
340 411
341 412
341 413
343 414
344 415
345 416
343 417
347 418
347 419
350 420
351 421
356 422
357 423
362 424
364 425
365 426
381 427
401 428
417 429
430 430
433 431
450 432
467 433
482 434
493 435
499 436
508 437
515 438
530 439
530 440
542 441
550 442
552 443
560 444
561 445
562 446
564 447
573 448
577 449
574 450
570 451
572 452
572 453
568 454
566 455
571 456
569 457
568 458
567 459
567 460
568 461
572 462
573 463
577 464
579 465
580 466
581 467
580 468
581 469
583 470
585 471
591 472
593 473
594 474
592 475
598 476
601 477
602 478
595 479
592 480
593 481
594 482
599 483
601 484
599 485
598 486
594 487
595 488
597 489
598 490
600 491
602 492
602 493
602 494
600 495
599 496
600 497
600 498
602 499
603 500
603 501
602 502
602 503
605 504
606 505
603 506
605 507
607 508
607 509
608 510
607 511
608 512
609 513
609 514
609 515
611 516
611 517
615 518
615 519
617 520
616 521
615 522
616 523
614 524
616 525
618 526
616 527
618 528
616 529
617 530
617 531
618 532
619 533
620 534
619 535
618 536
618 537
616 538
614 539
615 540
614 541
614 542
615 543
617 544
616 545
616 546
617 547
617 548
619 549
620 550
619 551
620 552
621 553
621 554
622 555
622 556
624 557
628 558
628 559
628 560
630 561
630 562
632 563
634 564
635 565
635 566
635 567
636 568
637 569
635 570
636 571
636 572
637 573
637 574
637 575
637 576
637 577
637 578
637 579
637 580
638 581
638 582
634 583
637 584
638 585
637 586
638 587
637 588
637 589
636 590
635 591
635 592
635 593
636 594
633 595
635 596
636 597
637 598
636 599
634 600
636 601
635 602
634 603
637 604
638 605
637 606
633 607
635 608
637 609
638 610
638 611
636 612
637 613
637 614
636 615
637 616
637 617
637 618
638 619
637 620
637 621
637 622
636 623
637 624
637 625
636 626
635 627
637 628
636 629
637 630
637 631
636 632
636 633
633 634
633 635
630 636
627 637
630 638
635 639
637 640
638 641
638 642
637 643
636 644
636 645
637 646
633 647
636 648
636 649
632 650
631 651
635 652
635 653
635 654
632 655
634 656
631 657
630 658
632 659
634 660
633 661
630 662
627 663
630 664
628 665
628 666
631 667
627 668
622 669
626 670
622 671
621 672
622 673
624 674
625 675
627 676
622 677
623 678
623 679
623 680
618 681
617 682
619 683
619 684
616 685
616 686
618 687
620 688
622 689
619 690
613 691
610 692
600 693
596 694
603 695
620 696
614 697
602 698
607 699
607 700
612 701
611 702
609 703
603 704
603 705
599 706
600 707
603 708
601 709
604 710
600 711
604 712
604 713
597 714
602 715
597 716
593 717
591 718
600 719
