639 0
639 1
639 2
639 3
639 4
639 5
639 6
639 7
639 8
639 9
639 10
639 11
639 12
639 13
639 14
639 15
639 16
639 17
639 18
639 19
639 20
639 21
639 22
639 23
639 24
639 25
639 26
639 27
639 28
639 29
639 30
639 31
639 32
639 33
639 34
639 35
639 36
639 37
639 38
639 39
639 40
639 41
639 42
639 43
639 44
639 45
639 46
639 47
639 48
639 49
639 50
639 51
639 52
639 53
639 54
639 55
639 56
639 57
639 58
639 59
639 60
639 61
639 62
639 63
639 64
639 65
639 66
639 67
639 68
639 69
639 70
639 71
639 72
639 73
639 74
639 75
639 76
639 77
639 78
639 79
639 80
639 81
639 82
639 83
639 84
639 85
639 86
639 87
639 88
639 89
639 90
639 91
639 92
640 93
643 94
642 95
643 96
649 97
660 98
663 99
672 100
668 101
662 102
670 103
683 104
695 105
695 106
692 107
700 108
705 109
712 110
716 111
722 112
723 113
729 114
725 115
725 116
735 117
741 118
746 119
752 120
758 121
765 122
768 123
768 124
769 125
778 126
789 127
788 128
787 129
792 130
807 131
813 132
818 133
816 134
823 135
831 136
852 137
869 138
871 139
876 140
873 141
874 142
875 143
877 144
881 145
885 146
889 147
891 148
894 149
897 150
898 151
897 152
901 153
905 154
908 155
906 156
910 157
912 158
915 159
916 160
919 161
920 162
927 163
936 164
937 165
940 166
940 167
945 168
948 169
949 170
947 171
951 172
954 173
958 174
963 175
968 176
987 177
1000 178
1002 179
1009 180
1009 181
1010 182
1010 183
1014 184
1016 185
1016 186
1018 187
1020 188
1023 189
1025 190
1026 191
1027 192
1043 193
1048 194
1055 195
1056 196
1055 197
1056 198
1068 199
1076 200
1091 201
1103 202
1109 203
1116 204
1122 205
1126 206
1128 207
1131 208
1142 209
1140 210
1153 211
1153 212
1152 213
1154 214
1160 215
1173 216
1174 217
1174 218
1174 219
1176 220
1177 221
1178 222
1185 223
1188 224
1186 225
1184 226
1189 227
1199 228
1203 229
1208 230
1210 231
1209 232
1217 233
1221 234
1223 235
1228 236
1227 237
1232 238
1213 239
1207 240
1209 241
1192 242
1239 243
1264 244
1265 245
1212 246
1216 247
1245 248
1268 249
936 250
1060 251
1106 252
1183 254
1142 255
760 256
1231 257
1231 258
1158 259
1115 264
1251 266
1260 267
917 268
984 271
962 272
906 273
1264 275
1271 278
1032 279
1271 280
1214 290
1272 299
1029 304
271 305
72 306
7 307
9 308
16 309
22 310
23 311
27 312
31 313
34 314
37 315
42 316
42 317
44 318
67 319
101 320
68 321
54 322
55 323
89 324
104 325
104 326
99 327
105 328
83 329
93 330
99 331
90 332
91 333
74 334
83 335
90 336
94 337
102 338
106 339
109 340
163 341
176 342
182 343
193 344
194 345
199 346
202 347
206 348
209 349
209 350
210 351
214 352
215 353
216 354
218 355
220 356
220 357
222 358
226 359
228 360
232 361
238 362
245 363
249 364
254 365
257 366
259 367
260 368
263 369
264 370
266 371
271 372
273 373
274 374
275 375
277 376
282 377
285 378
289 379
289 380
291 381
297 382
301 383
305 384
305 385
307 386
311 387
316 388
314 389
316 390
316 391
314 392
317 393
318 394
322 395
325 396
326 397
328 398
331 399
326 400
326 401
330 402
331 403
330 404
333 405
334 406
335 407
340 408
337 409
339 410
342 411
340 412
338 413
343 414
346 415
349 416
349 417
351 418
349 419
349 420
349 421
358 422
362 423
361 424
360 425
377 426
389 427
408 428
421 429
427 430
436 431
450 432
463 433
477 434
488 435
499 436
514 437
524 438
527 439
533 440
536 441
542 442
552 443
567 444
560 445
559 446
555 447
566 448
576 449
573 450
564 451
572 452
579 453
577 454
567 455
562 456
565 457
568 458
567 459
569 460
567 461
573 462
575 463
578 464
577 465
579 466
582 467
582 468
579 469
587 470
594 471
588 472
591 473
589 474
590 475
597 476
597 477
598 478
592 479
598 480
597 481
598 482
596 483
601 484
602 485
602 486
598 487
599 488
599 489
601 490
603 491
603 492
603 493
601 494
600 495
602 496
602 497
603 498
602 499
601 500
601 501
602 502
599 503
602 504
603 505
603 506
603 507
604 508
604 509
607 510
607 511
610 512
608 513
609 514
608 515
611 516
613 517
613 518
612 519
615 520
619 521
616 522
614 523
615 524
616 525
616 526
620 527
618 528
618 529
618 530
619 531
619 532
618 533
618 534
617 535
617 536
618 537
615 538
614 539
615 540
615 541
614 542
616 543
614 544
616 545
614 546
615 547
618 548
618 549
620 550
619 551
619 552
620 553
620 554
621 555
622 556
625 557
629 558
629 559
630 560
633 561
633 562
633 563
634 564
634 565
634 566
634 567
636 568
637 569
636 570
637 571
636 572
637 573
637 574
637 575
637 576
637 577
638 578
636 579
637 580
637 581
637 582
637 583
637 584
637 585
637 586
635 587
636 588
636 589
637 590
636 591
637 592
636 593
636 594
636 595
637 596
636 597
635 598
635 599
637 600
636 601
635 602
632 603
634 604
634 605
635 606
637 607
635 608
637 609
638 610
637 611
637 612
637 613
637 614
637 615
638 616
636 617
637 618
637 619
636 620
636 621
637 622
635 623
638 624
638 625
637 626
638 627
636 628
636 629
638 630
638 631
637 632
634 633
634 634
631 635
633 636
631 637
633 638
636 639
636 640
634 641
635 642
635 643
637 644
638 645
637 646
634 647
634 648
635 649
637 650
636 651
634 652
635 653
634 654
631 655
632 656
633 657
634 658
632 659
633 660
635 661
633 662
627 663
623 664
625 665
625 666
627 667
630 668
627 669
626 670
623 671
624 672
627 673
628 674
623 675
616 676
619 677
623 678
621 679
621 680
623 681
621 682
615 683
614 684
619 685
618 686
619 687
619 688
619 689
619 690
618 691
609 692
607 693
616 694
615 695
608 696
606 697
611 698
617 699
621 700
622 701
617 702
611 703
609 704
609 705
606 706
605 707
605 708
612 709
612 710
601 711
599 712
600 713
603 714
609 715
597 716
594 717
599 718
606 719
