639 0
639 1
639 2
639 3
639 4
639 5
639 6
639 7
639 8
639 9
639 10
639 11
639 12
639 13
639 14
639 15
639 16
639 17
639 18
639 19
639 20
639 21
639 22
639 23
639 24
639 25
639 26
639 27
639 28
639 29
639 30
639 31
639 32
639 33
639 34
639 35
639 36
639 37
639 38
639 39
639 40
639 41
639 42
639 43
639 44
639 45
639 46
639 47
639 48
639 49
639 50
639 51
639 52
639 53
639 54
639 55
639 56
639 57
639 58
639 59
639 60
639 61
639 62
639 63
639 64
639 65
639 66
639 67
639 68
639 69
639 70
639 71
639 72
639 73
639 74
639 75
639 76
639 77
639 78
639 79
639 80
639 81
639 82
639 83
639 84
639 85
639 86
639 87
639 88
639 89
639 90
639 91
639 92
640 93
641 94
643 95
650 96
654 97
661 98
663 99
671 100
669 101
669 102
671 103
675 104
686 105
696 106
703 107
700 108
703 109
714 110
720 111
718 112
718 113
721 114
727 115
735 116
740 117
748 118
748 119
754 120
758 121
760 122
768 123
768 124
770 125
776 126
785 127
788 128
789 129
796 130
806 131
812 132
816 133
816 134
828 135
835 136
854 137
866 138
867 139
871 140
875 141
876 142
876 143
875 144
880 145
887 146
889 147
893 148
895 149
898 150
898 151
899 152
902 153
907 154
910 155
911 156
912 157
913 158
915 159
917 160
920 161
926 162
932 163
935 164
938 165
940 166
941 167
944 168
945 169
947 170
949 171
949 172
953 173
956 174
961 175
966 176
986 177
999 178
1002 179
1006 180
1012 181
1011 182
1012 183
1015 184
1014 185
1015 186
1017 187
1019 188
1020 189
1026 190
1024 191
1025 192
1043 193
1051 194
1054 195
1055 196
1055 197
1058 198
1070 199
1079 200
1095 201
1102 202
1109 203
1118 204
1123 205
1124 206
1129 207
1132 208
1141 209
1142 210
1153 211
1154 212
1151 213
1153 214
1161 215
1174 216
1173 217
1171 218
1173 219
1176 220
1177 221
1179 222
1180 223
1177 224
1186 225
1192 226
1197 227
1195 228
1203 229
1197 230
1206 231
1211 232
1216 233
1221 234
1226 235
1226 236
1222 237
1223 238
1212 239
1181 240
1196 241
1202 242
1209 243
1233 244
1161 245
1260 246
1237 247
1168 248
1266 249
1267 250
1183 251
1279 252
892 253
1193 254
1194 255
1160 256
1183 257
764 258
1199 259
783 262
911 263
1237 264
1087 265
1134 266
1087 267
903 268
870 269
905 270
966 271
1256 274
1255 279
1080 288
1190 289
1219 290
1189 291
972 294
1194 296
1199 297
403 304
269 305
4 306
10 307
12 308
15 309
19 310
25 311
28 312
30 313
32 314
37 315
41 316
57 317
45 318
48 319
77 320
85 321
79 322
72 323
77 324
83 325
99 326
112 327
113 328
106 329
107 330
87 331
82 332
78 333
81 334
90 335
98 336
94 337
89 338
93 339
96 340
163 341
172 342
183 343
194 344
196 345
197 346
204 347
204 348
207 349
209 350
214 351
217 352
215 353
217 354
218 355
222 356
222 357
222 358
224 359
229 360
234 361
237 362
245 363
252 364
254 365
257 366
259 367
261 368
263 369
265 370
267 371
270 372
273 373
273 374
276 375
278 376
285 377
286 378
289 379
290 380
292 381
294 382
299 383
300 384
302 385
305 386
305 387
309 388
312 389
314 390
316 391
316 392
314 393
316 394
316 395
320 396
322 397
325 398
322 399
327 400
327 401
326 402
328 403
331 404
328 405
329 406
335 407
334 408
336 409
338 410
339 411
341 412
343 413
343 414
344 415
346 416
349 417
348 418
349 419
349 420
350 421
357 422
360 423
363 424
360 425
362 426
381 427
401 428
419 429
432 430
438 431
452 432
467 433
480 434
492 435
505 436
518 437
520 438
527 439
531 440
533 441
535 442
551 443
552 444
553 445
554 446
566 447
561 448
571 449
577 450
583 451
576 452
576 453
572 454
568 455
564 456
565 457
568 458
572 459
570 460
573 461
578 462
575 463
578 464
578 465
581 466
581 467
577 468
581 469
587 470
584 471
590 472
589 473
591 474
592 475
592 476
597 477
599 478
595 479
599 480
597 481
599 482
594 483
601 484
601 485
601 486
598 487
601 488
600 489
600 490
604 491
603 492
603 493
602 494
602 495
601 496
599 497
599 498
599 499
599 500
600 501
601 502
601 503
603 504
603 505
604 506
605 507
606 508
606 509
607 510
606 511
608 512
609 513
610 514
608 515
611 516
611 517
613 518
615 519
615 520
614 521
615 522
615 523
616 524
616 525
615 526
617 527
617 528
617 529
618 530
619 531
619 532
619 533
617 534
615 535
615 536
616 537
613 538
615 539
614 540
614 541
614 542
615 543
615 544
615 545
617 546
618 547
618 548
619 549
619 550
618 551
619 552
620 553
620 554
620 555
623 556
625 557
628 558
629 559
630 560
631 561
633 562
634 563
634 564
634 565
635 566
635 567
636 568
636 569
637 570
636 571
636 572
637 573
637 574
636 575
636 576
638 577
638 578
637 579
637 580
637 581
637 582
636 583
636 584
637 585
637 586
637 587
636 588
638 589
638 590
636 591
636 592
636 593
636 594
635 595
635 596
636 597
637 598
636 599
635 600
637 601
638 602
637 603
636 604
636 605
635 606
635 607
637 608
636 609
636 610
637 611
638 612
638 613
636 614
635 615
636 616
637 617
637 618
637 619
637 620
637 621
637 622
637 623
637 624
635 625
636 626
638 627
637 628
635 629
635 630
637 631
634 632
637 633
637 634
634 635
632 636
632 637
632 638
634 639
634 640
637 641
634 642
634 643
637 644
637 645
637 646
634 647
634 648
635 649
635 650
633 651
636 652
633 653
631 654
630 655
629 656
632 657
631 658
631 659
633 660
631 661
630 662
623 663
627 664
630 665
630 666
629 667
628 668
627 669
628 670
624 671
616 672
624 673
625 674
623 675
623 676
620 677
619 678
620 679
617 680
623 681
623 682
620 683
615 684
611 685
614 686
616 687
619 688
616 689
616 690
615 691
607 692
617 693
620 694
616 695
609 696
611 697
608 698
614 699
613 700
613 701
613 702
609 703
610 704
615 705
609 706
609 707
614 708
615 709
614 710
597 711
600 712
600 713
600 714
595 715
590 716
589 717
594 718
598 719
