639 0
639 1
639 2
639 3
639 4
639 5
639 6
639 7
639 8
639 9
639 10
639 11
639 12
639 13
639 14
639 15
639 16
639 17
639 18
639 19
639 20
639 21
639 22
639 23
639 24
639 25
639 26
639 27
639 28
639 29
639 30
639 31
639 32
639 33
639 34
639 35
639 36
639 37
639 38
639 39
639 40
639 41
639 42
639 43
639 44
639 45
639 46
639 47
639 48
639 49
639 50
639 51
639 52
639 53
639 54
639 55
639 56
639 57
639 58
639 59
639 60
639 61
639 62
639 63
639 64
639 65
639 66
639 67
639 68
639 69
639 70
639 71
639 72
639 73
639 74
639 75
639 76
639 77
639 78
639 79
639 80
639 81
639 82
639 83
639 84
639 85
639 86
639 87
639 88
639 89
639 90
639 91
639 92
640 93
641 94
643 95
647 96
654 97
663 98
664 99
665 100
670 101
668 102
666 103
681 104
688 105
698 106
702 107
699 108
706 109
711 110
719 111
725 112
725 113
725 114
726 115
734 116
742 117
747 118
748 119
746 120
754 121
763 122
771 123
770 124
772 125
775 126
786 127
790 128
793 129
794 130
806 131
814 132
814 133
817 134
824 135
835 136
845 137
869 138
870 139
870 140
874 141
876 142
874 143
877 144
879 145
884 146
889 147
891 148
894 149
896 150
899 151
900 152
902 153
906 154
908 155
913 156
912 157
914 158
913 159
916 160
918 161
920 162
924 163
934 164
935 165
935 166
940 167
943 168
947 169
948 170
948 171
948 172
954 173
956 174
961 175
967 176
983 177
996 178
1002 179
1010 180
1010 181
1010 182
1012 183
1011 184
1013 185
1015 186
1016 187
1018 188
1022 189
1025 190
1025 191
1026 192
1043 193
1048 194
1055 195
1056 196
1053 197
1054 198
1067 199
1074 200
1090 201
1103 202
1109 203
1117 204
1120 205
1125 206
1128 207
1132 208
1139 209
1143 210
1153 211
1150 212
1151 213
1155 214
1163 215
1169 216
1173 217
1175 218
1172 219
1173 220
1177 221
1178 222
1185 223
1185 224
1189 225
1190 226
1194 227
1199 228
1204 229
1201 230
1206 231
1209 232
1212 233
1217 234
1223 235
1221 236
1229 237
1234 238
1229 239
1206 240
1203 241
1200 242
1213 243
1234 244
1204 245
1266 246
1141 247
1231 248
1269 249
1270 250
763 252
1170 254
1035 255
759 256
1151 260
882 261
1081 263
1096 264
1068 266
898 267
898 268
898 269
905 270
907 271
901 272
1214 287
970 296
1 305
3 306
7 307
12 308
12 309
20 310
24 311
28 312
30 313
32 314
38 315
50 316
43 317
65 318
83 319
77 320
77 321
91 322
91 323
76 324
83 325
98 326
119 327
80 328
80 329
66 330
81 331
83 332
72 333
74 334
77 335
82 336
84 337
88 338
96 339
95 340
146 341
175 342
181 343
191 344
193 345
197 346
201 347
203 348
206 349
209 350
212 351
214 352
214 353
217 354
218 355
219 356
220 357
222 358
224 359
229 360
233 361
237 362
243 363
250 364
254 365
257 366
258 367
261 368
263 369
264 370
267 371
269 372
270 373
272 374
274 375
277 376
279 377
283 378
283 379
288 380
297 381
298 382
300 383
301 384
301 385
302 386
307 387
309 388
309 389
311 390
315 391
316 392
316 393
315 394
318 395
318 396
324 397
324 398
320 399
328 400
332 401
329 402
327 403
332 404
333 405
330 406
329 407
330 408
337 409
338 410
338 411
342 412
341 413
342 414
344 415
347 416
345 417
346 418
347 419
347 420
351 421
355 422
358 423
355 424
364 425
364 426
383 427
409 428
424 429
431 430
430 431
457 432
471 433
481 434
487 435
499 436
510 437
514 438
522 439
535 440
536 441
545 442
552 443
553 444
555 445
560 446
562 447
568 448
573 449
582 450
580 451
568 452
573 453
570 454
560 455
572 456
572 457
566 458
565 459
569 460
569 461
574 462
576 463
574 464
576 465
579 466
580 467
584 468
583 469
583 470
582 471
591 472
589 473
592 474
588 475
595 476
595 477
599 478
598 479
602 480
600 481
599 482
596 483
597 484
598 485
599 486
599 487
600 488
601 489
602 490
601 491
603 492
602 493
603 494
602 495
601 496
598 497
599 498
602 499
600 500
601 501
601 502
601 503
600 504
603 505
602 506
604 507
606 508
606 509
604 510
607 511
609 512
608 513
609 514
610 515
612 516
614 517
615 518
615 519
615 520
616 521
616 522
616 523
615 524
616 525
615 526
614 527
618 528
617 529
617 530
618 531
618 532
618 533
619 534
618 535
617 536
616 537
616 538
614 539
614 540
614 541
615 542
612 543
616 544
616 545
616 546
618 547
619 548
619 549
619 550
618 551
620 552
619 553
620 554
620 555
624 556
627 557
628 558
628 559
630 560
631 561
632 562
634 563
635 564
633 565
633 566
634 567
636 568
636 569
636 570
636 571
636 572
637 573
637 574
637 575
637 576
637 577
637 578
636 579
637 580
638 581
637 582
637 583
637 584
637 585
637 586
637 587
637 588
637 589
637 590
635 591
634 592
636 593
634 594
635 595
635 596
636 597
636 598
635 599
635 600
636 601
635 602
637 603
636 604
636 605
635 606
634 607
635 608
637 609
637 610
636 611
636 612
638 613
637 614
635 615
637 616
638 617
638 618
637 619
636 620
636 621
637 622
636 623
638 624
637 625
637 626
637 627
636 628
637 629
637 630
636 631
636 632
636 633
637 634
637 635
634 636
631 637
633 638
633 639
635 640
636 641
635 642
634 643
637 644
637 645
637 646
634 647
636 648
633 649
635 650
637 651
634 652
633 653
634 654
633 655
631 656
632 657
631 658
631 659
634 660
634 661
632 662
628 663
622 664
624 665
624 666
628 667
626 668
627 669
627 670
626 671
623 672
624 673
627 674
625 675
624 676
623 677
624 678
618 679
621 680
625 681
621 682
625 683
623 684
618 685
616 686
619 687
623 688
624 689
614 690
613 691
615 692
613 693
610 694
614 695
614 696
615 697
609 698
611 699
606 700
607 701
612 702
613 703
609 704
614 705
613 706
607 707
611 708
615 709
608 710
594 711
603 712
599 713
596 714
605 715
596 716
593 717
598 718
601 719
