639 0
639 1
639 2
639 3
639 4
639 5
639 6
639 7
639 8
639 9
639 10
639 11
639 12
639 13
639 14
639 15
639 16
639 17
639 18
639 19
639 20
639 21
639 22
639 23
639 24
639 25
639 26
639 27
639 28
639 29
639 30
639 31
639 32
639 33
639 34
639 35
639 36
639 37
639 38
639 39
639 40
639 41
639 42
639 43
639 44
639 45
639 46
639 47
639 48
639 49
639 50
639 51
639 52
639 53
639 54
639 55
639 56
639 57
639 58
639 59
639 60
639 61
639 62
639 63
639 64
639 65
639 66
639 67
639 68
639 69
639 70
639 71
639 72
639 73
639 74
639 75
639 76
639 77
639 78
639 79
639 80
639 81
639 82
639 83
639 84
639 85
639 86
639 87
639 88
639 89
639 90
639 91
639 92
640 93
640 94
642 95
647 96
650 97
657 98
664 99
667 100
667 101
667 102
673 103
676 104
689 105
695 106
699 107
700 108
703 109
709 110
719 111
721 112
719 113
718 114
724 115
729 116
737 117
743 118
744 119
748 120
755 121
761 122
770 123
769 124
771 125
775 126
781 127
787 128
788 129
793 130
800 131
808 132
812 133
822 134
820 135
828 136
844 137
864 138
866 139
872 140
874 141
875 142
871 143
876 144
879 145
883 146
888 147
893 148
894 149
895 150
898 151
900 152
903 153
905 154
909 155
912 156
912 157
913 158
914 159
914 160
919 161
924 162
925 163
934 164
937 165
938 166
942 167
943 168
946 169
948 170
949 171
949 172
952 173
956 174
962 175
961 176
977 177
995 178
1003 179
1008 180
1012 181
1010 182
1008 183
1012 184
1015 185
1017 186
1018 187
1019 188
1023 189
1026 190
1026 191
1025 192
1038 193
1047 194
1055 195
1055 196
1053 197
1056 198
1066 199
1075 200
1094 201
1106 202
1104 203
1111 204
1121 205
1125 206
1128 207
1130 208
1139 209
1146 210
1151 211
1152 212
1152 213
1152 214
1156 215
1169 216
1176 217
1175 218
1169 219
1175 220
1177 221
1177 222
1187 223
1189 224
1187 225
1190 226
1194 227
1198 228
1198 229
1198 230
1194 231
1207 232
1215 233
1209 234
1223 235
1228 236
1225 237
1237 238
1225 239
1202 240
1219 241
1214 242
1213 243
1226 244
1257 245
1274 246
1239 247
1264 248
1268 249
1189 250
863 251
764 252
791 253
762 254
955 261
1207 263
1154 264
901 265
932 266
1151 267
898 268
898 269
863 270
1088 271
903 272
903 273
1255 274
1272 280
1200 284
972 301
4 306
7 307
11 308
14 309
15 310
22 311
27 312
29 313
34 314
38 315
39 316
54 317
55 318
47 319
76 320
69 321
70 322
77 323
76 324
77 325
78 326
98 327
68 328
76 329
91 330
114 331
104 332
85 333
87 334
100 335
97 336
84 337
86 338
112 339
123 340
148 341
174 342
195 343
187 344
197 345
200 346
204 347
203 348
208 349
211 350
211 351
212 352
215 353
216 354
220 355
221 356
222 357
223 358
224 359
227 360
231 361
237 362
243 363
250 364
254 365
256 366
259 367
263 368
262 369
264 370
266 371
267 372
273 373
273 374
275 375
276 376
281 377
285 378
286 379
288 380
290 381
293 382
297 383
298 384
304 385
305 386
308 387
313 388
309 389
308 390
310 391
316 392
318 393
324 394
320 395
320 396
322 397
323 398
322 399
322 400
322 401
327 402
332 403
336 404
334 405
334 406
331 407
337 408
337 409
337 410
338 411
339 412
341 413
341 414
341 415
345 416
345 417
346 418
345 419
345 420
345 421
352 422
355 423
357 424
358 425
365 426
386 427
409 428
417 429
426 430
429 431
446 432
463 433
476 434
489 435
495 436
508 437
519 438
523 439
521 440
538 441
542 442
546 443
558 444
561 445
566 446
566 447
562 448
577 449
574 450
575 451
583 452
578 453
574 454
572 455
574 456
572 457
573 458
571 459
570 460
570 461
574 462
572 463
576 464
582 465
578 466
581 467
587 468
586 469
585 470
585 471
588 472
591 473
590 474
590 475
592 476
597 477
599 478
595 479
600 480
600 481
599 482
598 483
598 484
597 485
597 486
597 487
599 488
599 489
601 490
601 491
603 492
602 493
603 494
599 495
600 496
599 497
600 498
600 499
601 500
601 501
600 502
602 503
603 504
604 505
603 506
605 507
606 508
607 509
606 510
608 511
609 512
610 513
608 514
610 515
613 516
613 517
614 518
617 519
617 520
616 521
615 522
615 523
615 524
615 525
615 526
618 527
618 528
619 529
618 530
620 531
620 532
618 533
617 534
617 535
616 536
616 537
616 538
615 539
614 540
615 541
616 542
617 543
617 544
617 545
617 546
617 547
618 548
618 549
618 550
619 551
621 552
620 553
620 554
622 555
623 556
626 557
628 558
628 559
631 560
630 561
631 562
633 563
634 564
632 565
635 566
636 567
635 568
636 569
636 570
637 571
636 572
636 573
637 574
636 575
636 576
637 577
637 578
637 579
638 580
637 581
638 582
637 583
637 584
637 585
637 586
637 587
636 588
636 589
637 590
635 591
637 592
636 593
634 594
635 595
637 596
637 597
638 598
636 599
637 600
637 601
637 602
636 603
635 604
636 605
637 606
636 607
637 608
637 609
637 610
638 611
637 612
637 613
638 614
634 615
637 616
638 617
638 618
638 619
637 620
634 621
637 622
635 623
637 624
638 625
638 626
636 627
635 628
637 629
636 630
636 631
635 632
636 633
637 634
636 635
631 636
630 637
632 638
632 639
635 640
637 641
637 642
637 643
636 644
635 645
636 646
635 647
636 648
637 649
636 650
632 651
633 652
636 653
637 654
634 655
630 656
633 657
633 658
634 659
634 660
633 661
633 662
630 663
622 664
626 665
628 666
627 667
625 668
626 669
625 670
624 671
622 672
625 673
623 674
621 675
620 676
620 677
622 678
623 679
623 680
624 681
625 682
619 683
620 684
621 685
620 686
618 687
615 688
623 689
619 690
616 691
616 692
618 693
620 694
617 695
617 696
614 697
606 698
612 699
616 700
609 701
611 702
609 703
613 704
608 705
601 706
615 707
617 708
608 709
603 710
612 711
604 712
602 713
599 714
604 715
591 716
591 717
595 718
605 719
