639 0
639 1
639 2
639 3
639 4
639 5
639 6
639 7
639 8
639 9
639 10
639 11
639 12
639 13
639 14
639 15
639 16
639 17
639 18
639 19
639 20
639 21
639 22
639 23
639 24
639 25
639 26
639 27
639 28
639 29
639 30
639 31
639 32
639 33
639 34
639 35
639 36
639 37
639 38
639 39
639 40
639 41
639 42
639 43
639 44
639 45
639 46
639 47
639 48
639 49
639 50
639 51
639 52
639 53
639 54
639 55
639 56
639 57
639 58
639 59
639 60
639 61
639 62
639 63
639 64
639 65
639 66
639 67
639 68
639 69
639 70
639 71
639 72
639 73
639 74
639 75
639 76
639 77
639 78
639 79
639 80
639 81
639 82
639 83
639 84
639 85
639 86
639 87
639 88
639 89
639 90
639 91
639 92
640 93
642 94
642 95
642 96
652 97
665 98
663 99
670 100
671 101
667 102
668 103
677 104
686 105
696 106
699 107
701 108
705 109
706 110
715 111
721 112
726 113
727 114
725 115
728 116
735 117
743 118
747 119
748 120
751 121
760 122
769 123
769 124
771 125
774 126
785 127
789 128
789 129
793 130
798 131
809 132
816 133
816 134
821 135
833 136
848 137
865 138
868 139
870 140
872 141
873 142
876 143
876 144
881 145
884 146
890 147
893 148
892 149
896 150
897 151
901 152
902 153
907 154
910 155
910 156
911 157
912 158
913 159
916 160
918 161
924 162
925 163
930 164
938 165
938 166
940 167
944 168
946 169
948 170
948 171
948 172
950 173
954 174
963 175
966 176
983 177
996 178
1002 179
1009 180
1010 181
1010 182
1012 183
1013 184
1013 185
1016 186
1016 187
1018 188
1021 189
1027 190
1026 191
1025 192
1042 193
1049 194
1055 195
1055 196
1055 197
1056 198
1067 199
1075 200
1088 201
1105 202
1106 203
1112 204
1121 205
1124 206
1128 207
1132 208
1134 209
1144 210
1152 211
1151 212
1153 213
1156 214
1160 215
1165 216
1171 217
1173 218
1172 219
1173 220
1173 221
1179 222
1188 223
1188 224
1186 225
1182 226
1196 227
1197 228
1202 229
1206 230
1206 231
1210 232
1218 233
1221 234
1222 235
1230 236
1230 237
1235 238
1215 239
1196 240
1171 241
1177 242
1202 243
1212 244
1222 245
1276 246
1180 247
1231 248
1276 249
1273 250
831 251
830 252
906 253
903 254
1266 261
1124 264
1073 265
1279 266
897 268
945 269
906 270
900 271
902 272
902 273
902 274
1070 275
1240 280
944 292
973 294
971 295
4 305
3 306
137 307
69 308
16 309
19 310
24 311
26 312
32 313
32 314
38 315
39 316
43 317
45 318
75 319
67 320
67 321
82 322
91 323
91 324
58 325
67 326
87 327
84 328
77 329
78 330
68 331
71 332
72 333
75 334
83 335
91 336
85 337
97 338
100 339
104 340
160 341
179 342
187 343
188 344
195 345
197 346
201 347
206 348
209 349
214 350
220 351
221 352
215 353
216 354
218 355
219 356
221 357
223 358
226 359
229 360
230 361
237 362
244 363
250 364
254 365
257 366
259 367
260 368
261 369
264 370
265 371
268 372
269 373
273 374
275 375
278 376
283 377
285 378
286 379
288 380
294 381
299 382
294 383
299 384
302 385
304 386
309 387
310 388
311 389
310 390
312 391
313 392
321 393
320 394
319 395
318 396
322 397
323 398
322 399
324 400
324 401
329 402
331 403
326 404
331 405
331 406
331 407
331 408
330 409
337 410
337 411
337 412
340 413
343 414
345 415
346 416
343 417
346 418
347 419
347 420
350 421
354 422
361 423
360 424
357 425
366 426
377 427
405 428
414 429
429 430
431 431
456 432
462 433
478 434
499 435
503 436
506 437
514 438
518 439
529 440
537 441
541 442
547 443
555 444
557 445
557 446
566 447
570 448
579 449
577 450
570 451
567 452
569 453
566 454
569 455
574 456
573 457
569 458
563 459
567 460
570 461
573 462
571 463
576 464
581 465
580 466
583 467
585 468
580 469
584 470
583 471
590 472
594 473
592 474
594 475
591 476
593 477
597 478
596 479
597 480
595 481
594 482
596 483
597 484
596 485
597 486
599 487
600 488
600 489
598 490
598 491
602 492
601 493
600 494
600 495
599 496
600 497
600 498
600 499
600 500
598 501
602 502
604 503
605 504
604 505
605 506
604 507
604 508
605 509
607 510
605 511
608 512
609 513
610 514
611 515
612 516
612 517
612 518
617 519
616 520
617 521
614 522
614 523
614 524
613 525
616 526
618 527
619 528
620 529
618 530
617 531
616 532
617 533
618 534
618 535
617 536
615 537
615 538
615 539
612 540
613 541
615 542
616 543
616 544
615 545
616 546
618 547
618 548
619 549
618 550
618 551
621 552
622 553
622 554
622 555
626 556
628 557
629 558
628 559
631 560
632 561
633 562
634 563
634 564
634 565
634 566
635 567
635 568
637 569
636 570
636 571
636 572
635 573
636 574
636 575
637 576
637 577
638 578
637 579
637 580
638 581
638 582
638 583
637 584
638 585
637 586
636 587
636 588
638 589
637 590
637 591
637 592
637 593
636 594
635 595
635 596
636 597
635 598
635 599
636 600
637 601
636 602
635 603
636 604
636 605
635 606
634 607
635 608
637 609
635 610
636 611
637 612
638 613
637 614
637 615
636 616
637 617
637 618
638 619
635 620
634 621
637 622
635 623
636 624
638 625
638 626
636 627
637 628
636 629
637 630
636 631
636 632
638 633
638 634
636 635
630 636
633 637
633 638
632 639
633 640
634 641
633 642
636 643
637 644
636 645
636 646
632 647
634 648
633 649
635 650
635 651
633 652
635 653
635 654
634 655
635 656
635 657
634 658
632 659
632 660
631 661
631 662
628 663
627 664
627 665
624 666
627 667
623 668
625 669
627 670
620 671
613 672
621 673
621 674
625 675
624 676
621 677
618 678
622 679
622 680
627 681
623 682
618 683
621 684
619 685
623 686
622 687
625 688
624 689
620 690
619 691
617 692
613 693
615 694
611 695
617 696
619 697
609 698
611 699
613 700
614 701
609 702
606 703
615 704
618 705
617 706
603 707
602 708
614 709
614 710
607 711
609 712
605 713
598 714
604 715
601 716
607 717
604 718
608 719
