639 0
639 1
639 2
639 3
639 4
639 5
639 6
639 7
639 8
639 9
639 10
639 11
639 12
639 13
639 14
639 15
639 16
639 17
639 18
639 19
639 20
639 21
639 22
639 23
639 24
639 25
639 26
639 27
639 28
639 29
639 30
639 31
639 32
639 33
639 34
639 35
639 36
639 37
639 38
639 39
639 40
639 41
639 42
639 43
639 44
639 45
639 46
639 47
639 48
639 49
639 50
639 51
639 52
639 53
639 54
639 55
639 56
639 57
639 58
639 59
639 60
639 61
639 62
639 63
639 64
639 65
639 66
639 67
639 68
639 69
639 70
639 71
639 72
639 73
639 74
639 75
639 76
639 77
639 78
639 79
639 80
639 81
639 82
639 83
639 84
639 85
639 86
639 87
639 88
639 89
639 90
639 91
639 92
640 93
641 94
643 95
645 96
648 97
657 98
660 99
664 100
667 101
670 102
669 103
674 104
692 105
701 106
695 107
697 108
702 109
706 110
715 111
724 112
721 113
723 114
726 115
729 116
740 117
743 118
749 119
749 120
757 121
760 122
768 123
770 124
769 125
773 126
783 127
785 128
789 129
792 130
800 131
808 132
809 133
818 134
822 135
838 136
851 137
868 138
873 139
871 140
872 141
874 142
876 143
874 144
879 145
884 146
889 147
891 148
893 149
898 150
898 151
898 152
903 153
907 154
910 155
912 156
910 157
912 158
915 159
917 160
917 161
919 162
926 163
934 164
937 165
939 166
940 167
947 168
946 169
949 170
950 171
949 172
950 173
956 174
960 175
966 176
978 177
992 178
1003 179
1008 180
1008 181
1011 182
1012 183
1014 184
1015 185
1015 186
1017 187
1019 188
1022 189
1026 190
1024 191
1025 192
1040 193
1048 194
1054 195
1056 196
1056 197
1056 198
1066 199
1080 200
1092 201
1102 202
1102 203
1110 204
1121 205
1125 206
1129 207
1131 208
1137 209
1146 210
1151 211
1155 212
1154 213
1154 214
1159 215
1169 216
1174 217
1176 218
1175 219
1175 220
1176 221
1178 222
1186 223
1187 224
1190 225
1191 226
1195 227
1199 228
1201 229
1206 230
1210 231
1209 232
1217 233
1220 234
1223 235
1229 236
1220 237
1227 238
1182 239
1186 240
1219 241
1203 242
1192 243
1237 244
1233 245
1242 246
1215 247
1260 248
1244 249
1141 250
760 252
850 253
760 254
1006 255
1170 256
962 257
1259 259
1175 261
1179 262
1209 263
894 264
894 265
895 266
865 267
865 268
899 269
946 270
964 271
898 272
903 276
903 277
1223 292
1195 296
796 304
266 305
5 306
8 307
47 308
45 309
20 310
22 311
27 312
29 313
30 314
37 315
39 316
43 317
77 318
66 319
89 320
101 321
73 322
75 323
76 324
79 325
80 326
93 327
75 328
93 329
106 330
83 331
70 332
72 333
76 334
78 335
92 336
85 337
87 338
99 339
106 340
150 341
173 342
181 343
185 344
192 345
198 346
199 347
203 348
207 349
209 350
212 351
212 352
217 353
219 354
217 355
219 356
220 357
221 358
224 359
227 360
232 361
237 362
243 363
251 364
253 365
256 366
257 367
262 368
263 369
265 370
268 371
268 372
270 373
272 374
276 375
279 376
281 377
282 378
286 379
288 380
290 381
292 382
292 383
298 384
302 385
303 386
306 387
311 388
312 389
312 390
318 391
318 392
316 393
319 394
319 395
316 396
323 397
330 398
323 399
331 400
329 401
325 402
323 403
328 404
332 405
332 406
331 407
332 408
333 409
336 410
338 411
340 412
343 413
344 414
345 415
344 416
344 417
345 418
350 419
351 420
350 421
353 422
355 423
357 424
356 425
359 426
381 427
405 428
419 429
428 430
442 431
456 432
468 433
490 434
499 435
498 436
506 437
515 438
517 439
521 440
542 441
539 442
533 443
547 444
566 445
564 446
576 447
573 448
580 449
582 450
580 451
578 452
573 453
571 454
569 455
575 456
572 457
569 458
570 459
572 460
573 461
571 462
573 463
580 464
581 465
582 466
584 467
581 468
582 469
584 470
589 471
588 472
588 473
588 474
587 475
595 476
598 477
599 478
596 479
599 480
598 481
597 482
599 483
596 484
594 485
599 486
600 487
601 488
601 489
601 490
601 491
602 492
601 493
601 494
600 495
599 496
600 497
600 498
600 499
602 500
602 501
602 502
603 503
604 504
604 505
605 506
604 507
606 508
605 509
606 510
610 511
609 512
609 513
609 514
612 515
613 516
614 517
616 518
618 519
615 520
615 521
615 522
614 523
616 524
615 525
615 526
616 527
617 528
618 529
620 530
618 531
620 532
618 533
617 534
617 535
617 536
615 537
616 538
617 539
615 540
614 541
615 542
617 543
616 544
616 545
617 546
618 547
619 548
620 549
620 550
620 551
621 552
622 553
621 554
623 555
629 556
629 557
630 558
631 559
630 560
631 561
632 562
634 563
633 564
635 565
636 566
636 567
637 568
637 569
636 570
637 571
637 572
637 573
637 574
637 575
637 576
638 577
638 578
637 579
637 580
637 581
637 582
638 583
637 584
636 585
637 586
636 587
636 588
637 589
638 590
636 591
637 592
637 593
637 594
636 595
637 596
638 597
637 598
635 599
635 600
636 601
637 602
637 603
638 604
636 605
636 606
635 607
637 608
637 609
637 610
637 611
636 612
637 613
638 614
638 615
638 616
638 617
638 618
636 619
635 620
637 621
638 622
636 623
636 624
638 625
637 626
636 627
637 628
636 629
636 630
635 631
634 632
637 633
636 634
635 635
630 636
631 637
632 638
631 639
634 640
635 641
636 642
635 643
635 644
633 645
637 646
635 647
636 648
635 649
632 650
633 651
633 652
635 653
633 654
634 655
634 656
634 657
635 658
636 659
633 660
631 661
630 662
624 663
625 664
626 665
626 666
627 667
624 668
627 669
628 670
622 671
617 672
625 673
625 674
623 675
623 676
617 677
617 678
615 679
623 680
620 681
621 682
620 683
619 684
617 685
618 686
622 687
620 688
623 689
617 690
610 691
616 692
618 693
614 694
619 695
615 696
618 697
611 698
604 699
611 700
611 701
619 702
619 703
615 704
619 705
612 706
603 707
606 708
616 709
609 710
600 711
604 712
595 713
599 714
596 715
590 716
592 717
593 718
603 719
