639 0
639 1
639 2
639 3
639 4
639 5
639 6
639 7
639 8
639 9
639 10
639 11
639 12
639 13
639 14
639 15
639 16
639 17
639 18
639 19
639 20
639 21
639 22
639 23
639 24
639 25
639 26
639 27
639 28
639 29
639 30
639 31
639 32
639 33
639 34
639 35
639 36
639 37
639 38
639 39
639 40
639 41
639 42
639 43
639 44
639 45
639 46
639 47
639 48
639 49
639 50
639 51
639 52
639 53
639 54
639 55
639 56
639 57
639 58
639 59
639 60
639 61
639 62
639 63
639 64
639 65
639 66
639 67
639 68
639 69
639 70
639 71
639 72
639 73
639 74
639 75
639 76
639 77
639 78
639 79
639 80
639 81
639 82
639 83
639 84
639 85
639 86
639 87
639 88
639 89
639 90
639 91
639 92
640 93
641 94
643 95
646 96
655 97
661 98
663 99
664 100
666 101
667 102
671 103
683 104
693 105
700 106
697 107
698 108
703 109
707 110
712 111
720 112
721 113
724 114
725 115
729 116
734 117
743 118
748 119
751 120
757 121
765 122
769 123
768 124
769 125
775 126
784 127
786 128
787 129
795 130
807 131
810 132
810 133
815 134
820 135
835 136
853 137
870 138
870 139
872 140
874 141
872 142
877 143
878 144
880 145
886 146
890 147
893 148
893 149
896 150
897 151
901 152
902 153
906 154
910 155
910 156
912 157
912 158
913 159
915 160
919 161
924 162
928 163
935 164
935 165
938 166
942 167
944 168
945 169
946 170
949 171
950 172
952 173
955 174
962 175
968 176
981 177
995 178
998 179
1009 180
1009 181
1008 182
1011 183
1010 184
1011 185
1013 186
1018 187
1021 188
1020 189
1024 190
1025 191
1024 192
1042 193
1050 194
1054 195
1056 196
1055 197
1058 198
1068 199
1076 200
1093 201
1105 202
1111 203
1116 204
1121 205
1126 206
1128 207
1132 208
1141 209
1146 210
1151 211
1153 212
1154 213
1158 214
1164 215
1170 216
1173 217
1175 218
1174 219
1174 220
1175 221
1178 222
1185 223
1179 224
1191 225
1191 226
1195 227
1199 228
1203 229
1206 230
1205 231
1213 232
1216 233
1217 234
1219 235
1223 236
1226 237
1214 238
1176 239
1207 240
1183 241
1179 242
1245 243
1260 244
1240 245
1258 246
1187 247
1252 248
1252 249
1258 250
1166 251
1093 252
869 253
853 254
975 255
1162 256
936 257
936 258
770 263
1162 264
1279 265
1020 266
990 267
951 268
898 269
905 270
1018 271
1121 279
1168 280
1160 282
1184 285
968 295
2 305
5 306
6 307
10 308
15 309
19 310
23 311
25 312
31 313
35 314
37 315
41 316
64 317
76 318
99 319
67 320
84 321
111 322
95 323
89 324
90 325
92 326
101 327
86 328
81 329
78 330
68 331
70 332
73 333
77 334
82 335
104 336
83 337
102 338
106 339
110 340
167 341
175 342
183 343
186 344
195 345
199 346
203 347
204 348
206 349
209 350
214 351
214 352
214 353
217 354
218 355
219 356
222 357
222 358
225 359
227 360
232 361
237 362
244 363
254 364
256 365
257 366
259 367
260 368
264 369
264 370
268 371
271 372
271 373
273 374
276 375
281 376
281 377
285 378
286 379
288 380
291 381
293 382
296 383
301 384
300 385
302 386
307 387
311 388
309 389
313 390
318 391
319 392
321 393
325 394
328 395
320 396
322 397
327 398
323 399
329 400
328 401
326 402
330 403
330 404
329 405
332 406
336 407
336 408
330 409
335 410
343 411
337 412
337 413
344 414
345 415
347 416
345 417
346 418
350 419
349 420
355 421
356 422
357 423
359 424
363 425
363 426
390 427
409 428
420 429
432 430
444 431
460 432
476 433
482 434
496 435
507 436
514 437
514 438
518 439
527 440
527 441
545 442
560 443
553 444
553 445
570 446
577 447
574 448
575 449
576 450
581 451
580 452
568 453
563 454
564 455
570 456
570 457
570 458
570 459
571 460
572 461
575 462
573 463
581 464
580 465
577 466
581 467
584 468
586 469
589 470
591 471
594 472
596 473
591 474
590 475
591 476
600 477
602 478
599 479
595 480
600 481
602 482
599 483
595 484
598 485
598 486
599 487
600 488
602 489
601 490
602 491
603 492
602 493
602 494
598 495
600 496
600 497
599 498
599 499
602 500
601 501
602 502
603 503
602 504
603 505
602 506
603 507
605 508
605 509
607 510
610 511
609 512
609 513
610 514
610 515
611 516
615 517
617 518
615 519
617 520
616 521
617 522
614 523
615 524
616 525
617 526
616 527
617 528
618 529
618 530
618 531
619 532
618 533
617 534
616 535
616 536
616 537
615 538
615 539
616 540
617 541
617 542
616 543
617 544
616 545
618 546
618 547
619 548
621 549
621 550
620 551
621 552
621 553
621 554
620 555
625 556
629 557
630 558
631 559
630 560
631 561
634 562
634 563
635 564
635 565
636 566
636 567
637 568
637 569
636 570
636 571
636 572
635 573
637 574
637 575
637 576
636 577
637 578
638 579
637 580
637 581
637 582
636 583
638 584
638 585
637 586
636 587
637 588
638 589
638 590
636 591
637 592
637 593
636 594
636 595
637 596
637 597
636 598
637 599
636 600
636 601
637 602
635 603
636 604
637 605
637 606
637 607
636 608
636 609
636 610
637 611
638 612
638 613
637 614
636 615
634 616
638 617
639 618
637 619
638 620
637 621
638 622
636 623
638 624
638 625
638 626
638 627
637 628
637 629
637 630
636 631
634 632
636 633
635 634
634 635
634 636
632 637
630 638
633 639
634 640
637 641
636 642
636 643
635 644
635 645
634 646
634 647
632 648
636 649
636 650
636 651
631 652
633 653
635 654
631 655
633 656
633 657
634 658
634 659
634 660
634 661
630 662
628 663
627 664
630 665
629 666
628 667
629 668
628 669
628 670
625 671
620 672
628 673
626 674
620 675
620 676
619 677
624 678
620 679
619 680
621 681
621 682
618 683
620 684
618 685
616 686
617 687
619 688
620 689
624 690
623 691
614 692
615 693
621 694
619 695
617 696
612 697
613 698
609 699
611 700
616 701
620 702
620 703
602 704
608 705
606 706
604 707
611 708
608 709
603 710
599 711
600 712
602 713
603 714
606 715
608 716
600 717
593 718
602 719
